10 0.376953125 0.0 0.54736328125 0.2998046875 0.734375 0.2861328125 0.79833984375 0.0
0 0.53759765625 0.3837890625 0.0 0.5712890625 0.0 0.9990234375 0.99951171875 0.9990234375 0.99951171875 0.4150390625
8 0.52978515625 0.0 0.53515625 0.0 0.53662109375 0.009765625 0.533203125 0.0146484375 0.5283203125 0.01953125 0.52294921875 0.021484375 0.51904296875 0.0234375 0.521484375 0.02734375 0.52197265625 0.0341796875 0.52001953125 0.0380859375 0.51904296875 0.0458984375 0.5234375 0.0390625 0.52734375 0.03515625 0.53125 0.0322265625 0.533203125 0.0322265625 0.533203125 0.0390625 0.533203125 0.0458984375 0.5341796875 0.046875 0.53759765625 0.046875 0.5380859375 0.052734375 0.53662109375 0.056640625 0.53564453125 0.0595703125 0.5390625 0.0595703125 0.54052734375 0.0625 0.5390625 0.0693359375 0.5390625 0.0732421875 0.537109375 0.0810546875 0.5361328125 0.0859375 0.54052734375 0.0849609375 0.5419921875 0.08203125 0.5517578125 0.072265625 0.55322265625 0.076171875 0.55224609375 0.0810546875 0.5498046875 0.0849609375 0.55419921875 0.08984375 0.5576171875 0.08984375 0.5576171875 0.091796875 0.55712890625 0.0947265625 0.5546875 0.095703125 0.552734375 0.1005859375 0.55029296875 0.10546875 0.55224609375 0.1064453125 0.55810546875 0.1005859375 0.56201171875 0.0966796875 0.56787109375 0.0966796875 0.5673828125 0.103515625 0.56787109375 0.109375 0.56640625 0.111328125 0.56396484375 0.111328125 0.5615234375 0.111328125 0.56298828125 0.115234375 0.56640625 0.1162109375 0.56640625 0.119140625 0.56640625 0.123046875 0.5634765625 0.123046875 0.56005859375 0.1220703125 0.55810546875 0.1220703125 0.55615234375 0.123046875 0.5595703125 0.1240234375 0.56005859375 0.1279296875 0.56005859375 0.1318359375 0.56201171875 0.1318359375 0.56396484375 0.1298828125 0.564453125 0.138671875 0.56396484375 0.140625 0.56298828125 0.1435546875 0.56103515625 0.1494140625 0.56201171875 0.1513671875 0.56201171875 0.15625 0.55712890625 0.158203125 0.5556640625 0.1630859375 0.55908203125 0.1650390625 0.564453125 0.1669921875 0.56689453125 0.16015625 0.5712890625 0.162109375 0.5712890625 0.166015625 0.57373046875 0.1650390625 0.5751953125 0.1640625 0.57568359375 0.158203125 0.57666015625 0.1513671875 0.57861328125 0.150390625 0.580078125 0.14453125 0.58349609375 0.146484375 0.58349609375 0.1494140625 0.5859375 0.1455078125 0.587890625 0.1416015625 0.58984375 0.1416015625 0.60546875 0.1416015625 0.57763671875 0.2333984375 0.5712890625 0.32421875 0.576171875 0.3662109375 0.57568359375 0.4306640625 0.56982421875 0.4375 0.548828125 0.408203125 0.5341796875 0.408203125 0.5322265625 0.4091796875 0.5302734375 0.412109375 0.52490234375 0.4150390625 0.513671875 0.41796875 0.50341796875 0.42578125 0.47412109375 0.4306640625 0.46630859375 0.435546875 0.2421875 0.4755859375 0.0 0.5751953125 0.0 0.0
2 0.57080078125 0.1796875 0.57568359375 0.1806640625 0.5751953125 0.17578125 0.57763671875 0.1748046875 0.5791015625 0.16015625 0.58251953125 0.162109375 0.5830078125 0.1533203125 0.5859375 0.1533203125 0.5888671875 0.14453125 0.58935546875 0.1435546875 0.59130859375 0.1435546875 0.5927734375 0.099609375 0.59765625 0.1005859375 0.59765625 0.095703125 0.599609375 0.0908203125 0.59521484375 0.0859375 0.59521484375 0.0830078125 0.59716796875 0.0810546875 0.59716796875 0.07421875 0.59765625 0.0732421875 0.60009765625 0.0732421875 0.6005859375 0.0693359375 0.603515625 0.0693359375 0.60546875 0.0712890625 0.60546875 0.0732421875 0.60546875 0.07421875 0.60595703125 0.0751953125 0.60791015625 0.0732421875 0.60986328125 0.0703125 0.62548828125 0.0205078125 0.62548828125 0.0 0.99951171875 0.0 0.99951171875 0.5732421875 0.58544921875 0.4541015625 0.57373046875 0.431640625 0.5732421875 0.4072265625 0.5712890625 0.4052734375 0.5712890625 0.4033203125 0.5732421875 0.3955078125 0.57275390625 0.349609375 0.57080078125 0.349609375 0.57080078125 0.345703125 0.5703125 0.3447265625 0.5703125 0.3427734375 0.56884765625 0.3408203125 0.56884765625 0.2861328125 0.57177734375 0.2802734375 0.572265625 0.2685546875 0.57177734375 0.2373046875 0.57080078125 0.236328125 0.57080078125 0.189453125
13 0.5419921875 0.4091796875 0.548828125 0.4091796875 0.5517578125 0.419921875 0.5498046875 0.4248046875 0.5400390625 0.4248046875
5 0.55029296875 0.4208984375 0.54931640625 0.37890625 0.54833984375 0.37890625 0.548828125 0.4169921875 0.54833984375 0.421875
7 0.548828125 0.380859375 0.54638671875 0.3935546875 0.55224609375 0.3935546875
13 0.541015625 0.419921875 0.5517578125 0.419921875 0.55126953125 0.4296875 0.54931640625 0.4365234375 0.54638671875 0.439453125 0.53759765625 0.4384765625 0.53759765625 0.4287109375 0.5390625 0.427734375
8 0.5498046875 0.4208984375 0.5556640625 0.4169921875 0.55908203125 0.4208984375 0.5595703125 0.423828125 0.55908203125 0.4267578125 0.55224609375 0.4267578125
5 0.64404296875 0.4150390625 0.64404296875 0.2822265625 0.6328125 0.2802734375 0.6298828125 0.2802734375 0.62939453125 0.287109375 0.630859375 0.2900390625 0.63427734375 0.29296875 0.63671875 0.29296875 0.64013671875 0.2900390625 0.64111328125 0.2900390625 0.6416015625 0.3291015625 0.6416015625 0.416015625 0.6416015625 0.419921875
5 0.5576171875 0.4248046875 0.5576171875 0.3798828125 0.55712890625 0.376953125 0.552734375 0.376953125 0.5517578125 0.3798828125 0.552734375 0.3818359375 0.55322265625 0.3828125 0.55517578125 0.3828125 0.5556640625 0.419921875 0.55517578125 0.4267578125
13 0.54638671875 0.435546875 0.548828125 0.423828125 0.5615234375 0.423828125 0.56201171875 0.423828125 0.5634765625 0.431640625 0.55810546875 0.4365234375 0.55029296875 0.4453125 0.54931640625 0.462890625 0.5458984375 0.4599609375 0.54541015625 0.4443359375
5 0.5703125 0.431640625 0.5712890625 0.431640625 0.57080078125 0.365234375 0.56494140625 0.3642578125 0.564453125 0.3681640625 0.56494140625 0.37109375 0.56640625 0.37109375 0.56787109375 0.37109375 0.56884765625 0.3701171875 0.5693359375 0.37109375
13 0.55517578125 0.44140625 0.5517578125 0.44140625 0.5517578125 0.4443359375 0.5537109375 0.447265625 0.552734375 0.4501953125 0.552734375 0.4599609375 0.5537109375 0.4658203125 0.5537109375 0.4697265625 0.55517578125 0.47265625 0.5576171875 0.4736328125 0.55810546875 0.4716796875 0.55810546875 0.46875 0.56884765625 0.46875 0.57275390625 0.4423828125 0.57275390625 0.4287109375 0.5693359375 0.4287109375 0.560546875 0.4287109375 0.55810546875 0.4306640625
13 0.5703125 0.4287109375 0.576171875 0.4267578125 0.58984375 0.4267578125 0.5947265625 0.431640625 0.58740234375 0.4716796875 0.58544921875 0.4931640625 0.58154296875 0.4921875 0.56494140625 0.4765625 0.5654296875 0.4658203125 0.5654296875 0.453125 0.56640625 0.4501953125 0.5673828125 0.447265625 0.5673828125 0.4443359375 0.5654296875 0.4443359375 0.56494140625 0.4423828125 0.56689453125 0.4404296875 0.56884765625 0.44140625 0.5693359375 0.43359375
13 0.6455078125 0.4140625 0.6357421875 0.416015625 0.63330078125 0.4267578125 0.62451171875 0.49609375 0.6240234375 0.51953125 0.6318359375 0.5341796875 0.634765625 0.52734375 0.638671875 0.5283203125 0.63916015625 0.5380859375 0.640625 0.5439453125 0.6416015625 0.544921875 0.64404296875 0.5458984375 0.64892578125 0.5439453125 0.64990234375 0.5322265625 0.65673828125 0.533203125 0.658203125 0.53125 0.6630859375 0.53125 0.67041015625 0.5302734375 0.69580078125 0.4189453125 0.689453125 0.4150390625 0.68359375 0.4140625 0.662109375 0.4130859375 0.650390625 0.4130859375
13 0.68603515625 0.4189453125 0.69482421875 0.408203125 0.69677734375 0.4072265625 0.71533203125 0.4033203125 0.74658203125 0.404296875 0.75830078125 0.40625 0.765625 0.408203125 0.7763671875 0.412109375 0.7666015625 0.4892578125 0.73486328125 0.556640625 0.7333984375 0.55859375 0.70751953125 0.5595703125 0.70068359375 0.5576171875 0.69775390625 0.580078125 0.697265625 0.583984375 0.6962890625 0.5859375 0.6845703125 0.5859375 0.68212890625 0.5693359375 0.68212890625 0.556640625 0.67724609375 0.552734375 0.6767578125 0.5615234375 0.6767578125 0.564453125 0.67431640625 0.5673828125 0.6650390625 0.5673828125 0.6630859375 0.5576171875 0.662109375 0.53125 0.6630859375 0.5126953125 0.6630859375 0.5048828125 0.6640625 0.48828125 0.66748046875 0.48046875 0.6708984375 0.4609375 0.6728515625 0.451171875 0.6796875 0.435546875
13 0.7724609375 0.4091796875 0.763671875 0.4208984375 0.75537109375 0.44140625 0.75146484375 0.451171875 0.75146484375 0.458984375 0.74853515625 0.46875 0.74658203125 0.4638671875 0.74462890625 0.462890625 0.73583984375 0.4619140625 0.7333984375 0.4736328125 0.732421875 0.4765625 0.7333984375 0.4794921875 0.74169921875 0.484375 0.7421875 0.4853515625 0.73974609375 0.5009765625 0.73876953125 0.5107421875 0.736328125 0.5234375 0.73486328125 0.5458984375 0.73388671875 0.5859375 0.734375 0.6025390625 0.73681640625 0.609375 0.7451171875 0.6103515625 0.75 0.6064453125 0.75 0.5947265625 0.75146484375 0.59375 0.76123046875 0.6025390625 0.76171875 0.623046875 0.763671875 0.6328125 0.76708984375 0.6376953125 0.77197265625 0.6396484375 0.77783203125 0.6416015625 0.77978515625 0.6328125 0.7802734375 0.6162109375 0.81494140625 0.6201171875 0.89990234375 0.4248046875 0.8671875 0.4072265625 0.83984375 0.404296875 0.80859375 0.404296875 0.7861328125 0.404296875 0.7744140625 0.4072265625
13 0.99951171875 0.3505859375 0.96923828125 0.3486328125 0.9453125 0.3525390625 0.91552734375 0.361328125 0.896484375 0.3798828125 0.896484375 0.3837890625 0.890625 0.388671875 0.87841796875 0.400390625 0.8642578125 0.419921875 0.8525390625 0.4423828125 0.845703125 0.4609375 0.83740234375 0.4638671875 0.8330078125 0.4736328125 0.83251953125 0.4765625 0.837890625 0.48046875 0.8310546875 0.4970703125 0.82958984375 0.5 0.81298828125 0.5224609375 0.8095703125 0.5380859375 0.8076171875 0.57421875 0.80615234375 0.634765625 0.80908203125 0.662109375 0.8134765625 0.6748046875 0.81640625 0.6787109375 0.8310546875 0.685546875 0.837890625 0.681640625 0.84423828125 0.67578125 0.84375 0.6630859375 0.90673828125 0.701171875 0.91015625 0.7265625 0.916015625 0.759765625 0.9248046875 0.7734375 0.9365234375 0.7783203125 0.9560546875 0.771484375 0.9677734375 0.7373046875 0.99951171875 0.7490234375
12 0.5341796875 0.4267578125 0.5361328125 0.4267578125 0.53662109375 0.431640625 0.5380859375 0.431640625 0.5390625 0.4609375 0.53369140625 0.458984375 0.53369140625 0.4443359375 0.5322265625 0.443359375 0.5322265625 0.4326171875 0.53369140625 0.4306640625
18 0.5341796875 0.4453125 0.53662109375 0.4453125 0.53662109375 0.44921875 0.53759765625 0.451171875 0.537109375 0.458984375 0.53662109375 0.4609375 0.53662109375 0.46484375 0.53564453125 0.4658203125 0.53515625 0.46484375 0.53515625 0.4599609375 0.53515625 0.4560546875 0.53466796875 0.453125
12 0.54345703125 0.423828125 0.5458984375 0.427734375 0.54736328125 0.4375 0.54833984375 0.44140625 0.54833984375 0.4443359375 0.54736328125 0.447265625 0.546875 0.4482421875 0.5458984375 0.4501953125 0.5458984375 0.458984375 0.5439453125 0.458984375 0.5419921875 0.458984375 0.5400390625 0.4560546875 0.5400390625 0.4501953125 0.5400390625 0.443359375 0.5400390625 0.4384765625 0.54052734375 0.4365234375 0.541015625 0.4287109375
9 0.49560546875 0.4072265625 0.5068359375 0.4072265625 0.5068359375 0.4130859375 0.5107421875 0.4140625 0.5107421875 0.408203125 0.521484375 0.40625 0.52294921875 0.4091796875 0.52734375 0.4091796875 0.54150390625 0.408203125 0.52392578125 0.4140625 0.50634765625 0.421875 0.50390625 0.4248046875 0.49560546875 0.416015625
18 0.54248046875 0.451171875 0.544921875 0.451171875 0.54541015625 0.4609375 0.54541015625 0.46875 0.544921875 0.474609375 0.54345703125 0.4755859375 0.54248046875 0.474609375 0.54296875 0.46484375 0.5419921875 0.4609375 0.54150390625 0.4560546875
13 0.474609375 0.419921875 0.49365234375 0.419921875 0.49462890625 0.4521484375 0.49462890625 0.4609375 0.4921875 0.462890625 0.47998046875 0.451171875 0.47412109375 0.447265625 0.47216796875 0.439453125 0.47216796875 0.427734375 0.47216796875 0.421875
13 0.46923828125 0.4296875 0.48486328125 0.4296875 0.48779296875 0.44140625 0.49072265625 0.4423828125 0.49072265625 0.4453125 0.48876953125 0.4453125 0.49072265625 0.453125 0.490234375 0.4697265625 0.48974609375 0.4736328125 0.48828125 0.474609375 0.48583984375 0.4736328125 0.484375 0.4697265625 0.48046875 0.4697265625 0.46875 0.46875 0.46533203125 0.451171875 0.46533203125 0.439453125
13 0.44091796875 0.4130859375 0.462890625 0.412109375 0.46484375 0.4130859375 0.4677734375 0.419921875 0.4697265625 0.4404296875 0.470703125 0.45703125 0.470703125 0.4833984375 0.4677734375 0.490234375 0.4658203125 0.4912109375 0.4609375 0.490234375 0.453125 0.466796875 0.44091796875 0.4443359375 0.43115234375 0.4287109375 0.43359375 0.4248046875 0.43603515625 0.4189453125 0.43701171875 0.4189453125
13 0.44091796875 0.427734375 0.44970703125 0.427734375 0.45263671875 0.4296875 0.45654296875 0.439453125 0.4580078125 0.4423828125 0.4580078125 0.4453125 0.4609375 0.45703125 0.4619140625 0.4921875 0.4609375 0.4951171875 0.4560546875 0.498046875 0.451171875 0.4970703125 0.44384765625 0.47265625 0.43994140625 0.4443359375
13 0.421875 0.42578125 0.4326171875 0.42578125 0.4423828125 0.4267578125 0.4462890625 0.4384765625 0.44775390625 0.4482421875 0.44873046875 0.4453125 0.45263671875 0.447265625 0.45263671875 0.4541015625 0.451171875 0.4541015625 0.45166015625 0.4619140625 0.4521484375 0.478515625 0.4521484375 0.4990234375 0.45166015625 0.5 0.4482421875 0.50390625 0.4443359375 0.5048828125 0.44189453125 0.5029296875 0.44189453125 0.498046875 0.4296875 0.498046875 0.41796875 0.458984375
13 0.392578125 0.4248046875 0.42236328125 0.4248046875 0.42529296875 0.4296875 0.43115234375 0.44921875 0.43310546875 0.4501953125 0.43310546875 0.4541015625 0.43505859375 0.46875 0.43505859375 0.5087890625 0.43359375 0.5107421875 0.43115234375 0.509765625 0.43017578125 0.5126953125 0.4287109375 0.5146484375 0.4228515625 0.5146484375 0.42138671875 0.5048828125 0.40478515625 0.5068359375 0.3955078125 0.5048828125 0.38916015625 0.474609375 0.384765625 0.44921875 0.38525390625 0.431640625 0.388671875 0.4248046875
13 0.35009765625 0.4072265625 0.3818359375 0.41015625 0.38427734375 0.41015625 0.39111328125 0.431640625 0.39892578125 0.46484375 0.4013671875 0.48828125 0.40283203125 0.51953125 0.4013671875 0.5439453125 0.390625 0.5439453125 0.39013671875 0.5341796875 0.384765625 0.5380859375 0.384765625 0.5556640625 0.38232421875 0.5595703125 0.373046875 0.55859375 0.37255859375 0.54296875 0.36181640625 0.544921875 0.33740234375 0.439453125
13 0.2958984375 0.396484375 0.30029296875 0.3955078125 0.32861328125 0.3955078125 0.33154296875 0.392578125 0.33349609375 0.392578125 0.34033203125 0.3935546875 0.34765625 0.3994140625 0.34765625 0.4033203125 0.3505859375 0.4091796875 0.3525390625 0.4169921875 0.36181640625 0.44921875 0.36669921875 0.47265625 0.36572265625 0.484375 0.36767578125 0.5029296875 0.3681640625 0.560546875 0.3671875 0.578125 0.365234375 0.5791015625 0.35205078125 0.5791015625 0.35302734375 0.56640625 0.3466796875 0.5712890625 0.3466796875 0.5849609375 0.3466796875 0.59375 0.34521484375 0.6044921875 0.3388671875 0.60546875 0.3310546875 0.6064453125 0.3173828125 0.5927734375 0.29248046875 0.451171875
13 0.15966796875 0.373046875 0.18212890625 0.37109375 0.1904296875 0.373046875 0.201171875 0.37109375 0.23779296875 0.373046875 0.259765625 0.3740234375 0.26318359375 0.3720703125 0.27001953125 0.3701171875 0.2900390625 0.3798828125 0.2919921875 0.3837890625 0.2939453125 0.390625 0.302734375 0.3955078125 0.3056640625 0.4130859375 0.310546875 0.4404296875 0.31640625 0.455078125 0.3173828125 0.4638671875 0.31787109375 0.4658203125 0.322265625 0.4794921875 0.322265625 0.5224609375 0.3251953125 0.591796875 0.3232421875 0.6171875 0.3203125 0.6455078125 0.3173828125 0.6513671875 0.31591796875 0.6533203125 0.30029296875 0.6533203125 0.29833984375 0.650390625 0.29833984375 0.6259765625 0.2978515625 0.6240234375 0.27294921875 0.6455078125 0.271484375 0.6787109375 0.26953125 0.6943359375 0.267578125 0.70703125 0.26123046875 0.712890625 0.24658203125 0.7138671875 0.23974609375 0.6865234375 0.1826171875 0.701171875 0.1376953125 0.70703125 0.1044921875 0.6435546875 0.09326171875 0.4892578125 0.12060546875 0.4189453125 0.13818359375 0.392578125 0.1484375 0.3828125
13 0.0 0.3505859375 0.021484375 0.3544921875 0.07861328125 0.37109375 0.0908203125 0.3828125 0.09423828125 0.390625 0.10498046875 0.4140625 0.1181640625 0.4375 0.12060546875 0.4423828125 0.1259765625 0.4619140625 0.13134765625 0.4833984375 0.13330078125 0.546875 0.134765625 0.5712890625 0.1357421875 0.6328125 0.13818359375 0.71875 0.13525390625 0.759765625 0.12939453125 0.7822265625 0.115234375 0.794921875 0.10498046875 0.796875 0.0966796875 0.7900390625 0.09423828125 0.7626953125 0.0 0.833984375
9 0.48681640625 0.408203125 0.494140625 0.408203125 0.494140625 0.416015625 0.49072265625 0.416015625
13 0.5751953125 0.4267578125 0.57470703125 0.4306640625 0.56982421875 0.4423828125 0.56787109375 0.4423828125 0.56787109375 0.4482421875 0.5673828125 0.45703125 0.5673828125 0.478515625 0.56787109375 0.4794921875 0.5703125 0.4814453125 0.5712890625 0.48046875 0.572265625 0.4794921875 0.57568359375 0.47265625 0.57861328125 0.455078125 0.58154296875 0.44140625 0.58251953125 0.4365234375 0.58349609375 0.4306640625 0.58251953125 0.4267578125 0.576171875 0.4267578125 0.5751953125 0.4267578125
13 0.59130859375 0.427734375 0.59033203125 0.4296875 0.57958984375 0.4306640625 0.57568359375 0.4453125 0.57373046875 0.4423828125 0.572265625 0.443359375 0.5712890625 0.4443359375 0.5712890625 0.447265625 0.57275390625 0.4501953125 0.5712890625 0.45703125 0.5712890625 0.482421875 0.58154296875 0.4921875 0.58544921875 0.4931640625 0.58740234375 0.4716796875 0.59228515625 0.4443359375 0.59326171875 0.4306640625 0.59130859375 0.427734375
13 0.5966796875 0.4326171875 0.59423828125 0.4296875 0.58837890625 0.4296875 0.58251953125 0.4453125 0.58154296875 0.4482421875 0.580078125 0.4482421875 0.57861328125 0.4453125 0.5771484375 0.4482421875 0.580078125 0.453125 0.57958984375 0.4560546875 0.57861328125 0.462890625 0.57763671875 0.4853515625 0.57763671875 0.48828125 0.578125 0.490234375 0.57958984375 0.490234375 0.5810546875 0.4921875 0.5830078125 0.4931640625 0.583984375 0.4931640625 0.587890625 0.4853515625 0.5966796875 0.453125 0.59619140625 0.4404296875
13 0.59375 0.42578125 0.59912109375 0.423828125 0.6181640625 0.423828125 0.62255859375 0.427734375 0.62353515625 0.4521484375 0.615234375 0.4853515625 0.6083984375 0.4921875 0.6015625 0.4931640625 0.59521484375 0.4931640625 0.5947265625 0.4931640625 0.5947265625 0.4990234375 0.59326171875 0.5 0.58935546875 0.4990234375 0.58935546875 0.4892578125 0.5888671875 0.4892578125 0.5888671875 0.4970703125 0.58544921875 0.49609375 0.5849609375 0.49609375 0.58447265625 0.48828125 0.58447265625 0.46484375 0.5869140625 0.4541015625 0.58740234375 0.451171875 0.58740234375 0.44921875 0.5830078125 0.44921875 0.5830078125 0.4453125 0.5849609375 0.443359375 0.5869140625 0.44140625 0.58837890625 0.4453125
13 0.63134765625 0.4189453125 0.62744140625 0.41796875 0.61572265625 0.4482421875 0.615234375 0.4423828125 0.61279296875 0.443359375 0.611328125 0.4501953125 0.61181640625 0.453125 0.61474609375 0.4541015625 0.611328125 0.4638671875 0.6083984375 0.47265625 0.60791015625 0.5048828125 0.60888671875 0.5166015625 0.615234375 0.5205078125 0.6171875 0.51953125 0.619140625 0.52734375 0.62060546875 0.5283203125 0.62841796875 0.50390625 0.6328125 0.4697265625
11 0.6298828125 0.373046875 0.63427734375 0.373046875 0.6376953125 0.3798828125 0.63720703125 0.3837890625 0.63671875 0.3876953125 0.63525390625 0.390625 0.63525390625 0.39453125 0.6318359375 0.4033203125 0.6328125 0.412109375 0.63427734375 0.4189453125 0.634765625 0.423828125 0.63623046875 0.4326171875 0.63671875 0.455078125 0.63623046875 0.458984375 0.63623046875 0.46484375 0.63671875 0.47265625 0.63720703125 0.4912109375 0.6376953125 0.498046875 0.63525390625 0.5009765625 0.63427734375 0.50390625 0.63232421875 0.5078125 0.630859375 0.5078125 0.63134765625 0.51953125 0.6318359375 0.525390625 0.6328125 0.53125 0.6328125 0.53515625 0.63671875 0.5390625 0.63818359375 0.5400390625 0.6376953125 0.5439453125 0.63623046875 0.544921875 0.634765625 0.544921875 0.6259765625 0.544921875 0.62548828125 0.54296875 0.625 0.53515625 0.62451171875 0.544921875 0.62158203125 0.544921875 0.619140625 0.54296875 0.6201171875 0.5390625 0.6201171875 0.53125 0.6201171875 0.5185546875 0.62060546875 0.5087890625 0.62158203125 0.4931640625 0.623046875 0.486328125 0.62255859375 0.4794921875 0.6201171875 0.47265625 0.619140625 0.4658203125 0.61962890625 0.4560546875 0.61865234375 0.4541015625 0.61865234375 0.4501953125 0.619140625 0.4443359375 0.6201171875 0.4326171875 0.62060546875 0.419921875 0.6201171875 0.412109375 0.6201171875 0.4033203125 0.62158203125 0.400390625 0.62353515625 0.3974609375 0.6259765625 0.392578125 0.62744140625 0.3896484375 0.62646484375 0.384765625 0.62646484375 0.37890625
