10 0.47802734375 0.0 0.51318359375 0.3720703125 0.54638671875 0.4091796875 0.54931640625 0.3896484375 0.5732421875 0.3857421875 0.58349609375 0.3212890625 0.6083984375 0.1865234375 0.64306640625 0.0673828125 0.654296875 0.0
2 0.5205078125 0.30078125 0.57275390625 0.3125 0.56982421875 0.357421875 0.55615234375 0.3935546875 0.55615234375 0.4248046875 0.533203125 0.4248046875 0.5166015625 0.3974609375 0.51171875 0.34375
1 0.5732421875 0.431640625 0.58203125 0.447265625 0.59130859375 0.45703125 0.60107421875 0.4609375 0.615234375 0.462890625 0.63330078125 0.4482421875 0.62255859375 0.4326171875 0.615234375 0.427734375 0.61376953125 0.4384765625 0.611328125 0.4384765625 0.60546875 0.4326171875 0.60498046875 0.4248046875 0.60205078125 0.421875 0.58740234375 0.421875 0.58349609375 0.416015625 0.57666015625 0.4208984375 0.57666015625 0.42578125 0.57373046875 0.42578125 0.572265625 0.427734375 0.57177734375 0.4296875
2 0.0 0.0 0.5068359375 0.0 0.51708984375 0.25 0.5224609375 0.423828125 0.52197265625 0.4619140625 0.0 0.6533203125
1 0.0 0.5478515625 0.0419921875 0.546875 0.05419921875 0.544921875 0.18359375 0.5263671875 0.3037109375 0.4970703125 0.404296875 0.4716796875 0.51416015625 0.4541015625 0.517578125 0.4853515625 0.48486328125 0.4990234375 0.47412109375 0.50390625 0.439453125 0.5234375 0.36474609375 0.556640625 0.09423828125 0.72265625 0.05126953125 0.7197265625 0.0 0.71875
9 0.0 0.6796875 0.13818359375 0.689453125 0.29345703125 0.591796875 0.291015625 0.5869140625 0.26171875 0.580078125 0.240234375 0.5810546875 0.22998046875 0.583984375 0.1796875 0.5830078125 0.1640625 0.5810546875 0.13427734375 0.5859375 0.1044921875 0.603515625 0.03076171875 0.6376953125 0.01708984375 0.65234375 0.0 0.671875
2 0.669921875 0.0 0.6064453125 0.30859375 0.6083984375 0.3876953125 0.60888671875 0.4130859375 0.671875 0.4970703125 0.75048828125 0.5576171875 0.99951171875 0.607421875 0.99951171875 0.0
1 0.99951171875 0.5634765625 0.84765625 0.515625 0.751953125 0.4775390625 0.705078125 0.462890625 0.62109375 0.4677734375 0.619140625 0.4765625 0.63818359375 0.4853515625 0.6455078125 0.490234375 0.65478515625 0.5 0.6650390625 0.5146484375 0.68115234375 0.5439453125 0.837890625 0.9189453125 0.8408203125 0.9287109375 0.87255859375 0.9482421875 0.91552734375 0.9736328125 0.95751953125 0.9990234375 0.99951171875 0.9990234375
8 0.513671875 0.2236328125 0.5126953125 0.3134765625 0.50927734375 0.3662109375 0.51806640625 0.37890625 0.52734375 0.3671875 0.53125 0.349609375 0.53955078125 0.33203125 0.54638671875 0.322265625 0.54931640625 0.32421875 0.5556640625 0.3359375 0.5595703125 0.341796875 0.560546875 0.34375 0.560546875 0.3466796875 0.56103515625 0.3505859375 0.56005859375 0.3544921875 0.5595703125 0.357421875 0.55859375 0.3603515625 0.5556640625 0.3642578125 0.5546875 0.365234375 0.552734375 0.3701171875 0.55322265625 0.3759765625 0.55322265625 0.3798828125 0.55517578125 0.3857421875 0.55029296875 0.39453125 0.5498046875 0.408203125 0.55419921875 0.4189453125 0.56298828125 0.4248046875 0.57080078125 0.42578125 0.57763671875 0.4267578125 0.57763671875 0.4013671875 0.57861328125 0.41015625 0.5830078125 0.4296875 0.5869140625 0.4208984375 0.5908203125 0.416015625 0.59423828125 0.3955078125 0.59765625 0.3974609375 0.60205078125 0.396484375 0.60205078125 0.3916015625 0.60107421875 0.3857421875 0.6025390625 0.3828125 0.6015625 0.3642578125 0.6015625 0.3642578125 0.6015625 0.3583984375 0.60205078125 0.35546875 0.60205078125 0.349609375 0.6025390625 0.34765625 0.6083984375 0.34765625 0.60888671875 0.337890625 0.609375 0.3232421875 0.60888671875 0.310546875 0.60791015625 0.3076171875 0.6083984375 0.3056640625 0.60888671875 0.30078125 0.6142578125 0.2890625 0.6259765625 0.2578125 0.611328125 0.1826171875 0.58349609375 0.1298828125 0.56982421875 0.126953125 0.5439453125 0.1318359375 0.525390625 0.171875 0.51318359375 0.177734375
13 0.55126953125 0.400390625 0.5615234375 0.3994140625 0.56396484375 0.40625 0.56494140625 0.416015625 0.56396484375 0.4248046875 0.55859375 0.427734375 0.5498046875 0.4267578125 0.5478515625 0.4189453125 0.54833984375 0.41015625 0.54931640625 0.404296875
8 0.37548828125 0.0 0.375 0.0107421875 0.3759765625 0.0166015625 0.37646484375 0.0234375 0.37548828125 0.025390625 0.375 0.0234375 0.373046875 0.0205078125 0.369140625 0.021484375 0.36865234375 0.0244140625 0.37060546875 0.0302734375 0.3701171875 0.0341796875 0.369140625 0.037109375 0.3681640625 0.0380859375 0.36865234375 0.04296875 0.37060546875 0.046875 0.37451171875 0.0556640625 0.3740234375 0.0595703125 0.37451171875 0.0634765625 0.37646484375 0.0673828125 0.37646484375 0.0703125 0.37548828125 0.0732421875 0.37548828125 0.0791015625 0.3759765625 0.0849609375 0.376953125 0.08984375 0.3798828125 0.0869140625 0.3818359375 0.0869140625 0.384765625 0.083984375 0.3857421875 0.083984375 0.3876953125 0.083984375 0.388671875 0.087890625 0.388671875 0.091796875 0.38818359375 0.0966796875 0.38525390625 0.099609375 0.38134765625 0.1025390625 0.37939453125 0.1064453125 0.376953125 0.107421875 0.375 0.1240234375 0.373046875 0.1279296875 0.37255859375 0.1328125 0.3740234375 0.1376953125 0.3759765625 0.1396484375 0.37890625 0.1416015625 0.38134765625 0.1416015625 0.38427734375 0.14453125 0.38623046875 0.146484375 0.3876953125 0.150390625 0.3876953125 0.15234375 0.38671875 0.154296875 0.384765625 0.15625 0.3828125 0.1552734375 0.38232421875 0.1572265625 0.38330078125 0.1591796875 0.384765625 0.16015625 0.38623046875 0.162109375 0.38818359375 0.1591796875 0.38818359375 0.1591796875 0.390625 0.16015625 0.390625 0.1630859375 0.39013671875 0.173828125 0.39013671875 0.1806640625 0.390625 0.1875 0.3916015625 0.189453125 0.39404296875 0.19140625 0.39501953125 0.193359375 0.396484375 0.1953125 0.39794921875 0.1953125 0.4033203125 0.1953125 0.4052734375 0.1923828125 0.40576171875 0.1923828125 0.40869140625 0.19140625 0.4140625 0.1875 0.41845703125 0.1865234375 0.42333984375 0.185546875 0.42822265625 0.1884765625 0.43212890625 0.1884765625 0.43359375 0.1875 0.43408203125 0.1904296875 0.43408203125 0.197265625 0.43310546875 0.19921875 0.43310546875 0.201171875 0.43408203125 0.205078125 0.4326171875 0.20703125 0.43310546875 0.212890625 0.43359375 0.2158203125 0.435546875 0.2158203125 0.43701171875 0.212890625 0.43798828125 0.2109375 0.4384765625 0.2060546875 0.4384765625 0.203125 0.4404296875 0.205078125 0.44287109375 0.208984375 0.4453125 0.20703125 0.4462890625 0.205078125 0.4453125 0.203125 0.4443359375 0.201171875 0.44482421875 0.1953125 0.4462890625 0.1953125 0.44970703125 0.1923828125 0.4541015625 0.1904296875 0.45654296875 0.1865234375 0.45751953125 0.185546875 0.458984375 0.1875 0.46044921875 0.1923828125 0.4609375 0.1953125 0.45947265625 0.19921875 0.45849609375 0.2001953125 0.45654296875 0.201171875 0.45458984375 0.2021484375 0.453125 0.2041015625 0.45166015625 0.20703125 0.451171875 0.2109375 0.4501953125 0.21484375 0.44970703125 0.21875 0.44970703125 0.2197265625 0.45068359375 0.22265625 0.45166015625 0.2255859375 0.45263671875 0.2265625 0.4560546875 0.228515625 0.458984375 0.228515625 0.45703125 0.2236328125 0.455078125 0.216796875 0.45849609375 0.21484375 0.4599609375 0.2158203125 0.46484375 0.21484375 0.466796875 0.21484375 0.4677734375 0.2158203125 0.4716796875 0.2158203125 0.4765625 0.2177734375 0.47705078125 0.216796875 0.4765625 0.455078125 0.48681640625 0.4609375 0.48583984375 0.4453125 0.48388671875 0.2216796875 0.48974609375 0.228515625 0.50341796875 0.21875 0.51220703125 0.216796875 0.6318359375 0.0009765625
8 0.5361328125 0.0068359375 0.52294921875 0.04296875 0.5166015625 0.08203125 0.5205078125 0.099609375 0.5302734375 0.1171875 0.53076171875 0.1259765625 0.544921875 0.1376953125 0.54931640625 0.1455078125 0.5615234375 0.169921875 0.5712890625 0.177734375 0.580078125 0.1875 0.58740234375 0.1953125 0.58984375 0.19921875 0.5908203125 0.19921875 0.59375 0.2109375 0.59423828125 0.216796875 0.59423828125 0.2275390625 0.59619140625 0.23828125 0.6005859375 0.2568359375 0.60693359375 0.26171875 0.611328125 0.2578125 0.61962890625 0.2626953125 0.625 0.2802734375 0.62939453125 0.2841796875 0.6328125 0.2861328125 0.63232421875 0.2900390625 0.6328125 0.2939453125 0.63330078125 0.2958984375 0.634765625 0.2958984375 0.6357421875 0.296875 0.63720703125 0.296875 0.6376953125 0.296875 0.63818359375 0.2958984375 0.638671875 0.294921875 0.64013671875 0.291015625 0.6416015625 0.291015625 0.64208984375 0.291015625 0.64306640625 0.291015625 0.6435546875 0.421875 0.64453125 0.4267578125 0.646484375 0.4306640625 0.64990234375 0.42578125 0.650390625 0.421875 0.6494140625 0.2841796875 0.65576171875 0.28515625 0.66552734375 0.27734375 0.6689453125 0.2734375 0.6767578125 0.2685546875 0.68017578125 0.265625 0.68017578125 0.310546875 0.6806640625 0.423828125 0.6796875 0.427734375 0.6787109375 0.4287109375 0.67822265625 0.4326171875 0.6787109375 0.4365234375 0.6796875 0.4365234375 0.68017578125 0.4365234375 0.6806640625 0.4833984375 0.6796875 0.4853515625 0.68017578125 0.4873046875 0.68115234375 0.4873046875 0.68994140625 0.484375 0.6865234375 0.26953125 0.69189453125 0.2666015625 0.6943359375 0.2548828125 0.69580078125 0.25390625 0.6953125 0.2421875 0.6982421875 0.2421875 0.7001953125 0.24609375 0.70166015625 0.2490234375 0.7041015625 0.25 0.705078125 0.25 0.708984375 0.4775390625 0.70947265625 0.5087890625 0.72021484375 0.486328125 0.72216796875 0.474609375 0.7216796875 0.4267578125 0.7197265625 0.396484375 0.716796875 0.33984375 0.71630859375 0.2392578125 0.716796875 0.2255859375 0.720703125 0.203125 0.728515625 0.197265625 0.72802734375 0.1796875 0.73583984375 0.1689453125 0.74609375 0.1748046875 0.75341796875 0.1708984375 0.7568359375 0.1689453125 0.76171875 0.1640625 0.7607421875 0.15234375 0.75732421875 0.1533203125 0.75732421875 0.1416015625 0.7607421875 0.1396484375 0.763671875 0.1337890625 0.7763671875 0.1103515625 0.76220703125 0.111328125 0.7568359375 0.111328125 0.7509765625 0.1025390625 0.74365234375 0.1025390625 0.736328125 0.1044921875 0.73779296875 0.095703125 0.7451171875 0.087890625 0.75048828125 0.0859375 0.75537109375 0.0849609375 0.75830078125 0.07421875 0.76611328125 0.068359375 0.7705078125 0.0634765625 0.78662109375 0.0546875 0.7958984375 0.0517578125 0.7978515625 0.044921875 0.796875 0.0283203125 0.79150390625 0.0244140625 0.7822265625 0.025390625 0.7744140625 0.0224609375 0.7666015625 0.0107421875 0.75927734375 0.0 0.54052734375 0.0
11 0.5390625 0.40625 0.5390625 0.4140625 0.5400390625 0.416015625 0.5400390625 0.419921875 0.5400390625 0.42578125 0.5400390625 0.4296875 0.54052734375 0.431640625 0.541015625 0.431640625 0.541015625 0.4287109375 0.541015625 0.421875 0.54150390625 0.4208984375 0.5419921875 0.421875 0.5419921875 0.427734375 0.5419921875 0.4306640625 0.54248046875 0.431640625 0.54345703125 0.431640625 0.54345703125 0.4296875 0.54345703125 0.419921875 0.54345703125 0.4140625 0.544921875 0.4130859375 0.544921875 0.40625 0.5439453125 0.4033203125 0.54296875 0.400390625 0.54248046875 0.3994140625 0.54248046875 0.396484375 0.5419921875 0.39453125 0.54150390625 0.39453125 0.541015625 0.3955078125 0.54052734375 0.3974609375 0.54052734375 0.400390625 0.53955078125 0.4013671875 0.5390625 0.40234375
5 0.765625 0.55859375 0.765625 0.55078125 0.7666015625 0.55078125 0.7666015625 0.546875 0.767578125 0.5439453125 0.76806640625 0.5439453125 0.7685546875 0.455078125 0.7666015625 0.4501953125 0.7666015625 0.447265625 0.7666015625 0.4453125 0.77001953125 0.4443359375 0.77001953125 0.431640625 0.77001953125 0.4296875 0.77001953125 0.4267578125 0.7705078125 0.423828125 0.771484375 0.4189453125 0.771484375 0.4091796875 0.7705078125 0.3955078125 0.77197265625 0.341796875 0.77197265625 0.2978515625 0.775390625 0.2294921875 0.775390625 0.2197265625 0.7734375 0.2109375 0.7744140625 0.20703125 0.775390625 0.2060546875 0.775390625 0.1884765625 0.77294921875 0.1826171875 0.7734375 0.181640625 0.77490234375 0.177734375 0.775390625 0.1748046875 0.775390625 0.1708984375 0.775390625 0.1669921875 0.775390625 0.162109375 0.775390625 0.1591796875 0.7744140625 0.15625 0.771484375 0.1455078125 0.76953125 0.1455078125 0.76904296875 0.140625 0.76513671875 0.099609375 0.76513671875 0.09375 0.76318359375 0.091796875 0.763671875 0.087890625 0.77392578125 0.060546875 0.7763671875 0.0595703125 0.7763671875 0.0546875 0.77392578125 0.0498046875 0.77392578125 0.046875 0.7783203125 0.0390625 0.77880859375 0.0322265625 0.78125 0.033203125 0.78125 0.0380859375 0.78369140625 0.0400390625 0.7861328125 0.0439453125 0.7861328125 0.046875 0.78515625 0.05078125 0.7841796875 0.052734375 0.783203125 0.0546875 0.783203125 0.05859375 0.7880859375 0.0634765625 0.78955078125 0.068359375 0.7939453125 0.080078125 0.79638671875 0.0830078125 0.7958984375 0.0849609375 0.794921875 0.087890625 0.79345703125 0.08984375 0.79296875 0.0927734375 0.7880859375 0.1416015625 0.7822265625 0.158203125 0.7822265625 0.162109375 0.78173828125 0.1650390625 0.78173828125 0.16796875 0.78173828125 0.1708984375 0.78125 0.171875 0.78125 0.17578125 0.78466796875 0.181640625 0.78466796875 0.1826171875 0.78369140625 0.185546875 0.78173828125 0.1884765625 0.78125 0.189453125 0.78125 0.2041015625 0.78125 0.2060546875 0.78173828125 0.208984375 0.7822265625 0.2109375 0.78125 0.2138671875 0.78076171875 0.216796875 0.78076171875 0.22265625 0.78076171875 0.3173828125 0.78076171875 0.3935546875 0.7802734375 0.396484375 0.7802734375 0.40234375 0.7802734375 0.4052734375 0.78076171875 0.40625 0.78125 0.4091796875 0.7802734375 0.4140625 0.77978515625 0.416015625 0.779296875 0.4189453125 0.77978515625 0.419921875 0.77978515625 0.421875 0.7802734375 0.423828125 0.78076171875 0.423828125 0.78125 0.4267578125 0.78173828125 0.4443359375 0.78564453125 0.4443359375 0.78564453125 0.44921875 0.78466796875 0.4521484375 0.78369140625 0.455078125 0.783203125 0.45703125 0.7841796875 0.4609375 0.78369140625 0.462890625 0.783203125 0.462890625 0.783203125 0.544921875 0.7841796875 0.5458984375 0.7841796875 0.5478515625 0.78369140625 0.5498046875 0.7841796875 0.5517578125 0.78515625 0.552734375 0.78515625 0.5576171875 0.78515625 0.5615234375 0.76806640625 0.5615234375
11 0.55224609375 0.4326171875 0.55224609375 0.443359375 0.5517578125 0.44921875 0.55126953125 0.4521484375 0.55126953125 0.4541015625 0.5517578125 0.4560546875 0.552734375 0.4560546875 0.5537109375 0.4560546875 0.5537109375 0.455078125 0.55419921875 0.4541015625 0.55419921875 0.447265625 0.55419921875 0.4423828125 0.55419921875 0.4375 0.5546875 0.4365234375 0.55517578125 0.435546875 0.5576171875 0.43359375 0.55859375 0.42578125 0.55712890625 0.41015625 0.55615234375 0.4091796875 0.55615234375 0.4072265625 0.55615234375 0.4052734375 0.5556640625 0.404296875 0.5546875 0.404296875 0.55419921875 0.40625 0.5537109375 0.4072265625 0.5537109375 0.4091796875 0.5537109375 0.41015625 0.55224609375 0.4130859375 0.5517578125 0.4150390625 0.55126953125 0.416015625 0.55029296875 0.4189453125 0.5498046875 0.4208984375 0.5498046875 0.421875 0.55029296875 0.4267578125 0.55126953125 0.4287109375
11 0.55712890625 0.41796875 0.5556640625 0.4267578125 0.55517578125 0.4306640625 0.5556640625 0.4326171875 0.5556640625 0.4365234375 0.5556640625 0.4384765625 0.5556640625 0.44140625 0.5556640625 0.4423828125 0.55615234375 0.443359375 0.55615234375 0.4482421875 0.55615234375 0.455078125 0.5556640625 0.455078125 0.5546875 0.4560546875 0.55419921875 0.45703125 0.5556640625 0.458984375 0.55712890625 0.458984375 0.55908203125 0.458984375 0.56103515625 0.458984375 0.56103515625 0.45703125 0.5615234375 0.4541015625 0.5615234375 0.4501953125 0.5615234375 0.4453125 0.56103515625 0.44140625 0.56103515625 0.4384765625 0.5615234375 0.435546875 0.56201171875 0.431640625 0.56201171875 0.4287109375 0.56201171875 0.4208984375 0.56201171875 0.416015625 0.5615234375 0.412109375 0.56103515625 0.41015625 0.56103515625 0.408203125 0.5615234375 0.4072265625 0.56103515625 0.4052734375 0.5595703125 0.404296875 0.55859375 0.4052734375 0.55810546875 0.4072265625 0.55810546875 0.4091796875 0.55859375 0.41015625 0.55908203125 0.412109375 0.55908203125 0.412109375 0.55908203125 0.4130859375 0.55859375 0.4150390625 0.55810546875 0.4169921875
11 0.56494140625 0.4140625 0.56494140625 0.419921875 0.5654296875 0.4208984375 0.5654296875 0.423828125 0.5654296875 0.4267578125 0.5654296875 0.431640625 0.5654296875 0.435546875 0.56591796875 0.4365234375 0.5673828125 0.4365234375 0.56884765625 0.4365234375 0.5693359375 0.435546875 0.5693359375 0.431640625 0.5693359375 0.4248046875 0.5703125 0.423828125 0.57080078125 0.4208984375 0.57080078125 0.4169921875 0.57080078125 0.416015625 0.5712890625 0.4150390625 0.5712890625 0.412109375 0.5703125 0.408203125 0.56982421875 0.40625 0.56884765625 0.4052734375 0.56787109375 0.4033203125 0.5673828125 0.4013671875 0.56640625 0.4013671875 0.5654296875 0.40234375 0.5654296875 0.404296875 0.5654296875 0.4052734375 0.56494140625 0.40625 0.564453125 0.4072265625 0.564453125 0.4091796875 0.564453125 0.412109375
11 0.59912109375 0.421875 0.599609375 0.4365234375 0.60009765625 0.4375 0.60107421875 0.4375 0.60107421875 0.4365234375 0.60107421875 0.435546875 0.6005859375 0.4326171875 0.6005859375 0.431640625 0.6005859375 0.4287109375 0.6005859375 0.4267578125 0.6005859375 0.4248046875 0.60107421875 0.4248046875 0.6015625 0.4267578125 0.6015625 0.4296875 0.6015625 0.4326171875 0.60205078125 0.435546875 0.60205078125 0.4365234375 0.6025390625 0.4375 0.6025390625 0.4365234375 0.6025390625 0.4326171875 0.6025390625 0.4287109375 0.6025390625 0.4248046875 0.603515625 0.4248046875 0.6044921875 0.423828125 0.60498046875 0.4208984375 0.60498046875 0.41796875 0.6044921875 0.4130859375 0.603515625 0.408203125 0.60302734375 0.40625 0.603515625 0.4052734375 0.603515625 0.40234375 0.6025390625 0.4013671875 0.60107421875 0.4013671875 0.6005859375 0.404296875 0.6005859375 0.4052734375 0.599609375 0.40625 0.59912109375 0.4072265625 0.5986328125 0.408203125 0.5986328125 0.41015625 0.5986328125 0.4130859375 0.59765625 0.4140625 0.59716796875 0.4169921875 0.59765625 0.41796875 0.59765625 0.419921875
11 0.61376953125 0.43359375 0.61376953125 0.4404296875 0.61376953125 0.4453125 0.61376953125 0.4541015625 0.61376953125 0.45703125 0.61376953125 0.458984375 0.6142578125 0.458984375 0.61474609375 0.4599609375 0.615234375 0.458984375 0.615234375 0.458984375 0.61572265625 0.45703125 0.61572265625 0.455078125 0.61572265625 0.4521484375 0.61572265625 0.447265625 0.6171875 0.4423828125 0.61767578125 0.4599609375 0.61962890625 0.4599609375 0.61962890625 0.443359375 0.62060546875 0.427734375 0.62158203125 0.41796875 0.62060546875 0.4140625 0.619140625 0.4140625 0.61865234375 0.4140625 0.6181640625 0.4130859375 0.6181640625 0.41015625 0.6181640625 0.4072265625 0.6171875 0.40625 0.61669921875 0.4052734375 0.615234375 0.40625 0.61474609375 0.408203125 0.61474609375 0.41015625 0.615234375 0.4130859375 0.61474609375 0.4140625 0.61376953125 0.4140625 0.61328125 0.4169921875 0.6123046875 0.4189453125 0.6123046875 0.4208984375 0.6123046875 0.4248046875 0.61279296875 0.4267578125 0.61328125 0.4287109375 0.61376953125 0.4306640625
11 0.7265625 0.412109375 0.72509765625 0.4267578125 0.72607421875 0.4326171875 0.72802734375 0.44140625 0.72802734375 0.4443359375 0.72802734375 0.447265625 0.72802734375 0.4716796875 0.73046875 0.4775390625 0.73095703125 0.4755859375 0.7314453125 0.474609375 0.7314453125 0.4716796875 0.7314453125 0.4609375 0.73193359375 0.4599609375 0.73193359375 0.4560546875 0.73193359375 0.453125 0.732421875 0.451171875 0.73291015625 0.451171875 0.7333984375 0.458984375 0.7333984375 0.4716796875 0.7333984375 0.4765625 0.7333984375 0.48046875 0.73388671875 0.4814453125 0.734375 0.484375 0.73583984375 0.484375 0.736328125 0.4833984375 0.736328125 0.4794921875 0.736328125 0.4765625 0.736328125 0.4677734375 0.73681640625 0.4619140625 0.7373046875 0.4541015625 0.7373046875 0.4453125 0.73828125 0.44140625 0.73876953125 0.4423828125 0.73974609375 0.4423828125 0.73974609375 0.44140625 0.73974609375 0.439453125 0.74072265625 0.435546875 0.74169921875 0.4306640625 0.74169921875 0.42578125 0.74072265625 0.419921875 0.73974609375 0.4150390625 0.73876953125 0.41015625 0.7373046875 0.4091796875 0.736328125 0.4072265625 0.73583984375 0.40625 0.73486328125 0.4052734375 0.73486328125 0.400390625 0.73486328125 0.396484375 0.734375 0.39453125 0.73388671875 0.3935546875 0.73291015625 0.3935546875 0.73193359375 0.3955078125 0.7314453125 0.3974609375 0.73095703125 0.400390625 0.73095703125 0.40234375 0.73095703125 0.404296875 0.73046875 0.4052734375 0.73046875 0.40625 0.7294921875 0.408203125 0.72802734375 0.4091796875 0.7275390625 0.4091796875
5 0.31103515625 0.455078125 0.3115234375 0.4677734375 0.31103515625 0.5234375 0.31103515625 0.53125 0.30859375 0.5361328125 0.30859375 0.5390625 0.30908203125 0.5400390625 0.30908203125 0.552734375 0.3154296875 0.5546875 0.3212890625 0.552734375 0.32763671875 0.5517578125 0.32861328125 0.5498046875 0.32861328125 0.5390625 0.32763671875 0.5380859375 0.32763671875 0.533203125 0.32763671875 0.5322265625 0.32666015625 0.53125 0.326171875 0.5205078125 0.32666015625 0.455078125 0.3271484375 0.453125 0.3271484375 0.4501953125 0.3271484375 0.443359375 0.328125 0.4404296875 0.32861328125 0.4365234375 0.326171875 0.43359375 0.32470703125 0.43359375 0.32373046875 0.421875 0.32470703125 0.419921875 0.3251953125 0.4169921875 0.32373046875 0.4150390625 0.3232421875 0.4140625 0.322265625 0.4130859375 0.322265625 0.408203125 0.3232421875 0.4052734375 0.3232421875 0.400390625 0.3232421875 0.390625 0.32470703125 0.388671875 0.32470703125 0.3857421875 0.32373046875 0.384765625 0.3232421875 0.3837890625 0.32275390625 0.3828125 0.32275390625 0.365234375 0.32275390625 0.3447265625 0.3232421875 0.2734375 0.32373046875 0.2138671875 0.32373046875 0.2119140625 0.32470703125 0.2109375 0.32470703125 0.2099609375 0.32373046875 0.208984375 0.32275390625 0.208984375 0.3232421875 0.1884765625 0.32470703125 0.1865234375 0.3251953125 0.18359375 0.3251953125 0.1806640625 0.32373046875 0.1796875 0.3232421875 0.177734375 0.32275390625 0.17578125 0.32275390625 0.173828125 0.32275390625 0.1708984375 0.32275390625 0.1630859375 0.3232421875 0.15625 0.32470703125 0.154296875 0.326171875 0.1494140625 0.32666015625 0.146484375 0.328125 0.146484375 0.3291015625 0.142578125 0.333984375 0.1044921875 0.33544921875 0.1025390625 0.33740234375 0.1005859375 0.33740234375 0.0986328125 0.33544921875 0.09765625 0.3349609375 0.09765625 0.3291015625 0.0732421875 0.328125 0.0703125 0.3271484375 0.0693359375 0.32568359375 0.06640625 0.32568359375 0.060546875 0.32666015625 0.0595703125 0.32666015625 0.0576171875 0.32373046875 0.0498046875 0.3212890625 0.048828125 0.3173828125 0.052734375 0.31591796875 0.056640625 0.31591796875 0.05859375 0.31640625 0.0595703125 0.31689453125 0.0615234375 0.31591796875 0.0625 0.3154296875 0.064453125 0.314453125 0.0673828125 0.31298828125 0.0693359375 0.3115234375 0.068359375 0.31103515625 0.0703125 0.31201171875 0.0712890625 0.310546875 0.076171875 0.30810546875 0.08984375 0.3046875 0.0908203125 0.30419921875 0.09375 0.3046875 0.0947265625 0.30615234375 0.0966796875 0.3076171875 0.1083984375 0.3115234375 0.140625 0.31298828125 0.1416015625 0.314453125 0.14453125 0.31494140625 0.146484375 0.3154296875 0.1494140625 0.31591796875 0.15234375 0.31640625 0.1533203125 0.31689453125 0.1552734375 0.31689453125 0.1572265625 0.3173828125 0.1591796875 0.31689453125 0.16015625 0.31689453125 0.16796875 0.3173828125 0.171875 0.31689453125 0.17578125 0.31591796875 0.177734375 0.31494140625 0.1806640625 0.31494140625 0.1826171875 0.31591796875 0.1865234375 0.31640625 0.1875 0.31689453125 0.189453125 0.31689453125 0.1904296875 0.31689453125 0.193359375 0.3173828125 0.197265625 0.31689453125 0.203125 0.31640625 0.212890625 0.31591796875 0.236328125 0.31591796875 0.240234375 0.3154296875 0.31640625 0.31494140625 0.345703125 0.31494140625 0.3720703125 0.31494140625 0.3828125 0.314453125 0.384765625 0.3134765625 0.3876953125 0.31396484375 0.3896484375 0.3154296875 0.390625 0.3154296875 0.412109375 0.314453125 0.4140625 0.31396484375 0.4169921875 0.31396484375 0.41796875 0.314453125 0.419921875 0.31396484375 0.4208984375 0.31298828125 0.423828125 0.3115234375 0.4248046875 0.31103515625 0.427734375 0.31103515625 0.4306640625 0.31103515625 0.4326171875 0.31103515625 0.43359375 0.3095703125 0.435546875 0.30908203125 0.4365234375 0.3095703125 0.439453125 0.31005859375 0.44140625 0.31103515625 0.443359375 0.31103515625 0.447265625 0.31103515625 0.4482421875 0.310546875 0.4482421875 0.310546875 0.4501953125 0.31103515625 0.451171875
11 0.4384765625 0.3955078125 0.43994140625 0.4013671875 0.44091796875 0.40234375 0.44189453125 0.40625 0.4423828125 0.4091796875 0.4423828125 0.4140625 0.44287109375 0.4189453125 0.4443359375 0.4208984375 0.4443359375 0.4306640625 0.43798828125 0.4375 0.427734375 0.4306640625 0.427734375 0.419921875 0.427734375 0.416015625 0.427734375 0.41015625 0.427734375 0.4072265625 0.42724609375 0.4052734375 0.42724609375 0.4033203125 0.42822265625 0.4013671875 0.43017578125 0.400390625 0.43212890625 0.3974609375 0.4326171875 0.39453125 0.4326171875 0.392578125 0.4326171875 0.390625 0.4326171875 0.3857421875 0.43310546875 0.384765625 0.4345703125 0.3828125 0.43603515625 0.3828125 0.43701171875 0.3837890625 0.43798828125 0.3857421875 0.4384765625 0.388671875 0.4384765625 0.3896484375 0.43798828125 0.3916015625 0.43701171875 0.392578125 0.43701171875 0.39453125
11 0.40380859375 0.423828125 0.408203125 0.41015625 0.41015625 0.408203125 0.41162109375 0.4072265625 0.412109375 0.4052734375 0.41162109375 0.4033203125 0.41162109375 0.3974609375 0.41162109375 0.3955078125 0.41259765625 0.3935546875 0.41455078125 0.392578125 0.41650390625 0.3935546875 0.4169921875 0.396484375 0.41748046875 0.3994140625 0.4169921875 0.40234375 0.4169921875 0.4033203125 0.41748046875 0.40625 0.41845703125 0.4072265625 0.419921875 0.4091796875 0.4208984375 0.41015625 0.42138671875 0.41796875 0.421875 0.423828125 0.421875 0.435546875 0.421875 0.44921875 0.4111328125 0.45703125 0.40625 0.4482421875 0.40478515625 0.4365234375
11 0.3916015625 0.4423828125 0.390625 0.4150390625 0.3916015625 0.4091796875 0.39306640625 0.4072265625 0.39404296875 0.40625 0.3955078125 0.404296875 0.396484375 0.4033203125 0.39697265625 0.400390625 0.3974609375 0.39453125 0.3984375 0.392578125 0.400390625 0.392578125 0.4013671875 0.396484375 0.4013671875 0.3994140625 0.40234375 0.400390625 0.40234375 0.404296875 0.40283203125 0.40625 0.40380859375 0.408203125 0.40380859375 0.412109375 0.40380859375 0.4150390625 0.40478515625 0.41796875 0.4052734375 0.4208984375 0.4052734375 0.427734375 0.4052734375 0.4326171875 0.4013671875 0.44140625 0.3955078125 0.4482421875 0.39306640625 0.447265625
5 0.59423828125 0.3740234375 0.5927734375 0.4169921875 0.5927734375 0.4384765625 0.5927734375 0.4453125 0.59619140625 0.4482421875 0.59521484375 0.390625 0.59521484375 0.37890625 0.59521484375 0.3701171875 0.595703125 0.3671875 0.595703125 0.3642578125 0.59619140625 0.361328125 0.5966796875 0.357421875 0.5966796875 0.3544921875 0.5947265625 0.353515625 0.5927734375 0.3544921875 0.5927734375 0.3583984375 0.5927734375 0.3623046875 0.59326171875 0.365234375 0.59375 0.369140625
5 0.60498046875 0.3671875 0.60546875 0.373046875 0.60546875 0.4130859375 0.60546875 0.45703125 0.60595703125 0.458984375 0.60693359375 0.458984375 0.60693359375 0.45703125 0.60693359375 0.3720703125 0.60693359375 0.3662109375
5 0.63623046875 0.3642578125 0.6357421875 0.3662109375 0.634765625 0.4169921875 0.6357421875 0.41796875 0.63720703125 0.4140625 0.63720703125 0.3671875 0.63671875 0.359375
7 0.6025390625 0.357421875 0.6025390625 0.3740234375 0.60986328125 0.3740234375 0.60986328125 0.357421875
7 0.634765625 0.349609375 0.63232421875 0.35546875 0.63232421875 0.3603515625 0.6328125 0.3642578125 0.634765625 0.365234375 0.63623046875 0.3662109375 0.63720703125 0.3662109375 0.638671875 0.3642578125 0.63916015625 0.3623046875 0.64013671875 0.359375 0.640625 0.35546875 0.63916015625 0.353515625 0.6376953125 0.349609375 0.63671875 0.3486328125 0.6357421875 0.3486328125
7 0.17822265625 0.2578125 0.17919921875 0.26953125 0.1787109375 0.4931640625 0.23193359375 0.49609375 0.23291015625 0.2490234375 0.17919921875 0.24609375 0.17822265625 0.251953125 0.17822265625 0.2578125
5 0.68994140625 0.3017578125 0.689453125 0.310546875 0.68896484375 0.3115234375 0.68896484375 0.3134765625 0.689453125 0.314453125 0.68896484375 0.32421875 0.6884765625 0.326171875 0.68896484375 0.328125 0.689453125 0.3291015625 0.689453125 0.345703125 0.68896484375 0.376953125 0.6884765625 0.4169921875 0.68798828125 0.423828125 0.68701171875 0.4296875 0.68701171875 0.43359375 0.68701171875 0.44140625 0.68701171875 0.4541015625 0.68798828125 0.486328125 0.68798828125 0.498046875 0.6904296875 0.4990234375 0.6923828125 0.498046875 0.69384765625 0.498046875 0.6943359375 0.4931640625 0.69384765625 0.4921875 0.69287109375 0.4873046875 0.69287109375 0.4443359375 0.69384765625 0.443359375 0.6943359375 0.44140625 0.69287109375 0.4404296875 0.6923828125 0.4404296875 0.69189453125 0.4365234375 0.69189453125 0.4267578125 0.69189453125 0.4208984375 0.69140625 0.4169921875 0.69140625 0.4150390625 0.69140625 0.365234375 0.69140625 0.3310546875 0.69189453125 0.330078125 0.6923828125 0.3291015625 0.6923828125 0.326171875 0.69189453125 0.326171875 0.69189453125 0.3173828125 0.69287109375 0.314453125 0.69287109375 0.3125 0.69189453125 0.310546875 0.69189453125 0.3076171875 0.69189453125 0.30078125 0.69384765625 0.296875 0.6953125 0.29296875 0.6962890625 0.2822265625 0.697265625 0.2685546875 0.69775390625 0.265625 0.6982421875 0.263671875 0.69677734375 0.2607421875 0.6953125 0.2548828125 0.69287109375 0.2529296875 0.69287109375 0.25 0.6943359375 0.2470703125 0.69482421875 0.2451171875 0.69189453125 0.2431640625 0.68896484375 0.2431640625 0.68896484375 0.24609375 0.689453125 0.2490234375 0.68994140625 0.251953125 0.6884765625 0.2548828125 0.68603515625 0.26171875 0.68408203125 0.265625 0.6845703125 0.2685546875 0.68505859375 0.2705078125 0.685546875 0.2763671875 0.685546875 0.2841796875 0.68603515625 0.291015625 0.68603515625 0.2939453125 0.68798828125 0.294921875
5 0.17431640625 0.2431640625 0.17431640625 0.26171875 0.173828125 0.5849609375 0.17626953125 0.5859375 0.17919921875 0.5859375 0.18017578125 0.5830078125 0.1806640625 0.25 0.1806640625 0.240234375 0.17529296875 0.2392578125
5 0.685546875 0.4521484375 0.68603515625 0.46875 0.6865234375 0.4697265625 0.6865234375 0.4755859375 0.68603515625 0.4755859375 0.68603515625 0.4892578125 0.68701171875 0.490234375 0.68701171875 0.4951171875 0.68603515625 0.49609375 0.6865234375 0.5146484375 0.68798828125 0.515625 0.68798828125 0.5205078125 0.68310546875 0.5205078125 0.6826171875 0.51953125 0.6826171875 0.515625 0.68310546875 0.515625 0.68310546875 0.4970703125 0.6826171875 0.4931640625 0.6826171875 0.490234375 0.68310546875 0.4892578125 0.68310546875 0.4755859375 0.6826171875 0.4736328125 0.6826171875 0.4716796875 0.68310546875 0.46875 0.68310546875 0.453125 0.6826171875 0.4521484375 0.68212890625 0.4501953125 0.6826171875 0.44921875 0.68310546875 0.44921875 0.68310546875 0.443359375 0.685546875 0.443359375 0.685546875 0.4482421875 0.6865234375 0.44921875 0.6865234375 0.451171875
5 0.23046875 0.25 0.228515625 0.5830078125 0.23046875 0.583984375 0.23291015625 0.5849609375 0.23486328125 0.5830078125 0.236328125 0.2421875 0.23681640625 0.1796875 0.23046875 0.1787109375 0.23046875 0.1904296875
5 0.6689453125 0.4501953125 0.6689453125 0.4638671875 0.66845703125 0.46484375 0.6689453125 0.4658203125 0.669921875 0.46875 0.6689453125 0.48046875 0.66845703125 0.4814453125 0.6689453125 0.484375 0.6689453125 0.4990234375 0.66796875 0.4990234375 0.66748046875 0.5009765625 0.6689453125 0.5029296875 0.6708984375 0.50390625 0.671875 0.50390625 0.67236328125 0.501953125 0.671875 0.4990234375 0.67138671875 0.4990234375 0.67138671875 0.4853515625 0.671875 0.484375 0.671875 0.4833984375 0.671875 0.48046875 0.67138671875 0.478515625 0.67138671875 0.4677734375 0.671875 0.466796875 0.671875 0.46484375 0.671875 0.4638671875 0.671875 0.462890625 0.671875 0.451171875 0.671875 0.44921875 0.67236328125 0.4482421875 0.671875 0.447265625 0.6708984375 0.4443359375 0.669921875 0.4443359375 0.6689453125 0.4453125 0.6689453125 0.447265625 0.66845703125 0.447265625 0.66796875 0.44921875
5 0.66552734375 0.44921875 0.66552734375 0.462890625 0.6650390625 0.462890625 0.6650390625 0.4658203125 0.66552734375 0.4658203125 0.66552734375 0.4775390625 0.66455078125 0.478515625 0.66455078125 0.4794921875 0.6650390625 0.48046875 0.66552734375 0.4814453125 0.66552734375 0.49609375 0.66455078125 0.498046875 0.66455078125 0.5009765625 0.666015625 0.501953125 0.6669921875 0.501953125 0.66845703125 0.5009765625 0.66796875 0.498046875 0.66796875 0.4970703125 0.66796875 0.4833984375 0.66845703125 0.48046875 0.66845703125 0.478515625 0.66796875 0.478515625 0.66796875 0.4677734375 0.66845703125 0.46484375 0.66796875 0.4619140625 0.66796875 0.4501953125 0.66845703125 0.4482421875 0.66845703125 0.4453125 0.66845703125 0.443359375 0.66748046875 0.44140625 0.666015625 0.4423828125 0.666015625 0.4443359375 0.666015625 0.447265625
5 0.5126953125 0.35546875 0.5126953125 0.3837890625 0.51220703125 0.416015625 0.51171875 0.4326171875 0.51123046875 0.435546875 0.51123046875 0.4375 0.509765625 0.4384765625 0.509765625 0.439453125 0.5107421875 0.4404296875 0.51025390625 0.4609375 0.5107421875 0.466796875 0.515625 0.45703125 0.51611328125 0.453125 0.51611328125 0.4482421875 0.515625 0.4453125 0.5166015625 0.4443359375 0.51708984375 0.4404296875 0.5166015625 0.435546875 0.51611328125 0.431640625 0.51611328125 0.4248046875 0.51611328125 0.416015625 0.515625 0.4091796875 0.51513671875 0.4052734375 0.51513671875 0.390625 0.515625 0.37109375 0.51513671875 0.3564453125 0.51513671875 0.3505859375 0.51611328125 0.34765625 0.517578125 0.3466796875 0.517578125 0.330078125 0.51953125 0.3291015625 0.5185546875 0.32421875 0.5166015625 0.3203125 0.51611328125 0.31640625 0.515625 0.3125 0.51220703125 0.3125 0.51171875 0.314453125 0.51171875 0.3173828125 0.51220703125 0.3173828125 0.51171875 0.3193359375 0.509765625 0.3232421875 0.50830078125 0.326171875 0.50830078125 0.3291015625 0.50927734375 0.3349609375 0.51123046875 0.3447265625 0.5126953125 0.349609375
5 0.66015625 0.451171875 0.66015625 0.4599609375 0.65966796875 0.4609375 0.65966796875 0.4619140625 0.66015625 0.462890625 0.66015625 0.4638671875 0.66064453125 0.46484375 0.66064453125 0.474609375 0.66015625 0.474609375 0.66015625 0.4775390625 0.66064453125 0.4794921875 0.66064453125 0.4921875 0.65966796875 0.4931640625 0.66015625 0.4951171875 0.66064453125 0.49609375 0.662109375 0.49609375 0.6630859375 0.49609375 0.6630859375 0.49609375 0.6630859375 0.4951171875 0.6630859375 0.4921875 0.66259765625 0.4921875 0.66259765625 0.48046875 0.6630859375 0.4794921875 0.6640625 0.4775390625 0.6630859375 0.4755859375 0.66259765625 0.474609375 0.66259765625 0.466796875 0.66259765625 0.4658203125 0.6630859375 0.46484375 0.6630859375 0.4638671875 0.6640625 0.4619140625 0.6630859375 0.4599609375 0.66259765625 0.458984375 0.66259765625 0.451171875 0.66259765625 0.44921875 0.6630859375 0.4482421875 0.66259765625 0.447265625 0.66259765625 0.4443359375 0.66162109375 0.443359375 0.6611328125 0.443359375 0.66015625 0.4443359375 0.66015625 0.4453125 0.66064453125 0.447265625 0.66015625 0.4482421875 0.65966796875 0.4482421875 0.65966796875 0.44921875
5 0.65625 0.4501953125 0.65625 0.458984375 0.65576171875 0.4609375 0.65625 0.462890625 0.65673828125 0.4697265625 0.65625 0.4775390625 0.65625 0.4892578125 0.6552734375 0.4912109375 0.65576171875 0.4931640625 0.6572265625 0.4931640625 0.6591796875 0.4931640625 0.65966796875 0.4912109375 0.6591796875 0.490234375 0.65869140625 0.48828125 0.65869140625 0.4716796875 0.65869140625 0.466796875 0.65869140625 0.4638671875 0.6591796875 0.462890625 0.6591796875 0.4619140625 0.65869140625 0.4609375 0.65869140625 0.458984375 0.65869140625 0.45703125 0.65869140625 0.451171875 0.65869140625 0.4482421875 0.65869140625 0.443359375 0.65673828125 0.443359375
5 0.64453125 0.4560546875 0.64453125 0.4697265625 0.64453125 0.4765625 0.64453125 0.4814453125 0.64453125 0.4853515625 0.6455078125 0.486328125 0.64697265625 0.486328125 0.6474609375 0.4853515625 0.6474609375 0.4833984375 0.64697265625 0.4814453125 0.64697265625 0.4775390625 0.64697265625 0.4755859375 0.64697265625 0.46875 0.6474609375 0.4658203125 0.6474609375 0.4609375 0.6474609375 0.455078125
5 0.65283203125 0.44921875 0.65283203125 0.45703125 0.65234375 0.458984375 0.65234375 0.4619140625 0.65283203125 0.4619140625 0.65283203125 0.4697265625 0.65234375 0.4716796875 0.65234375 0.474609375 0.65283203125 0.4755859375 0.65283203125 0.48828125 0.65234375 0.48828125 0.65234375 0.4892578125 0.6552734375 0.4892578125 0.6552734375 0.486328125 0.65478515625 0.486328125 0.65478515625 0.48046875 0.6552734375 0.4775390625 0.6552734375 0.474609375 0.6552734375 0.4697265625 0.654296875 0.4697265625 0.654296875 0.46484375 0.654296875 0.462890625 0.6552734375 0.4619140625 0.6552734375 0.458984375 0.654296875 0.45703125 0.654296875 0.4521484375 0.654296875 0.4501953125 0.654296875 0.4482421875
5 0.6494140625 0.4501953125 0.64892578125 0.4716796875 0.6484375 0.4765625 0.6484375 0.4814453125 0.64794921875 0.484375 0.6474609375 0.4853515625 0.64794921875 0.48828125 0.650390625 0.48828125 0.650390625 0.486328125 0.650390625 0.4814453125 0.64990234375 0.48046875 0.64990234375 0.4775390625 0.650390625 0.47265625 0.650390625 0.46484375 0.650390625 0.4501953125
5 0.45703125 0.46484375 0.45703125 0.478515625 0.45654296875 0.4794921875 0.4560546875 0.48046875 0.4560546875 0.486328125 0.45654296875 0.486328125 0.45654296875 0.501953125 0.4560546875 0.5029296875 0.455078125 0.5048828125 0.455078125 0.5087890625 0.45947265625 0.5087890625 0.4599609375 0.5048828125 0.45947265625 0.5029296875 0.45947265625 0.501953125 0.45947265625 0.4873046875 0.4599609375 0.4853515625 0.4599609375 0.4794921875 0.45947265625 0.4775390625 0.45947265625 0.4765625 0.458984375 0.4765625 0.458984375 0.4677734375 0.4599609375 0.466796875 0.4609375 0.466796875 0.4609375 0.46484375 0.4599609375 0.462890625 0.458984375 0.4599609375 0.45751953125 0.4609375 0.45751953125 0.4619140625
5 0.4423828125 0.513671875 0.44775390625 0.513671875 0.447265625 0.5126953125 0.447265625 0.5078125 0.44677734375 0.5078125 0.44677734375 0.490234375 0.447265625 0.48828125 0.44775390625 0.4853515625 0.447265625 0.4833984375 0.44677734375 0.4833984375 0.44677734375 0.4697265625 0.447265625 0.46875 0.447265625 0.4658203125 0.44677734375 0.4638671875 0.4443359375 0.4638671875 0.44384765625 0.466796875 0.44287109375 0.46875 0.44384765625 0.4716796875 0.44384765625 0.4833984375 0.44287109375 0.4853515625 0.44287109375 0.490234375 0.44384765625 0.4912109375 0.44384765625 0.5009765625 0.44384765625 0.5068359375 0.4423828125 0.5078125 0.44189453125 0.509765625
5 0.43017578125 0.4482421875 0.43017578125 0.466796875 0.4296875 0.46875 0.4296875 0.4716796875 0.4296875 0.4736328125 0.43017578125 0.474609375 0.43017578125 0.4873046875 0.4296875 0.48828125 0.4296875 0.4892578125 0.4296875 0.490234375 0.43017578125 0.4921875 0.43017578125 0.51171875 0.42919921875 0.5126953125 0.4287109375 0.515625 0.4287109375 0.5185546875 0.4287109375 0.51953125 0.4296875 0.51953125 0.43310546875 0.51953125 0.4345703125 0.51953125 0.4345703125 0.5166015625 0.4345703125 0.513671875 0.43408203125 0.5126953125 0.43359375 0.51171875 0.43359375 0.498046875 0.43359375 0.4921875 0.43408203125 0.4912109375 0.43408203125 0.4892578125 0.43408203125 0.4873046875 0.43359375 0.486328125 0.43310546875 0.4853515625 0.43359375 0.474609375 0.43408203125 0.4716796875 0.43408203125 0.4677734375 0.43408203125 0.4658203125 0.43359375 0.46484375 0.43359375 0.451171875 0.43359375 0.4482421875 0.43359375 0.4423828125 0.43310546875 0.439453125 0.43212890625 0.4384765625 0.4306640625 0.439453125 0.4306640625 0.44140625 0.4306640625 0.443359375 0.4296875 0.4443359375
5 0.4111328125 0.4697265625 0.4111328125 0.48828125 0.4111328125 0.4892578125 0.4111328125 0.4912109375 0.4111328125 0.4931640625 0.41162109375 0.4951171875 0.41162109375 0.4970703125 0.41162109375 0.5107421875 0.41162109375 0.5166015625 0.4111328125 0.5166015625 0.41064453125 0.5205078125 0.40966796875 0.521484375 0.40966796875 0.5234375 0.4169921875 0.5234375 0.4169921875 0.521484375 0.41650390625 0.5205078125 0.41650390625 0.5185546875 0.416015625 0.5146484375 0.41552734375 0.5126953125 0.41552734375 0.4951171875 0.416015625 0.4931640625 0.416015625 0.4912109375 0.416015625 0.4892578125 0.416015625 0.48828125 0.41552734375 0.48828125 0.4150390625 0.486328125 0.4150390625 0.484375 0.4150390625 0.478515625 0.4150390625 0.47265625 0.4150390625 0.4716796875 0.41552734375 0.4697265625 0.416015625 0.4677734375 0.41552734375 0.4658203125 0.41552734375 0.462890625 0.41552734375 0.45703125 0.4150390625 0.4501953125 0.4150390625 0.447265625 0.41552734375 0.4443359375 0.4150390625 0.4423828125 0.4150390625 0.4404296875 0.4150390625 0.4375 0.4140625 0.435546875 0.41259765625 0.4365234375 0.412109375 0.4375 0.41162109375 0.4404296875 0.41064453125 0.44140625 0.41015625 0.443359375 0.41015625 0.4453125 0.4111328125 0.4453125 0.41162109375 0.447265625 0.4111328125 0.4541015625
5 0.72509765625 0.4599609375 0.724609375 0.4873046875 0.72412109375 0.48828125 0.7236328125 0.4892578125 0.7236328125 0.4912109375 0.72412109375 0.4931640625 0.724609375 0.49609375 0.724609375 0.5205078125 0.72412109375 0.5234375 0.72412109375 0.5263671875 0.72412109375 0.5283203125 0.724609375 0.5283203125 0.72509765625 0.5302734375 0.7255859375 0.55859375 0.724609375 0.560546875 0.72412109375 0.5634765625 0.72412109375 0.56640625 0.7236328125 0.5673828125 0.72265625 0.568359375 0.72216796875 0.5693359375 0.72216796875 0.5703125 0.72265625 0.5712890625 0.72607421875 0.572265625 0.732421875 0.572265625 0.73388671875 0.572265625 0.73388671875 0.5703125 0.73291015625 0.568359375 0.73291015625 0.56640625 0.732421875 0.5634765625 0.73193359375 0.5615234375 0.73193359375 0.5595703125 0.7314453125 0.5595703125 0.73095703125 0.55859375 0.73095703125 0.5322265625 0.7314453125 0.53125 0.732421875 0.5302734375 0.732421875 0.52734375 0.732421875 0.525390625 0.732421875 0.5234375 0.73193359375 0.5224609375 0.7314453125 0.521484375 0.73095703125 0.51953125 0.73095703125 0.509765625 0.73095703125 0.4970703125 0.7314453125 0.49609375 0.7314453125 0.4951171875 0.7314453125 0.4921875 0.7314453125 0.490234375 0.73095703125 0.4892578125 0.73046875 0.48828125 0.73046875 0.486328125 0.72998046875 0.484375 0.72998046875 0.4599609375 0.73095703125 0.458984375 0.7314453125 0.455078125 0.72998046875 0.4521484375 0.7294921875 0.451171875 0.728515625 0.44921875 0.7265625 0.4482421875 0.72607421875 0.4482421875 0.72509765625 0.44921875 0.72509765625 0.451171875 0.72509765625 0.4521484375 0.72412109375 0.453125 0.7236328125 0.4541015625 0.7236328125 0.4560546875 0.72412109375 0.458984375
5 0.744140625 0.45703125 0.744140625 0.4521484375 0.74462890625 0.4501953125 0.74658203125 0.4501953125 0.748046875 0.451171875 0.748046875 0.455078125 0.748046875 0.45703125 0.7490234375 0.4599609375 0.75 0.4609375 0.75 0.4619140625 0.7490234375 0.462890625 0.7490234375 0.4658203125 0.74853515625 0.4677734375 0.74853515625 0.4814453125 0.74853515625 0.4921875 0.74853515625 0.4990234375 0.7490234375 0.5 0.7490234375 0.501953125 0.7490234375 0.5048828125 0.74853515625 0.5068359375 0.74755859375 0.5068359375 0.74755859375 0.5126953125 0.74755859375 0.5263671875 0.74755859375 0.53515625 0.748046875 0.5380859375 0.748046875 0.54296875 0.748046875 0.544921875 0.74658203125 0.5458984375 0.74658203125 0.548828125 0.74609375 0.580078125 0.74755859375 0.5810546875 0.74755859375 0.5830078125 0.74755859375 0.587890625 0.74853515625 0.591796875 0.74951171875 0.59375 0.74951171875 0.595703125 0.73876953125 0.5966796875 0.736328125 0.595703125 0.73583984375 0.59375 0.73583984375 0.591796875 0.73681640625 0.5908203125 0.73779296875 0.5908203125 0.73779296875 0.587890625 0.7373046875 0.5869140625 0.7373046875 0.5830078125 0.73779296875 0.5810546875 0.73876953125 0.5791015625 0.7392578125 0.578125 0.740234375 0.560546875 0.740234375 0.546875 0.7392578125 0.5458984375 0.73876953125 0.54296875 0.7392578125 0.5380859375 0.73974609375 0.5361328125 0.74072265625 0.53515625 0.74072265625 0.5322265625 0.74169921875 0.5087890625 0.74072265625 0.5068359375 0.740234375 0.5048828125 0.740234375 0.501953125 0.740234375 0.5009765625 0.74072265625 0.4990234375 0.7421875 0.498046875 0.74267578125 0.4970703125 0.7431640625 0.4892578125 0.7431640625 0.4775390625 0.74365234375 0.4658203125 0.7431640625 0.46484375 0.74267578125 0.462890625 0.74169921875 0.4619140625 0.74169921875 0.4599609375 0.7421875 0.458984375
5 0.6416015625 0.4599609375 0.6416015625 0.478515625 0.6416015625 0.4814453125 0.64208984375 0.4814453125 0.6435546875 0.4814453125 0.64404296875 0.4794921875 0.64404296875 0.4775390625 0.6435546875 0.474609375 0.6435546875 0.4609375 0.64404296875 0.458984375 0.64306640625 0.455078125
5 0.63623046875 0.4541015625 0.6357421875 0.474609375 0.63671875 0.4794921875 0.63720703125 0.48046875 0.6376953125 0.478515625 0.63818359375 0.455078125 0.6376953125 0.453125
5 0.53125 0.3662109375 0.53076171875 0.4150390625 0.5302734375 0.4189453125 0.52978515625 0.4482421875 0.52880859375 0.4482421875 0.52880859375 0.453125 0.533203125 0.453125 0.533203125 0.4482421875 0.5322265625 0.4482421875 0.5322265625 0.419921875 0.53173828125 0.416015625 0.5322265625 0.37109375 0.5322265625 0.361328125 0.533203125 0.3603515625 0.53369140625 0.357421875 0.53369140625 0.3525390625 0.53369140625 0.34765625 0.5322265625 0.34765625 0.5322265625 0.345703125 0.5322265625 0.34375 0.53125 0.34375 0.5302734375 0.34375 0.52978515625 0.34375 0.52978515625 0.34765625 0.52880859375 0.3486328125 0.52880859375 0.3564453125 0.529296875 0.3603515625 0.5302734375 0.3623046875
5 0.525390625 0.365234375 0.525390625 0.4033203125 0.525390625 0.412109375 0.52734375 0.412109375 0.5263671875 0.4052734375 0.5263671875 0.392578125 0.5263671875 0.37109375 0.5263671875 0.3603515625 0.52783203125 0.3583984375 0.52783203125 0.353515625 0.52783203125 0.349609375 0.5263671875 0.3486328125 0.5263671875 0.3466796875 0.52490234375 0.345703125 0.5244140625 0.3466796875 0.5244140625 0.3525390625 0.5234375 0.353515625 0.5234375 0.3564453125 0.5234375 0.3583984375 0.5234375 0.359375 0.5244140625 0.3603515625 0.52490234375 0.3603515625 0.525390625 0.361328125
11 0.525390625 0.4736328125 0.52587890625 0.46484375 0.52587890625 0.4599609375 0.52587890625 0.453125 0.5263671875 0.44921875 0.52734375 0.4443359375 0.52783203125 0.4404296875 0.5283203125 0.439453125 0.5283203125 0.4384765625 0.52978515625 0.4384765625 0.5302734375 0.4365234375 0.52880859375 0.43359375 0.5283203125 0.4306640625 0.5283203125 0.42578125 0.525390625 0.416015625 0.521484375 0.419921875 0.5185546875 0.4267578125 0.51806640625 0.4375 0.51953125 0.4404296875 0.5205078125 0.4638671875
5 0.5205078125 0.4482421875 0.5205078125 0.4560546875 0.52001953125 0.45703125 0.52001953125 0.458984375 0.521484375 0.4599609375 0.521484375 0.47265625 0.521484375 0.4833984375 0.521484375 0.484375 0.52197265625 0.4853515625 0.5234375 0.4853515625 0.5234375 0.4814453125 0.52294921875 0.4765625 0.52294921875 0.4619140625 0.52294921875 0.458984375 0.52294921875 0.4599609375 0.5234375 0.45703125 0.52294921875 0.4560546875 0.5224609375 0.455078125 0.5224609375 0.451171875 0.5224609375 0.44921875 0.5224609375 0.4482421875 0.52197265625 0.447265625
11 0.06103515625 0.5546875 0.05810546875 0.560546875 0.05517578125 0.5625 0.0546875 0.564453125 0.0546875 0.5673828125 0.05712890625 0.5673828125 0.0673828125 0.5673828125 0.07080078125 0.564453125 0.0712890625 0.560546875 0.07177734375 0.556640625 0.07080078125 0.5556640625 0.07177734375 0.552734375 0.072265625 0.5498046875 0.07275390625 0.5380859375 0.0732421875 0.5244140625 0.07568359375 0.521484375 0.08203125 0.533203125 0.08349609375 0.5361328125 0.08447265625 0.5400390625 0.0849609375 0.552734375 0.0859375 0.5556640625 0.0888671875 0.5517578125 0.0908203125 0.548828125 0.091796875 0.5458984375 0.091796875 0.5439453125 0.09130859375 0.5400390625 0.09375 0.537109375 0.0947265625 0.533203125 0.0966796875 0.5263671875 0.0966796875 0.5224609375 0.09130859375 0.51953125 0.083984375 0.513671875 0.07861328125 0.5087890625 0.076171875 0.4931640625 0.0751953125 0.4853515625 0.07763671875 0.4755859375 0.07958984375 0.46484375 0.08251953125 0.45703125 0.08349609375 0.453125 0.08447265625 0.4453125 0.087890625 0.4482421875 0.0888671875 0.4541015625 0.0888671875 0.455078125 0.09130859375 0.455078125 0.0927734375 0.451171875 0.09326171875 0.4453125 0.09423828125 0.4384765625 0.0927734375 0.43359375 0.0908203125 0.4267578125 0.0908203125 0.4130859375 0.0927734375 0.408203125 0.0947265625 0.4091796875 0.09521484375 0.4072265625 0.0947265625 0.4033203125 0.09130859375 0.3974609375 0.08837890625 0.390625 0.08837890625 0.3818359375 0.08544921875 0.3759765625 0.08349609375 0.3720703125 0.080078125 0.3671875 0.080078125 0.3642578125 0.07958984375 0.359375 0.07568359375 0.3583984375 0.0751953125 0.3564453125 0.07568359375 0.353515625 0.07666015625 0.349609375 0.076171875 0.3466796875 0.076171875 0.3427734375 0.076171875 0.337890625 0.07470703125 0.33203125 0.06982421875 0.326171875 0.06591796875 0.3251953125 0.0634765625 0.326171875 0.060546875 0.3291015625 0.0595703125 0.3330078125 0.05908203125 0.3359375 0.05517578125 0.337890625 0.0546875 0.3427734375 0.0576171875 0.3447265625 0.05908203125 0.3447265625 0.05908203125 0.3466796875 0.05859375 0.3486328125 0.0576171875 0.3505859375 0.0576171875 0.353515625 0.05810546875 0.357421875 0.05859375 0.3603515625 0.06005859375 0.3623046875 0.0615234375 0.3642578125 0.06396484375 0.3671875 0.0634765625 0.3701171875 0.060546875 0.373046875 0.05859375 0.3779296875 0.0556640625 0.3837890625 0.0546875 0.3916015625 0.04931640625 0.3955078125 0.0498046875 0.3896484375 0.048828125 0.3828125 0.0439453125 0.3876953125 0.04052734375 0.3935546875 0.0400390625 0.40234375 0.044921875 0.4052734375 0.0517578125 0.4169921875 0.05419921875 0.4169921875 0.05712890625 0.4130859375 0.06005859375 0.412109375 0.060546875 0.412109375 0.06103515625 0.4140625 0.060546875 0.416015625 0.0595703125 0.41796875 0.05908203125 0.423828125 0.0615234375 0.447265625 0.06103515625 0.458984375 0.06103515625 0.4697265625 0.06103515625 0.4794921875 0.06201171875 0.4853515625 0.06201171875 0.4921875 0.06298828125 0.50390625 0.06396484375 0.5107421875 0.064453125 0.5263671875 0.0634765625 0.5322265625 0.06201171875 0.5361328125 0.06103515625 0.5400390625 0.060546875 0.544921875 0.060546875 0.546875
17 0.37158203125 0.4248046875 0.37158203125 0.416015625 0.37451171875 0.4130859375 0.37744140625 0.41015625 0.380859375 0.4091796875 0.38525390625 0.408203125 0.38671875 0.412109375 0.38720703125 0.416015625 0.3876953125 0.419921875 0.388671875 0.419921875 0.39013671875 0.4208984375 0.39111328125 0.4248046875 0.3916015625 0.427734375 0.39306640625 0.4296875 0.3935546875 0.431640625 0.39404296875 0.43359375 0.39501953125 0.4365234375 0.396484375 0.4375 0.3955078125 0.4423828125 0.3955078125 0.4453125 0.39794921875 0.447265625 0.40087890625 0.4482421875 0.4033203125 0.4501953125 0.404296875 0.4501953125 0.40478515625 0.4521484375 0.4052734375 0.458984375 0.4052734375 0.46875 0.40478515625 0.4765625 0.40380859375 0.4833984375 0.40380859375 0.4892578125 0.40380859375 0.49609375 0.404296875 0.5 0.404296875 0.50390625 0.40380859375 0.5078125 0.4033203125 0.509765625 0.40283203125 0.5107421875 0.40234375 0.51171875 0.40087890625 0.51171875 0.3994140625 0.51171875 0.3984375 0.51171875 0.3974609375 0.5126953125 0.39697265625 0.5146484375 0.3955078125 0.5166015625 0.39453125 0.5185546875 0.3935546875 0.5185546875 0.39208984375 0.5185546875 0.39111328125 0.5166015625 0.38916015625 0.5166015625 0.3876953125 0.515625 0.3876953125 0.515625 0.38720703125 0.51171875 0.38623046875 0.5068359375 0.384765625 0.5029296875 0.380859375 0.5009765625 0.38037109375 0.4990234375 0.37890625 0.4990234375 0.37890625 0.4970703125 0.37890625 0.4951171875 0.37646484375 0.498046875 0.37548828125 0.4990234375 0.37353515625 0.4990234375 0.37109375 0.4931640625 0.3671875 0.4775390625
5 0.0048828125 0.0380859375 0.001953125 0.0849609375 0.0068359375 0.646484375 0.00537109375 0.650390625 0.00244140625 0.65234375 0.0 0.6533203125 0.0 0.0400390625
5 0.388671875 0.447265625 0.388671875 0.4697265625 0.3876953125 0.47265625 0.3876953125 0.4765625 0.38818359375 0.4775390625 0.38916015625 0.478515625 0.39013671875 0.49609375 0.38916015625 0.4970703125 0.38916015625 0.4990234375 0.39013671875 0.5009765625 0.390625 0.501953125 0.390625 0.5244140625 0.39013671875 0.525390625 0.39013671875 0.52734375 0.39013671875 0.5322265625 0.39013671875 0.533203125 0.39111328125 0.533203125 0.39501953125 0.533203125 0.396484375 0.533203125 0.39697265625 0.5322265625 0.396484375 0.5302734375 0.396484375 0.5263671875 0.3955078125 0.525390625 0.39501953125 0.525390625 0.39453125 0.5244140625 0.39453125 0.5166015625 0.39453125 0.501953125 0.39501953125 0.5009765625 0.3955078125 0.4990234375 0.3955078125 0.4970703125 0.39501953125 0.4951171875 0.39453125 0.4931640625 0.39453125 0.48046875 0.39501953125 0.4794921875 0.3955078125 0.478515625 0.396484375 0.4765625 0.3955078125 0.47265625 0.39453125 0.4697265625 0.39404296875 0.46875 0.39404296875 0.46484375 0.39404296875 0.455078125 0.39404296875 0.447265625 0.39453125 0.4453125 0.39501953125 0.4423828125 0.39501953125 0.4375 0.39501953125 0.43359375 0.39404296875 0.4326171875 0.3935546875 0.4287109375 0.39111328125 0.427734375 0.390625 0.431640625 0.390625 0.43359375 0.390625 0.4365234375 0.390625 0.4384765625 0.38916015625 0.439453125 0.388671875 0.439453125 0.38818359375 0.44140625
5 0.36669921875 0.451171875 0.36669921875 0.474609375 0.365234375 0.4755859375 0.365234375 0.4794921875 0.365234375 0.48046875 0.36572265625 0.484375 0.36572265625 0.5029296875 0.36474609375 0.50390625 0.36474609375 0.5078125 0.36572265625 0.5107421875 0.36572265625 0.5361328125 0.36474609375 0.5361328125 0.36474609375 0.541015625 0.36376953125 0.5439453125 0.36376953125 0.544921875 0.36669921875 0.544921875 0.36865234375 0.544921875 0.37060546875 0.5439453125 0.37158203125 0.54296875 0.37158203125 0.5390625 0.37158203125 0.53515625 0.37109375 0.53515625 0.37060546875 0.53515625 0.37060546875 0.5166015625 0.37060546875 0.509765625 0.37109375 0.5087890625 0.37158203125 0.5068359375 0.37158203125 0.50390625 0.37109375 0.5029296875 0.37060546875 0.5 0.37060546875 0.4833984375 0.37109375 0.48046875 0.37158203125 0.4794921875 0.37158203125 0.4765625 0.37109375 0.474609375 0.3701171875 0.4736328125 0.3701171875 0.46875 0.3701171875 0.451171875 0.37060546875 0.4501953125 0.37109375 0.4482421875 0.37109375 0.447265625 0.37060546875 0.4453125 0.36962890625 0.4443359375 0.36962890625 0.443359375 0.36962890625 0.44140625 0.3701171875 0.4404296875 0.36962890625 0.4384765625 0.36865234375 0.4384765625 0.3671875 0.4384765625 0.36669921875 0.4404296875 0.36669921875 0.44140625 0.3671875 0.443359375 0.36669921875 0.4443359375 0.36572265625 0.4453125 0.365234375 0.447265625 0.36572265625 0.4482421875
8 0.115234375 0.0 0.1181640625 0.314453125 0.11865234375 0.4619140625 0.119140625 0.5390625 0.119140625 0.548828125 0.11865234375 0.5693359375 0.11572265625 0.5927734375 0.11376953125 0.5986328125 0.107421875 0.6162109375 0.1123046875 0.62109375 0.11962890625 0.62109375 0.12548828125 0.619140625 0.13134765625 0.6123046875 0.13525390625 0.6123046875 0.14013671875 0.6142578125 0.1455078125 0.6171875 0.14990234375 0.6171875 0.15478515625 0.6142578125 0.16064453125 0.6044921875 0.16259765625 0.599609375 0.15966796875 0.587890625 0.158203125 0.5791015625 0.15673828125 0.5625 0.15625 0.5498046875 0.1552734375 0.5390625 0.15478515625 0.5224609375 0.15478515625 0.5126953125 0.15478515625 0.501953125 0.1533203125 0.4931640625 0.15234375 0.4892578125 0.150390625 0.3876953125 0.14990234375 0.3642578125 0.1494140625 0.2431640625 0.14794921875 0.0400390625 0.14892578125 0.0263671875 0.14892578125 0.0126953125 0.15234375 0.0
5 0.56982421875 0.3740234375 0.56982421875 0.4072265625 0.5703125 0.4091796875 0.57080078125 0.4072265625 0.57080078125 0.4013671875 0.57080078125 0.392578125 0.5712890625 0.3740234375
0 0.0 0.73046875 0.0263671875 0.7314453125 0.04248046875 0.7314453125 0.06787109375 0.7333984375 0.08740234375 0.7373046875 0.20458984375 0.7470703125 0.2275390625 0.7490234375 0.24462890625 0.75 0.267578125 0.75390625 0.28515625 0.7578125 0.33837890625 0.76953125 0.3505859375 0.7724609375 0.373046875 0.77734375 0.38720703125 0.78125 0.42333984375 0.7900390625 0.44091796875 0.7958984375 0.46875 0.802734375 0.494140625 0.80859375 0.58154296875 0.8359375 0.5927734375 0.8408203125 0.6064453125 0.845703125 0.61181640625 0.8486328125 0.73095703125 0.90625 0.7763671875 0.9306640625 0.7861328125 0.9365234375 0.904296875 0.9912109375 0.92431640625 0.9990234375 0.5068359375 0.9990234375 0.0 0.9990234375
7 0.03076171875 0.0 0.03076171875 0.0810546875 0.02880859375 0.0869140625 0.0185546875 0.087890625 0.0 0.0849609375 0.0 0.0
5 0.59521484375 0.376953125 0.59521484375 0.376953125 0.59521484375 0.3701171875 0.595703125 0.3671875 0.595703125 0.3642578125 0.59619140625 0.361328125 0.5966796875 0.357421875 0.5966796875 0.3544921875 0.59423828125 0.34765625 0.5927734375 0.3544921875 0.5927734375 0.3623046875 0.59326171875 0.365234375 0.59375 0.37109375 0.59375 0.384765625 0.5927734375 0.4453125 0.59619140625 0.4453125 0.59521484375 0.3818359375
