1 0.435546875 0.55078125 0.50048828125 0.5283203125 0.576171875 0.5400390625 0.56787109375 0.5634765625 0.4189453125 0.5625
2 0.0 0.0009765625 0.99951171875 0.0 0.99951171875 0.484375 0.59326171875 0.5634765625 0.56689453125 0.560546875 0.55908203125 0.5546875 0.55322265625 0.54296875 0.54541015625 0.5390625 0.4931640625 0.5400390625 0.4892578125 0.5478515625 0.43310546875 0.5634765625 0.0 0.544921875
5 0.1572265625 0.4970703125 0.1591796875 0.45703125 0.1591796875 0.453125 0.146484375 0.1240234375 0.14208984375 0.1240234375 0.15673828125 0.5126953125
7 0.11279296875 0.1328125 0.1435546875 0.1318359375 0.146484375 0.1865234375 0.11474609375 0.1884765625
7 0.1171875 0.2197265625 0.11474609375 0.19140625 0.14501953125 0.1923828125 0.146484375 0.22265625
5 0.548828125 0.5849609375 0.53955078125 0.3076171875 0.5458984375 0.30859375 0.55419921875 0.591796875 0.548828125 0.5927734375
7 0.54541015625 0.318359375 0.5771484375 0.3134765625 0.57958984375 0.3916015625 0.548828125 0.3994140625
7 0.548828125 0.396484375 0.580078125 0.392578125 0.583984375 0.4541015625 0.54931640625 0.458984375
7 0.5498046875 0.45703125 0.5849609375 0.4541015625 0.58544921875 0.515625 0.55029296875 0.5166015625
5 0.57666015625 0.2958984375 0.58837890625 0.6044921875 0.59375 0.6005859375 0.5830078125 0.291015625
7 0.564453125 0.3056640625 0.5634765625 0.2724609375 0.58984375 0.265625 0.5908203125 0.296875
11 0.76904296875 0.587890625 0.77392578125 0.587890625 0.7744140625 0.5830078125 0.7734375 0.578125 0.7744140625 0.5732421875 0.77490234375 0.5703125 0.77587890625 0.5634765625 0.77587890625 0.5595703125 0.77783203125 0.5556640625 0.77880859375 0.552734375 0.7783203125 0.548828125 0.775390625 0.544921875 0.7763671875 0.5361328125 0.77783203125 0.52734375 0.7783203125 0.5205078125 0.78076171875 0.4951171875 0.78173828125 0.4921875 0.7822265625 0.4931640625 0.7822265625 0.4990234375 0.783203125 0.4990234375 0.78466796875 0.4990234375 0.7861328125 0.4970703125 0.78662109375 0.4921875 0.787109375 0.4873046875 0.78759765625 0.4814453125 0.7890625 0.4794921875 0.7880859375 0.47265625 0.787109375 0.46875 0.78662109375 0.4560546875 0.7861328125 0.451171875 0.78515625 0.4453125 0.78466796875 0.4375 0.78369140625 0.4296875 0.783203125 0.423828125 0.78076171875 0.419921875 0.77978515625 0.41796875 0.779296875 0.416015625 0.7763671875 0.4140625 0.775390625 0.412109375 0.7734375 0.41015625 0.77197265625 0.408203125 0.7705078125 0.4072265625 0.77001953125 0.404296875 0.7705078125 0.4013671875 0.77197265625 0.3955078125 0.771484375 0.3896484375 0.76904296875 0.384765625 0.7666015625 0.3828125 0.7626953125 0.3837890625 0.76025390625 0.3857421875 0.7578125 0.3916015625 0.75830078125 0.396484375 0.75830078125 0.4013671875 0.75927734375 0.404296875 0.759765625 0.4072265625 0.759765625 0.408203125 0.7607421875 0.41015625 0.7578125 0.4130859375 0.75390625 0.41796875 0.7509765625 0.4287109375 0.74951171875 0.439453125 0.74853515625 0.453125 0.74755859375 0.47265625 0.74853515625 0.4736328125 0.74853515625 0.4755859375 0.74853515625 0.4775390625 0.748046875 0.4833984375 0.74755859375 0.48828125 0.74755859375 0.4892578125 0.74755859375 0.4912109375 0.748046875 0.4951171875 0.7490234375 0.4990234375 0.75048828125 0.5 0.75146484375 0.4990234375 0.751953125 0.4990234375 0.75341796875 0.4970703125 0.75244140625 0.4951171875 0.751953125 0.4931640625 0.751953125 0.4912109375 0.75341796875 0.4912109375 0.75732421875 0.4921875 0.75732421875 0.4990234375 0.7568359375 0.509765625 0.7568359375 0.5166015625 0.75732421875 0.52734375 0.75830078125 0.5341796875 0.759765625 0.537109375 0.76123046875 0.541015625 0.7626953125 0.5458984375 0.76416015625 0.55078125 0.765625 0.5546875 0.765625 0.5625 0.765625 0.5712890625 0.7666015625 0.57421875 0.76708984375 0.5791015625 0.767578125 0.58203125 0.767578125 0.583984375 0.767578125 0.5869140625
11 0.85986328125 0.50390625 0.86083984375 0.498046875 0.861328125 0.4873046875 0.85986328125 0.4775390625 0.8583984375 0.47265625 0.85791015625 0.4677734375 0.85791015625 0.4638671875 0.85595703125 0.390625 0.8583984375 0.3896484375 0.86083984375 0.390625 0.86279296875 0.392578125 0.86376953125 0.3935546875 0.8642578125 0.3955078125 0.86376953125 0.4013671875 0.86279296875 0.404296875 0.865234375 0.4072265625 0.8681640625 0.41015625 0.869140625 0.416015625 0.869140625 0.419921875 0.86962890625 0.421875 0.8701171875 0.42578125 0.8701171875 0.4296875 0.87060546875 0.4365234375 0.87060546875 0.4423828125 0.8701171875 0.4443359375 0.87060546875 0.447265625 0.87158203125 0.44921875 0.87255859375 0.4521484375 0.87255859375 0.453125 0.87255859375 0.45703125 0.87158203125 0.4599609375 0.87060546875 0.4609375 0.8681640625 0.4609375 0.8681640625 0.462890625 0.86865234375 0.466796875 0.87158203125 0.4765625 0.8740234375 0.48046875 0.87548828125 0.4853515625 0.87744140625 0.490234375 0.87939453125 0.4931640625 0.87841796875 0.4970703125 0.8759765625 0.4990234375 0.8740234375 0.501953125 0.87109375 0.5029296875 0.87060546875 0.5009765625 0.87158203125 0.498046875 0.87255859375 0.49609375 0.8681640625 0.4833984375 0.865234375 0.4765625 0.865234375 0.4814453125 0.865234375 0.4970703125 0.86572265625 0.5 0.8671875 0.50390625 0.86572265625 0.5048828125 0.8642578125 0.5048828125
11 0.9013671875 0.548828125 0.90625 0.5478515625 0.90869140625 0.5458984375 0.90966796875 0.5439453125 0.91064453125 0.537109375 0.9111328125 0.5234375 0.91064453125 0.50390625 0.91015625 0.498046875 0.91015625 0.4951171875 0.9091796875 0.4931640625 0.908203125 0.4951171875 0.90576171875 0.4951171875 0.90576171875 0.490234375 0.904296875 0.4873046875 0.90283203125 0.4853515625 0.90087890625 0.4814453125 0.900390625 0.474609375 0.9013671875 0.4423828125 0.904296875 0.4296875 0.9033203125 0.4267578125 0.90234375 0.421875 0.90234375 0.41796875 0.9033203125 0.4150390625 0.90283203125 0.408203125 0.904296875 0.3994140625 0.904296875 0.3916015625 0.90478515625 0.3876953125 0.908203125 0.384765625 0.912109375 0.3837890625 0.91455078125 0.388671875 0.91650390625 0.3935546875 0.91845703125 0.4013671875 0.9208984375 0.408203125 0.92041015625 0.412109375 0.92333984375 0.41796875 0.92626953125 0.4326171875 0.927734375 0.4443359375 0.92822265625 0.4501953125 0.93701171875 0.4736328125 0.92724609375 0.484375 0.92333984375 0.4892578125 0.921875 0.4951171875 0.921875 0.501953125 0.92138671875 0.51171875 0.9228515625 0.5205078125 0.9248046875 0.541015625 0.9248046875 0.544921875 0.92626953125 0.5595703125 0.92529296875 0.5625 0.91455078125 0.5615234375 0.91259765625 0.5595703125 0.9150390625 0.5576171875 0.9189453125 0.552734375 0.919921875 0.55078125 0.919921875 0.546875 0.91845703125 0.544921875 0.91796875 0.5400390625 0.9169921875 0.5380859375 0.916015625 0.541015625 0.9150390625 0.5439453125 0.9150390625 0.5556640625 0.91455078125 0.5576171875 0.91259765625 0.55859375 0.908203125 0.5556640625 0.90576171875 0.5556640625 0.9033203125 0.552734375
7 0.1513671875 0.3056640625 0.17333984375 0.302734375 0.171875 0.287109375 0.150390625 0.2900390625
13 0.0 0.46875 0.01953125 0.4677734375 0.0322265625 0.4951171875 0.03759765625 0.5087890625 0.03759765625 0.541015625 0.02197265625 0.5830078125 0.01025390625 0.591796875 0.0 0.5908203125
13 0.0078125 0.5380859375 0.01318359375 0.5302734375 0.02001953125 0.5224609375 0.0302734375 0.5146484375 0.033203125 0.509765625 0.03369140625 0.5048828125 0.04736328125 0.484375 0.05517578125 0.47265625 0.06591796875 0.462890625 0.06982421875 0.458984375 0.1025390625 0.4521484375 0.12890625 0.4521484375 0.13330078125 0.4501953125 0.1552734375 0.44921875 0.15966796875 0.44921875 0.16650390625 0.453125 0.18505859375 0.4873046875 0.18603515625 0.4921875 0.18798828125 0.5283203125 0.18603515625 0.580078125 0.185546875 0.587890625 0.18408203125 0.591796875 0.18212890625 0.5947265625 0.1787109375 0.59765625 0.171875 0.599609375 0.16796875 0.595703125 0.16455078125 0.5849609375 0.11376953125 0.59375 0.11279296875 0.6025390625 0.11083984375 0.609375 0.10009765625 0.615234375 0.0908203125 0.6142578125 0.0859375 0.6083984375 0.0830078125 0.5966796875 0.02978515625 0.59765625 0.02734375 0.6083984375 0.01904296875 0.6103515625 0.01513671875 0.609375 0.01318359375 0.6064453125 0.005859375 0.5908203125 0.00439453125 0.5634765625 0.00537109375 0.5458984375
13 0.18017578125 0.560546875 0.18017578125 0.53515625 0.18505859375 0.5185546875 0.2216796875 0.4951171875 0.22216796875 0.486328125 0.22509765625 0.4814453125 0.23095703125 0.478515625 0.2490234375 0.455078125 0.26220703125 0.44140625 0.2939453125 0.4287109375 0.3486328125 0.423828125 0.3984375 0.4306640625 0.423828125 0.4736328125 0.427734375 0.4912109375 0.4296875 0.5048828125 0.43212890625 0.5234375 0.4326171875 0.5380859375 0.43115234375 0.55859375 0.42724609375 0.568359375 0.41552734375 0.57421875 0.41162109375 0.58203125 0.40576171875 0.59765625 0.40283203125 0.6005859375 0.392578125 0.603515625 0.3857421875 0.59375 0.3798828125 0.5859375 0.3486328125 0.599609375 0.3388671875 0.6162109375 0.3310546875 0.619140625 0.31787109375 0.6181640625 0.31298828125 0.615234375 0.3056640625 0.5986328125 0.21826171875 0.5947265625 0.2177734375 0.6064453125 0.212890625 0.6103515625 0.20654296875 0.611328125 0.197265625 0.6103515625 0.19287109375 0.6044921875 0.18896484375 0.595703125 0.18798828125 0.587890625 0.1826171875 0.5849609375
