2 0.0 0.0 0.99951171875 0.0 0.99951171875 0.626953125 0.9091796875 0.5498046875 0.90966796875 0.46875 0.3828125 0.44921875 0.37939453125 0.5234375 0.0 0.6455078125
7 0.412109375 0.3408203125 0.4248046875 0.341796875 0.4267578125 0.4638671875 0.4130859375 0.4638671875
0 0.0 0.7666015625 0.48291015625 0.5107421875 0.38232421875 0.5048828125 0.376953125 0.53125 0.36962890625 0.4814453125 0.37109375 0.4736328125 0.42431640625 0.4658203125 0.509765625 0.466796875 0.59033203125 0.4658203125 0.92333984375 0.4951171875 0.923828125 0.5341796875 0.86376953125 0.541015625 0.82373046875 0.5478515625 0.99951171875 0.8662109375 0.99951171875 0.9990234375 0.0 0.9990234375
1 0.0 0.62109375 0.1123046875 0.58984375 0.13720703125 0.5859375 0.1806640625 0.5712890625 0.22802734375 0.5556640625 0.26171875 0.5439453125 0.3681640625 0.5166015625 0.37109375 0.5029296875 0.3701171875 0.4892578125 0.39111328125 0.4970703125 0.43017578125 0.498046875 0.47509765625 0.5 0.5126953125 0.5009765625 0.53466796875 0.5029296875 0.5322265625 0.5107421875 0.51806640625 0.5185546875 0.50390625 0.5244140625 0.47412109375 0.5380859375 0.46435546875 0.5439453125 0.4560546875 0.546875 0.45263671875 0.5478515625 0.248046875 0.6826171875 0.0 0.837890625
1 0.99951171875 0.587890625 0.923828125 0.5556640625 0.923828125 0.5341796875 0.84326171875 0.541015625 0.81005859375 0.55078125 0.7998046875 0.560546875 0.7998046875 0.5712890625 0.82666015625 0.6640625 0.8623046875 0.736328125 0.99951171875 0.9609375
1 0.630859375 0.453125 0.923828125 0.455078125 0.923828125 0.4951171875 0.87841796875 0.4970703125 0.38818359375 0.474609375 0.3701171875 0.474609375 0.3701171875 0.4482421875 0.40869140625 0.4501953125 0.43603515625 0.4501953125 0.4560546875 0.4501953125 0.541015625 0.4560546875 0.54736328125 0.4541015625
5 0.5986328125 0.455078125 0.59765625 0.4306640625 0.6015625 0.419921875 0.625 0.41796875 0.62744140625 0.421875 0.62841796875 0.4765625 0.62548828125 0.4775390625 0.625 0.427734375 0.62353515625 0.4248046875 0.60302734375 0.42578125 0.6015625 0.427734375 0.6005859375 0.431640625 0.6015625 0.4794921875 0.59912109375 0.4794921875
11 0.6865234375 0.37890625 0.6884765625 0.373046875 0.68701171875 0.37109375 0.68701171875 0.3681640625 0.689453125 0.3642578125 0.68701171875 0.361328125 0.68603515625 0.3583984375 0.6865234375 0.3525390625 0.68798828125 0.34765625 0.68994140625 0.3466796875 0.6943359375 0.3466796875 0.6953125 0.3486328125 0.69580078125 0.3544921875 0.7001953125 0.3603515625 0.701171875 0.3603515625 0.7080078125 0.3779296875 0.70947265625 0.3837890625 0.708984375 0.392578125 0.70654296875 0.400390625 0.69873046875 0.453125 0.6904296875 0.453125 0.68994140625 0.4521484375 0.69140625 0.4482421875 0.69140625 0.4365234375 0.68701171875 0.41015625 0.68505859375 0.3955078125 0.68505859375 0.388671875
11 0.7158203125 0.3583984375 0.71875 0.35546875 0.72265625 0.35546875 0.72412109375 0.361328125 0.724609375 0.369140625 0.72412109375 0.3759765625 0.724609375 0.3818359375 0.724609375 0.3876953125 0.724609375 0.3896484375 0.72607421875 0.390625 0.72705078125 0.3935546875 0.72705078125 0.3974609375 0.72607421875 0.400390625 0.7294921875 0.4091796875 0.7314453125 0.41015625 0.73193359375 0.416015625 0.73046875 0.4169921875 0.7216796875 0.4287109375 0.7138671875 0.427734375 0.7099609375 0.4130859375 0.7109375 0.3916015625 0.71337890625 0.3759765625 0.716796875 0.3701171875 0.716796875 0.3671875 0.7158203125 0.3623046875
18 0.6591796875 0.4423828125 0.65869140625 0.45703125 0.66015625 0.4599609375 0.66064453125 0.4677734375 0.6630859375 0.4736328125 0.66748046875 0.478515625 0.673828125 0.48046875 0.67724609375 0.478515625 0.6806640625 0.4658203125 0.68896484375 0.466796875 0.6923828125 0.4677734375 0.69287109375 0.462890625 0.6923828125 0.4560546875 0.69140625 0.447265625 0.6962890625 0.431640625 0.71533203125 0.451171875 0.720703125 0.443359375 0.7197265625 0.4287109375 0.6982421875 0.4267578125 0.69482421875 0.4140625 0.69970703125 0.40625 0.69970703125 0.4013671875 0.697265625 0.4013671875 0.6943359375 0.4072265625 0.69091796875 0.41015625 0.68603515625 0.4130859375 0.68115234375 0.4130859375 0.68115234375 0.4150390625 0.6826171875 0.4169921875 0.68505859375 0.4189453125 0.69140625 0.416015625 0.6962890625 0.4248046875 0.6962890625 0.4296875 0.69287109375 0.43359375 0.6884765625 0.44921875 0.671875 0.44921875 0.671875 0.4365234375 0.66015625 0.4365234375
18 0.703125 0.41796875 0.70458984375 0.4150390625 0.70703125 0.412109375 0.705078125 0.4091796875 0.7021484375 0.404296875 0.7021484375 0.4013671875 0.703125 0.400390625 0.70654296875 0.4033203125 0.70849609375 0.4072265625 0.71044921875 0.412109375 0.71826171875 0.408203125 0.7275390625 0.4267578125 0.72412109375 0.423828125 0.7216796875 0.42578125 0.71826171875 0.41796875 0.71630859375 0.41796875 0.7158203125 0.4208984375 0.7158203125 0.431640625 0.703125 0.4765625 0.70166015625 0.4833984375 0.69970703125 0.4833984375 0.69873046875 0.48046875 0.69970703125 0.47265625 0.7001953125 0.466796875 0.6982421875 0.4658203125 0.6982421875 0.4609375 0.697265625 0.4599609375 0.69775390625 0.4521484375 0.69580078125 0.4443359375 0.69580078125 0.4365234375 0.69873046875 0.4326171875
5 0.6953125 0.4775390625 0.6953125 0.4267578125 0.6943359375 0.421875 0.677734375 0.421875 0.677734375 0.41796875 0.69384765625 0.41796875 0.69580078125 0.4189453125 0.697265625 0.4248046875 0.697265625 0.4775390625
11 0.77392578125 0.3583984375 0.77490234375 0.3544921875 0.78173828125 0.353515625 0.78369140625 0.3564453125 0.78466796875 0.361328125 0.78466796875 0.3642578125 0.7841796875 0.365234375 0.78662109375 0.37109375 0.787109375 0.396484375 0.7705078125 0.3916015625 0.7705078125 0.3671875 0.7734375 0.3623046875
13 0.7158203125 0.42578125 0.7265625 0.4208984375 0.73974609375 0.41796875 0.74462890625 0.4169921875 0.7763671875 0.3876953125 0.7841796875 0.3818359375 0.81787109375 0.37890625 0.8515625 0.3828125 0.853515625 0.380859375 0.85546875 0.384765625 0.86767578125 0.3876953125 0.86865234375 0.390625 0.8681640625 0.392578125 0.8681640625 0.3955078125 0.876953125 0.4130859375 0.87841796875 0.4130859375 0.87939453125 0.4150390625 0.87939453125 0.41796875 0.88232421875 0.42578125 0.88232421875 0.4375 0.88134765625 0.439453125 0.8818359375 0.44921875 0.88330078125 0.451171875 0.884765625 0.4658203125 0.88330078125 0.4697265625 0.8818359375 0.4697265625 0.8798828125 0.478515625 0.85205078125 0.4794921875 0.8505859375 0.49609375 0.83154296875 0.4951171875 0.8291015625 0.490234375 0.82666015625 0.4833984375 0.75 0.4814453125 0.748046875 0.4853515625 0.74560546875 0.4892578125 0.74365234375 0.4921875 0.72412109375 0.4921875 0.72216796875 0.48828125 0.72119140625 0.4814453125 0.7177734375 0.4814453125 0.7177734375 0.4794921875 0.708984375 0.4794921875 0.7080078125 0.48046875 0.70703125 0.4775390625 0.703125 0.4765625 0.70263671875 0.4677734375 0.70166015625 0.453125 0.70263671875 0.44921875 0.7041015625 0.4423828125 0.70361328125 0.439453125 0.70263671875 0.4384765625
11 0.759765625 0.404296875 0.76220703125 0.3994140625 0.76123046875 0.3955078125 0.7607421875 0.3916015625 0.759765625 0.3896484375 0.75830078125 0.3828125 0.7578125 0.380859375 0.75927734375 0.3779296875 0.76123046875 0.369140625 0.7607421875 0.3642578125 0.76171875 0.3603515625 0.7626953125 0.3583984375 0.77001953125 0.3583984375 0.7724609375 0.361328125 0.7744140625 0.3671875 0.775390625 0.3720703125 0.7763671875 0.3876953125 0.775390625 0.390625 0.77392578125 0.3916015625 0.7783203125 0.404296875 0.7802734375 0.4130859375 0.78076171875 0.4326171875 0.78125 0.4638671875 0.7783203125 0.4638671875 0.77783203125 0.48046875 0.7783203125 0.4931640625 0.7822265625 0.5263671875 0.783203125 0.54296875 0.77734375 0.54296875 0.7734375 0.54296875 0.767578125 0.541015625 0.767578125 0.537109375 0.76953125 0.53515625 0.7734375 0.5341796875 0.7734375 0.5322265625 0.7744140625 0.5283203125 0.77294921875 0.5263671875 0.77001953125 0.5009765625 0.76904296875 0.49609375 0.7685546875 0.4853515625 0.767578125 0.4853515625 0.7666015625 0.48828125 0.765625 0.4970703125 0.763671875 0.5126953125 0.7626953125 0.537109375 0.75244140625 0.5380859375 0.74853515625 0.53515625 0.74755859375 0.533203125 0.7509765625 0.5302734375 0.75390625 0.5302734375 0.75634765625 0.5 0.75732421875 0.4814453125 0.76123046875 0.46484375 0.76025390625 0.458984375 0.759765625 0.4453125 0.759765625 0.431640625 0.7578125 0.4267578125 0.7578125 0.423828125 0.75927734375 0.421875 0.7607421875 0.4189453125 0.7607421875 0.4130859375
11 0.66064453125 0.3701171875 0.6640625 0.3564453125 0.666015625 0.349609375 0.6689453125 0.345703125 0.673828125 0.34765625 0.67626953125 0.349609375 0.67724609375 0.3583984375 0.677734375 0.365234375 0.6767578125 0.3720703125 0.67529296875 0.3740234375 0.67333984375 0.3759765625 0.67333984375 0.376953125 0.6787109375 0.3828125 0.6787109375 0.390625 0.68017578125 0.4013671875 0.6796875 0.412109375 0.68212890625 0.4287109375 0.68212890625 0.435546875 0.6845703125 0.4482421875 0.68408203125 0.451171875 0.68115234375 0.451171875 0.6845703125 0.47265625 0.6845703125 0.4765625 0.68408203125 0.4794921875 0.68212890625 0.48046875 0.68115234375 0.484375 0.677734375 0.5009765625 0.67822265625 0.50390625 0.67919921875 0.51171875 0.67822265625 0.515625 0.6796875 0.51953125 0.6806640625 0.5234375 0.68212890625 0.52734375 0.68115234375 0.5283203125 0.6796875 0.5283203125 0.67822265625 0.52734375 0.677734375 0.5322265625 0.66162109375 0.5322265625 0.662109375 0.525390625 0.662109375 0.5185546875 0.66259765625 0.501953125 0.6630859375 0.490234375 0.66455078125 0.4833984375 0.66650390625 0.4775390625 0.66650390625 0.451171875 0.662109375 0.44921875 0.66162109375 0.443359375 0.6630859375 0.439453125 0.662109375 0.4296875 0.662109375 0.423828125 0.6611328125 0.408203125 0.66162109375 0.3974609375 0.662109375 0.3818359375 0.66064453125 0.380859375 0.66015625 0.376953125
5 0.40966796875 0.43359375 0.40966796875 0.423828125 0.4091796875 0.3349609375 0.4140625 0.3349609375 0.4150390625 0.4521484375 0.41259765625 0.451171875
8 0.36962890625 0.1826171875 0.37744140625 0.1806640625 0.38134765625 0.17578125 0.3876953125 0.1767578125 0.40576171875 0.1796875 0.40625 0.1767578125 0.396484375 0.173828125 0.39501953125 0.1689453125 0.3984375 0.1689453125 0.400390625 0.162109375 0.3994140625 0.1591796875 0.3955078125 0.1533203125 0.396484375 0.1494140625 0.392578125 0.1494140625 0.39013671875 0.1416015625 0.388671875 0.1337890625 0.384765625 0.1318359375 0.38330078125 0.1259765625 0.38037109375 0.1201171875 0.38330078125 0.1162109375 0.3876953125 0.103515625 0.38671875 0.08984375 0.38427734375 0.08203125 0.384765625 0.076171875 0.38623046875 0.07421875 0.3916015625 0.080078125 0.3916015625 0.0869140625 0.39453125 0.09375 0.4130859375 0.083984375 0.4208984375 0.0849609375 0.42431640625 0.0751953125 0.423828125 0.0673828125 0.421875 0.060546875 0.421875 0.0546875 0.416015625 0.0517578125 0.4072265625 0.0546875 0.4052734375 0.056640625 0.404296875 0.052734375 0.40234375 0.0458984375 0.4013671875 0.033203125 0.4072265625 0.0302734375 0.41162109375 0.0263671875 0.41162109375 0.0146484375 0.408203125 0.0 0.36669921875 0.0 0.3681640625 0.0244140625 0.37353515625 0.0361328125 0.37255859375 0.0380859375 0.37255859375 0.0458984375 0.36962890625 0.0498046875 0.36962890625 0.0927734375 0.37451171875 0.095703125 0.37451171875 0.115234375 0.37158203125 0.130859375 0.36962890625 0.1376953125
5 0.392578125 0.5068359375 0.3916015625 0.4384765625 0.38916015625 0.3203125 0.390625 0.3095703125 0.39013671875 0.298828125 0.388671875 0.2890625 0.388671875 0.28125 0.38916015625 0.2734375 0.3857421875 0.048828125 0.3876953125 0.0400390625 0.390625 0.0380859375 0.39453125 0.0400390625 0.3994140625 0.0517578125 0.4013671875 0.087890625 0.3974609375 0.0908203125 0.39501953125 0.048828125 0.390625 0.056640625 0.390625 0.1357421875 0.39208984375 0.2763671875 0.39453125 0.2763671875 0.39453125 0.30078125 0.39306640625 0.30078125 0.392578125 0.3076171875 0.39306640625 0.3134765625 0.39501953125 0.3203125 0.3974609375 0.5029296875
5 0.50244140625 0.419921875 0.50537109375 0.419921875 0.505859375 0.455078125 0.5068359375 0.45703125 0.5068359375 0.4609375 0.505859375 0.462890625 0.50634765625 0.474609375 0.5068359375 0.4775390625 0.50830078125 0.48046875 0.50830078125 0.4833984375 0.50146484375 0.4833984375 0.50146484375 0.48046875 0.50244140625 0.4775390625 0.50244140625 0.4619140625 0.50146484375 0.4599609375 0.50146484375 0.45703125 0.50244140625 0.4541015625 0.50341796875 0.4443359375 0.501953125 0.443359375 0.501953125 0.4404296875 0.50244140625 0.439453125
5 0.4736328125 0.291015625 0.4736328125 0.20703125 0.478515625 0.20703125 0.4794921875 0.5107421875 0.47607421875 0.5107421875
11 0.4755859375 0.384765625 0.4775390625 0.373046875 0.47802734375 0.369140625 0.4794921875 0.365234375 0.48193359375 0.3525390625 0.484375 0.3466796875 0.48828125 0.3466796875 0.49072265625 0.349609375 0.4921875 0.3544921875 0.4921875 0.361328125 0.4931640625 0.365234375 0.4931640625 0.3671875 0.490234375 0.3701171875 0.49267578125 0.373046875 0.49267578125 0.37890625 0.49169921875 0.3818359375 0.490234375 0.3828125 0.490234375 0.384765625 0.49169921875 0.3857421875 0.4931640625 0.388671875 0.49560546875 0.3896484375 0.498046875 0.388671875 0.49951171875 0.3916015625 0.4990234375 0.3955078125 0.49853515625 0.3974609375 0.4990234375 0.4033203125 0.49951171875 0.4267578125 0.49560546875 0.431640625 0.4951171875 0.44140625 0.49853515625 0.466796875 0.49609375 0.4697265625 0.49462890625 0.46875 0.494140625 0.4814453125 0.4951171875 0.4990234375 0.49658203125 0.50390625 0.49609375 0.509765625 0.49755859375 0.51171875 0.498046875 0.5146484375 0.494140625 0.5185546875 0.49609375 0.5244140625 0.49951171875 0.5263671875 0.49951171875 0.5302734375 0.49609375 0.53125 0.4931640625 0.53125 0.49169921875 0.52734375 0.486328125 0.5263671875 0.48583984375 0.5234375 0.486328125 0.5166015625 0.48388671875 0.5166015625 0.48291015625 0.513671875 0.4833984375 0.5087890625 0.484375 0.5078125 0.48583984375 0.5009765625 0.484375 0.498046875 0.482421875 0.5009765625 0.482421875 0.5107421875 0.48193359375 0.5205078125 0.482421875 0.525390625 0.47705078125 0.5263671875 0.47412109375 0.5244140625 0.470703125 0.521484375 0.46923828125 0.5166015625 0.47265625 0.5009765625 0.474609375 0.4755859375 0.4736328125 0.4619140625 0.47265625 0.4404296875 0.474609375 0.4326171875
7 0.35498046875 0.060546875 0.369140625 0.0712890625 0.36865234375 0.0859375 0.35595703125 0.080078125 0.35498046875 0.078125
7 0.36083984375 0.265625 0.36083984375 0.2958984375 0.3642578125 0.296875 0.3642578125 0.2607421875
7 0.35986328125 0.2529296875 0.36669921875 0.2548828125 0.36669921875 0.2587890625 0.36572265625 0.275390625 0.35986328125 0.275390625
5 0.41162109375 0.4658203125 0.412109375 0.4443359375 0.4111328125 0.443359375 0.4111328125 0.439453125 0.4111328125 0.43359375 0.4140625 0.431640625 0.416015625 0.431640625 0.41748046875 0.4375 0.41748046875 0.44140625 0.416015625 0.443359375 0.416015625 0.46484375 0.41796875 0.4658203125 0.41845703125 0.4697265625 0.41796875 0.4736328125 0.4169921875 0.4765625 0.4169921875 0.4921875 0.41845703125 0.4931640625 0.4189453125 0.498046875 0.41796875 0.5 0.41748046875 0.525390625 0.419921875 0.5263671875 0.42041015625 0.533203125 0.42138671875 0.5341796875 0.42041015625 0.5361328125 0.40966796875 0.537109375 0.40966796875 0.53515625 0.4111328125 0.5283203125 0.41162109375 0.50390625 0.41015625 0.5029296875 0.41015625 0.4970703125 0.4111328125 0.4931640625
5 0.32080078125 0.4990234375 0.3212890625 0.4677734375 0.31884765625 0.4658203125 0.3212890625 0.4619140625 0.32177734375 0.4541015625 0.3271484375 0.453125 0.3271484375 0.45703125 0.32861328125 0.4619140625 0.3291015625 0.466796875 0.32763671875 0.4716796875 0.32763671875 0.49609375 0.32861328125 0.4990234375 0.328125 0.5048828125 0.3271484375 0.5078125 0.32763671875 0.5302734375 0.32958984375 0.5341796875 0.3291015625 0.537109375 0.32763671875 0.5439453125 0.328125 0.5693359375 0.32958984375 0.57421875 0.33251953125 0.578125 0.33251953125 0.58203125 0.33154296875 0.5849609375 0.31689453125 0.5859375 0.3173828125 0.5830078125 0.3203125 0.5751953125 0.31982421875 0.5390625 0.3193359375 0.5341796875 0.32080078125 0.52734375
5 0.17919921875 0.5224609375 0.17919921875 0.5 0.1806640625 0.4951171875 0.17919921875 0.4912109375 0.17822265625 0.4814453125 0.17529296875 0.4794921875 0.17138671875 0.4794921875 0.16845703125 0.4814453125 0.1689453125 0.486328125 0.17041015625 0.4892578125 0.1669921875 0.49609375 0.16748046875 0.4990234375 0.171875 0.5009765625 0.1708984375 0.5400390625 0.16748046875 0.544921875 0.16796875 0.548828125 0.1708984375 0.55078125 0.171875 0.5556640625 0.17236328125 0.5810546875 0.16845703125 0.5849609375 0.16796875 0.595703125 0.1708984375 0.6025390625 0.171875 0.642578125 0.169921875 0.6494140625 0.169921875 0.66015625 0.1748046875 0.6630859375 0.18115234375 0.662109375 0.18505859375 0.658203125 0.1845703125 0.6533203125 0.18408203125 0.64453125 0.18212890625 0.638671875 0.1806640625 0.6025390625 0.18310546875 0.595703125 0.1826171875 0.58984375 0.18017578125 0.5849609375 0.1796875 0.5546875 0.18212890625 0.5498046875 0.1826171875 0.5439453125 0.18115234375 0.5380859375 0.1796875 0.533203125
5 0.8349609375 0.474609375 0.833984375 0.458984375 0.8330078125 0.455078125 0.8330078125 0.4521484375 0.833984375 0.451171875 0.833984375 0.4443359375 0.83837890625 0.4443359375 0.8388671875 0.4501953125 0.83984375 0.4521484375 0.83984375 0.4560546875 0.8388671875 0.45703125 0.8388671875 0.4814453125 0.83984375 0.484375 0.83984375 0.4912109375 0.83984375 0.5107421875 0.8408203125 0.513671875 0.8408203125 0.51953125 0.84033203125 0.5224609375 0.84033203125 0.544921875 0.84130859375 0.5458984375 0.84130859375 0.5517578125 0.84326171875 0.5546875 0.84326171875 0.556640625 0.83251953125 0.556640625 0.83203125 0.552734375 0.8330078125 0.5517578125 0.8330078125 0.546875 0.833984375 0.5439453125 0.833984375 0.5205078125 0.8330078125 0.5146484375 0.8330078125 0.51171875 0.83447265625 0.509765625 0.83447265625 0.4912109375 0.83349609375 0.4873046875 0.83349609375 0.4814453125 0.8349609375 0.4794921875
5 0.84716796875 0.4853515625 0.84716796875 0.46484375 0.84619140625 0.4609375 0.84619140625 0.45703125 0.84765625 0.455078125 0.8486328125 0.4482421875 0.8525390625 0.4482421875 0.85302734375 0.455078125 0.85498046875 0.4560546875 0.85546875 0.4619140625 0.853515625 0.4619140625 0.85302734375 0.478515625 0.85302734375 0.490234375 0.85498046875 0.4931640625 0.85498046875 0.4990234375 0.853515625 0.501953125 0.8544921875 0.525390625 0.85546875 0.5283203125 0.85546875 0.5341796875 0.8544921875 0.537109375 0.8544921875 0.5673828125 0.85595703125 0.5693359375 0.8564453125 0.57421875 0.857421875 0.5791015625 0.8447265625 0.5791015625 0.8447265625 0.576171875 0.84619140625 0.57421875 0.845703125 0.568359375 0.84716796875 0.564453125 0.84716796875 0.5361328125 0.84619140625 0.53515625 0.84619140625 0.5283203125 0.84716796875 0.5263671875 0.84765625 0.5009765625 0.84619140625 0.4990234375 0.84619140625 0.4931640625 0.84716796875 0.4892578125
5 0.88671875 0.5048828125 0.88720703125 0.4814453125 0.88671875 0.4794921875 0.88623046875 0.478515625 0.884765625 0.4775390625 0.88427734375 0.474609375 0.88623046875 0.47265625 0.88671875 0.4619140625 0.888671875 0.4599609375 0.89208984375 0.4599609375 0.8935546875 0.462890625 0.89404296875 0.4716796875 0.896484375 0.474609375 0.896484375 0.4775390625 0.8935546875 0.48046875 0.89404296875 0.521484375 0.896484375 0.521484375 0.896484375 0.5244140625 0.89453125 0.53125 0.89453125 0.5576171875 0.89453125 0.56640625 0.89697265625 0.5703125 0.8974609375 0.576171875 0.89501953125 0.5810546875 0.89501953125 0.62109375 0.8974609375 0.6240234375 0.89794921875 0.630859375 0.89990234375 0.6376953125 0.89990234375 0.640625 0.88232421875 0.6396484375 0.880859375 0.6376953125 0.88134765625 0.634765625 0.88427734375 0.6337890625 0.88427734375 0.6259765625 0.8857421875 0.62109375 0.88623046875 0.5810546875 0.88427734375 0.576171875 0.88427734375 0.5693359375 0.88623046875 0.56640625 0.88671875 0.533203125 0.884765625 0.53125 0.884765625 0.521484375 0.88623046875 0.51953125
11 0.51904296875 0.3798828125 0.52587890625 0.37109375 0.525390625 0.369140625 0.5263671875 0.365234375 0.5263671875 0.3583984375 0.52880859375 0.3544921875 0.53125 0.353515625 0.53466796875 0.3544921875 0.53662109375 0.3583984375 0.53662109375 0.37109375 0.5361328125 0.3720703125 0.537109375 0.3740234375 0.5390625 0.3779296875 0.5400390625 0.3828125 0.5478515625 0.396484375 0.5478515625 0.4033203125 0.54638671875 0.40625 0.54248046875 0.4072265625 0.54541015625 0.412109375 0.54638671875 0.4169921875 0.544921875 0.42578125 0.541015625 0.4306640625 0.54052734375 0.439453125 0.541015625 0.46484375 0.54052734375 0.5078125 0.54150390625 0.51171875 0.5458984375 0.5126953125 0.54638671875 0.5146484375 0.5458984375 0.5166015625 0.5390625 0.5185546875 0.53662109375 0.5166015625 0.5322265625 0.5166015625 0.53173828125 0.51171875 0.53173828125 0.5068359375 0.53369140625 0.5048828125 0.533203125 0.5029296875 0.5322265625 0.4697265625 0.53076171875 0.458984375 0.52978515625 0.458984375 0.52880859375 0.4765625 0.52880859375 0.4990234375 0.529296875 0.5029296875 0.5283203125 0.5048828125 0.5283203125 0.51171875 0.529296875 0.515625 0.529296875 0.51953125 0.5224609375 0.51953125 0.5224609375 0.5146484375 0.521484375 0.5126953125 0.521484375 0.509765625 0.5224609375 0.5087890625 0.5224609375 0.50390625 0.5205078125 0.501953125 0.521484375 0.46875 0.521484375 0.4521484375 0.52001953125 0.447265625 0.5205078125 0.43359375 0.52197265625 0.427734375 0.51611328125 0.4169921875 0.513671875 0.412109375 0.513671875 0.404296875 0.51513671875 0.392578125
5 0.45166015625 0.4453125 0.45166015625 0.40625 0.4541015625 0.40625 0.4541015625 0.451171875 0.45166015625 0.451171875
5 0.42333984375 0.369140625 0.4228515625 0.3369140625 0.4267578125 0.3369140625 0.42724609375 0.5 0.423828125 0.5
11 0.47509765625 0.40234375 0.4755859375 0.419921875 0.47607421875 0.439453125 0.47607421875 0.4501953125 0.478515625 0.4619140625 0.482421875 0.4716796875 0.4775390625 0.4853515625 0.47509765625 0.4990234375 0.47216796875 0.5078125 0.47216796875 0.5087890625 0.4697265625 0.5146484375 0.46923828125 0.5166015625 0.470703125 0.521484375 0.47412109375 0.5244140625 0.47705078125 0.5263671875 0.482421875 0.525390625 0.482421875 0.5244140625 0.48193359375 0.5205078125 0.47998046875 0.5185546875 0.47900390625 0.5166015625 0.47705078125 0.5146484375 0.47607421875 0.5107421875 0.4794921875 0.5029296875 0.48046875 0.498046875 0.484375 0.4853515625 0.48583984375 0.48046875 0.48583984375 0.4921875 0.484375 0.4970703125 0.48583984375 0.5 0.48583984375 0.5009765625 0.48583984375 0.5009765625 0.48583984375 0.501953125 0.486328125 0.5087890625 0.486328125 0.51171875 0.48583984375 0.5166015625 0.486328125 0.5166015625 0.48583984375 0.5234375 0.48583984375 0.5244140625 0.48876953125 0.525390625 0.490234375 0.52734375 0.49169921875 0.52734375 0.4921875 0.529296875 0.494140625 0.53125 0.49951171875 0.5302734375 0.49951171875 0.5263671875 0.49658203125 0.5263671875 0.49267578125 0.5185546875 0.4921875 0.513671875 0.4921875 0.4931640625 0.49169921875 0.4677734375 0.49658203125 0.46875 0.498046875 0.466796875 0.49755859375 0.4599609375 0.4970703125 0.455078125 0.49169921875 0.4375 0.4921875 0.4267578125 0.49560546875 0.421875 0.4990234375 0.4140625 0.4990234375 0.4033203125 0.49853515625 0.3974609375 0.4990234375 0.3955078125 0.49951171875 0.392578125 0.4990234375 0.390625 0.498046875 0.388671875 0.49755859375 0.388671875 0.49560546875 0.3896484375 0.4931640625 0.388671875 0.4931640625 0.388671875 0.49169921875 0.3896484375 0.49072265625 0.3857421875 0.49072265625 0.384765625 0.490234375 0.384765625 0.490234375 0.3837890625 0.48876953125 0.3798828125 0.48779296875 0.3740234375 0.490234375 0.3759765625 0.4912109375 0.37109375 0.490234375 0.3701171875 0.49169921875 0.369140625 0.49267578125 0.36328125 0.4921875 0.361328125 0.4921875 0.3544921875 0.49072265625 0.349609375 0.48828125 0.3466796875 0.484375 0.3466796875 0.48193359375 0.3525390625 0.4794921875 0.365234375 0.47802734375 0.369140625 0.4775390625 0.373046875 0.4755859375 0.384765625 0.47509765625 0.40234375
11 0.724609375 0.369140625 0.7216796875 0.3759765625 0.72265625 0.392578125 0.7255859375 0.40234375 0.7275390625 0.404296875 0.7294921875 0.4091796875 0.7314453125 0.41015625 0.73193359375 0.416015625 0.73046875 0.4169921875 0.7216796875 0.4287109375 0.7138671875 0.427734375 0.7099609375 0.4130859375 0.7109375 0.3916015625 0.71337890625 0.3759765625 0.716796875 0.3701171875 0.716796875 0.3671875 0.7158203125 0.3623046875 0.7158203125 0.3583984375 0.71875 0.35546875 0.72265625 0.35546875 0.72412109375 0.361328125 0.724609375 0.369140625 0.724609375 0.369140625
