10 0.31982421875 0.0 0.4384765625 0.3408203125 0.54638671875 0.3203125 0.64697265625 0.0
0 0.0 0.451171875 0.279296875 0.42578125 0.423828125 0.40234375 0.48291015625 0.3662109375 0.54736328125 0.373046875 0.99951171875 0.455078125 0.99951171875 0.9990234375 0.0 0.9990234375
1 0.99951171875 0.572265625 0.8212890625 0.5654296875 0.78466796875 0.5576171875 0.77734375 0.5546875 0.7255859375 0.5322265625 0.68798828125 0.5087890625 0.66162109375 0.4931640625 0.64599609375 0.486328125 0.61083984375 0.48046875 0.58154296875 0.4794921875 0.55078125 0.4599609375 0.533203125 0.443359375 0.5302734375 0.4384765625 0.5283203125 0.4345703125 0.53125 0.4267578125 0.5498046875 0.4208984375 0.59814453125 0.4189453125 0.99951171875 0.4375
1 0.0 0.56640625 0.1474609375 0.5234375 0.18212890625 0.513671875 0.19287109375 0.5107421875 0.20263671875 0.5078125 0.28857421875 0.486328125 0.33642578125 0.474609375 0.35498046875 0.4716796875 0.37109375 0.4658203125 0.3876953125 0.4599609375 0.4140625 0.451171875 0.42236328125 0.447265625 0.42236328125 0.443359375 0.3896484375 0.4423828125 0.32861328125 0.431640625 0.0 0.4150390625
2 0.45703125 0.2978515625 0.4609375 0.2978515625 0.46142578125 0.298828125 0.466796875 0.298828125 0.466796875 0.2900390625 0.4677734375 0.287109375 0.4794921875 0.287109375 0.4814453125 0.2900390625 0.4921875 0.2900390625 0.494140625 0.291015625 0.49560546875 0.2939453125 0.49560546875 0.2978515625 0.52001953125 0.2958984375 0.52001953125 0.287109375 0.52197265625 0.287109375 0.5224609375 0.2900390625 0.52294921875 0.291015625 0.52490234375 0.291015625 0.52490234375 0.2861328125 0.53271484375 0.2861328125 0.53271484375 0.2822265625 0.52587890625 0.2822265625 0.52587890625 0.2783203125 0.537109375 0.2783203125 0.53662109375 0.27734375 0.537109375 0.26953125 0.537109375 0.263671875 0.5390625 0.263671875 0.5390625 0.25390625 0.53857421875 0.2509765625 0.53759765625 0.2490234375 0.53759765625 0.2421875 0.54052734375 0.23828125 0.54296875 0.23828125 0.54296875 0.2451171875 0.54443359375 0.2421875 0.544921875 0.23828125 0.619140625 0.0908203125 0.7255859375 0.0 0.99951171875 0.0 0.99951171875 0.4384765625 0.73583984375 0.4453125 0.587890625 0.4453125 0.57763671875 0.4453125 0.56982421875 0.439453125 0.53125 0.4228515625 0.51708984375 0.4375 0.4609375 0.431640625 0.427734375 0.435546875 0.421875 0.4423828125 0.42138671875 0.443359375 0.41259765625 0.443359375 0.3662109375 0.4345703125 0.35595703125 0.4560546875 0.3271484375 0.4599609375 0.251953125 0.4423828125 0.12744140625 0.5107421875 0.08740234375 0.5107421875 0.08203125 0.5107421875 0.08203125 0.515625 0.07861328125 0.515625 0.07861328125 0.51171875 0.07861328125 0.5078125 0.03759765625 0.5107421875 0.02880859375 0.5126953125 0.015625 0.521484375 0.0 0.5244140625 0.0 0.0 0.287109375 0.0 0.42822265625 0.2294921875 0.44482421875 0.294921875
8 0.5244140625 0.3486328125 0.5205078125 0.3486328125 0.51904296875 0.3447265625 0.51708984375 0.3486328125 0.51806640625 0.3525390625 0.515625 0.35546875 0.5146484375 0.3603515625 0.51025390625 0.365234375 0.5087890625 0.373046875 0.50634765625 0.376953125 0.505859375 0.3818359375 0.5078125 0.388671875 0.505859375 0.396484375 0.505859375 0.4013671875 0.509765625 0.4052734375 0.51171875 0.404296875 0.5126953125 0.4052734375 0.51611328125 0.40625 0.52001953125 0.4052734375 0.5244140625 0.4052734375 0.52490234375 0.4091796875 0.52734375 0.4091796875 0.5283203125 0.4072265625 0.5283203125 0.40625 0.5263671875 0.40625 0.52587890625 0.3525390625 0.52587890625 0.349609375
8 0.48193359375 0.365234375 0.4873046875 0.3720703125 0.490234375 0.3759765625 0.490234375 0.3798828125 0.48974609375 0.380859375 0.49365234375 0.3818359375 0.49609375 0.3896484375 0.49853515625 0.3935546875 0.5 0.3984375 0.50146484375 0.404296875 0.49560546875 0.4072265625 0.48193359375 0.4052734375 0.4814453125 0.40234375 0.4814453125 0.3984375 0.48291015625 0.396484375 0.4814453125 0.3935546875 0.4814453125 0.3837890625 0.4833984375 0.384765625 0.48388671875 0.384765625 0.484375 0.3837890625 0.484375 0.3818359375 0.48193359375 0.380859375 0.4814453125 0.380859375 0.48095703125 0.376953125 0.48095703125 0.369140625 0.48095703125 0.3681640625
6 0.50634765625 0.4169921875 0.50830078125 0.40625 0.50830078125 0.40234375 0.5068359375 0.400390625 0.505859375 0.400390625 0.50439453125 0.4013671875 0.50439453125 0.4052734375
13 0.43505859375 0.4267578125 0.43798828125 0.4228515625 0.443359375 0.4228515625 0.4453125 0.42578125 0.4453125 0.431640625 0.4453125 0.4453125 0.4443359375 0.4462890625 0.44287109375 0.443359375 0.43896484375 0.443359375 0.43603515625 0.4345703125
5 0.4384765625 0.443359375 0.4384765625 0.4345703125 0.43896484375 0.43359375 0.4384765625 0.3251953125 0.4384765625 0.310546875 0.43994140625 0.310546875 0.4404296875 0.310546875 0.4404296875 0.3779296875 0.4404296875 0.4375 0.4404296875 0.44140625 0.4404296875 0.4453125
5 0.45068359375 0.3603515625 0.44189453125 0.361328125 0.43017578125 0.3642578125 0.4267578125 0.365234375 0.42431640625 0.369140625 0.4228515625 0.3740234375 0.4228515625 0.4111328125 0.4228515625 0.447265625 0.42138671875 0.447265625 0.421875 0.3837890625 0.421875 0.3701171875 0.42431640625 0.3642578125 0.42822265625 0.3603515625 0.4453125 0.357421875 0.44873046875 0.357421875 0.4501953125 0.357421875
5 0.40185546875 0.283203125 0.40185546875 0.3203125 0.40234375 0.3818359375 0.4033203125 0.4267578125 0.40576171875 0.42578125 0.4052734375 0.3447265625 0.404296875 0.287109375 0.404296875 0.2822265625
6 0.4052734375 0.4052734375 0.4052734375 0.4130859375 0.40185546875 0.4130859375 0.40185546875 0.40625 0.40087890625 0.404296875 0.4013671875 0.400390625 0.4033203125 0.3984375 0.404296875 0.3984375 0.4052734375 0.400390625
13 0.404296875 0.4228515625 0.40771484375 0.4208984375 0.412109375 0.4208984375 0.416015625 0.4296875 0.416015625 0.44140625 0.41455078125 0.4482421875 0.412109375 0.4482421875 0.4111328125 0.4482421875 0.40576171875 0.431640625
13 0.39794921875 0.4228515625 0.40185546875 0.4208984375 0.40625 0.4208984375 0.40966796875 0.4306640625 0.412109375 0.4345703125 0.412109375 0.447265625 0.41015625 0.4482421875 0.40966796875 0.4501953125 0.40576171875 0.4501953125
13 0.39697265625 0.42578125 0.3994140625 0.4208984375 0.4033203125 0.4208984375 0.40576171875 0.4267578125 0.40625 0.4296875 0.40771484375 0.4306640625 0.408203125 0.4345703125 0.40771484375 0.447265625 0.40625 0.451171875 0.40234375 0.451171875
13 0.39208984375 0.4248046875 0.3935546875 0.4208984375 0.39404296875 0.4189453125 0.40087890625 0.4189453125 0.404296875 0.4306640625 0.404296875 0.44140625 0.40380859375 0.4482421875 0.4033203125 0.451171875 0.40185546875 0.4521484375 0.39990234375 0.4521484375 0.39990234375 0.4482421875 0.39697265625 0.4482421875
13 0.38525390625 0.4267578125 0.38720703125 0.4189453125 0.39404296875 0.4189453125 0.39892578125 0.4345703125 0.39892578125 0.4482421875 0.39892578125 0.4541015625 0.39697265625 0.455078125 0.3955078125 0.455078125 0.3935546875 0.455078125 0.39208984375 0.455078125
13 0.37451171875 0.427734375 0.37646484375 0.4189453125 0.3818359375 0.4189453125 0.38720703125 0.4189453125 0.390625 0.4228515625 0.39208984375 0.4306640625 0.39208984375 0.4345703125 0.3935546875 0.4375 0.39404296875 0.4453125 0.3935546875 0.4541015625 0.39208984375 0.4560546875 0.39111328125 0.4580078125 0.38916015625 0.4580078125 0.38720703125 0.4580078125 0.38525390625 0.4580078125 0.38525390625 0.455078125 0.38134765625 0.455078125
11 0.35888671875 0.435546875 0.3564453125 0.431640625 0.35595703125 0.4296875 0.35595703125 0.4228515625 0.3564453125 0.41796875 0.35791015625 0.4169921875 0.35791015625 0.4140625 0.35888671875 0.4111328125 0.3603515625 0.41015625 0.361328125 0.4111328125 0.3623046875 0.4140625 0.36279296875 0.4169921875 0.3642578125 0.4228515625
11 0.365234375 0.4248046875 0.3642578125 0.4189453125 0.3642578125 0.4169921875 0.365234375 0.4150390625 0.36669921875 0.4150390625 0.3681640625 0.4208984375
13 0.3642578125 0.4189453125 0.37646484375 0.4189453125 0.37841796875 0.4228515625 0.37939453125 0.427734375 0.38134765625 0.427734375 0.3818359375 0.4306640625 0.38134765625 0.43359375 0.38134765625 0.4453125 0.38134765625 0.4580078125 0.37939453125 0.458984375 0.37646484375 0.458984375 0.37548828125 0.4580078125 0.373046875 0.4560546875 0.37255859375 0.455078125 0.37109375 0.4560546875 0.369140625 0.4560546875 0.3681640625 0.455078125 0.3623046875 0.455078125 0.36083984375 0.458984375 0.359375 0.458984375 0.3564453125 0.458984375 0.35498046875 0.458984375 0.35400390625 0.4560546875 0.35400390625 0.4462890625 0.3544921875 0.4384765625 0.35595703125 0.4345703125 0.35498046875 0.43359375 0.3544921875 0.431640625 0.3544921875 0.4296875 0.3564453125 0.4296875 0.35888671875 0.4248046875 0.3603515625 0.4208984375 0.36083984375 0.4189453125
5 0.39208984375 0.365234375 0.39208984375 0.4208984375 0.39111328125 0.4208984375 0.390625 0.4208984375 0.390625 0.3662109375
5 0.36962890625 0.38671875 0.36962890625 0.4599609375 0.37255859375 0.4599609375 0.37255859375 0.3837890625
5 0.36669921875 0.443359375 0.36669921875 0.462890625 0.36865234375 0.462890625 0.36865234375 0.44140625 0.36865234375 0.4384765625 0.36669921875 0.4384765625
5 0.3583984375 0.439453125 0.3583984375 0.4619140625 0.35888671875 0.462890625 0.35888671875 0.4658203125 0.35595703125 0.4658203125 0.35595703125 0.4619140625 0.3564453125 0.4619140625 0.3564453125 0.44140625 0.3564453125 0.439453125
5 0.35302734375 0.439453125 0.35302734375 0.466796875 0.35107421875 0.466796875 0.35107421875 0.4423828125 0.35107421875 0.439453125
5 0.34912109375 0.443359375 0.34912109375 0.4677734375 0.3466796875 0.4677734375 0.3466796875 0.466796875 0.3466796875 0.4638671875 0.3466796875 0.439453125 0.3486328125 0.439453125 0.34912109375 0.439453125
5 0.3447265625 0.447265625 0.3447265625 0.46875 0.3427734375 0.46875 0.3427734375 0.4423828125 0.3447265625 0.4423828125
5 0.33740234375 0.4462890625 0.33642578125 0.470703125 0.333984375 0.470703125 0.33447265625 0.4423828125 0.33642578125 0.4423828125 0.33740234375 0.4423828125
5 0.3408203125 0.443359375 0.3408203125 0.470703125 0.33837890625 0.470703125 0.33837890625 0.443359375 0.3388671875 0.4423828125
8 0.44482421875 0.0 0.4443359375 0.0126953125 0.447265625 0.017578125 0.4501953125 0.017578125 0.45556640625 0.0322265625 0.46142578125 0.0517578125 0.46875 0.0537109375 0.4736328125 0.0615234375 0.47607421875 0.072265625 0.47412109375 0.0791015625 0.4697265625 0.08984375 0.46923828125 0.1025390625 0.4658203125 0.107421875 0.46044921875 0.1064453125 0.46044921875 0.1181640625 0.45458984375 0.119140625 0.455078125 0.126953125 0.45751953125 0.134765625 0.455078125 0.138671875 0.455078125 0.1484375 0.45947265625 0.154296875 0.46240234375 0.1611328125 0.46875 0.1748046875 0.466796875 0.18359375 0.46484375 0.1845703125 0.4609375 0.1845703125 0.46728515625 0.1982421875 0.47119140625 0.208984375 0.4716796875 0.216796875 0.4697265625 0.21875 0.466796875 0.2177734375 0.46875 0.23046875 0.46923828125 0.2431640625 0.4697265625 0.2548828125 0.46875 0.2626953125 0.46484375 0.263671875 0.45947265625 0.2666015625 0.455078125 0.2666015625 0.45068359375 0.26171875 0.45068359375 0.26953125 0.45068359375 0.27734375 0.45556640625 0.2783203125 0.45654296875 0.2841796875 0.45263671875 0.287109375 0.453125 0.2919921875 0.45458984375 0.302734375 0.45361328125 0.3154296875 0.451171875 0.322265625 0.4453125 0.32421875 0.4404296875 0.31640625 0.4345703125 0.3125 0.42822265625 0.30859375 0.42431640625 0.2861328125 0.41796875 0.267578125 0.412109375 0.263671875 0.40771484375 0.275390625 0.4072265625 0.287109375 0.39697265625 0.287109375 0.38720703125 0.287109375 0.3828125 0.2861328125 0.38134765625 0.2880859375 0.3857421875 0.2919921875 0.384765625 0.3017578125 0.38134765625 0.3046875 0.37353515625 0.2939453125 0.37158203125 0.2841796875 0.365234375 0.2861328125 0.3642578125 0.2919921875 0.3544921875 0.298828125 0.35400390625 0.2919921875 0.3505859375 0.2880859375 0.3505859375 0.279296875 0.34423828125 0.279296875 0.33837890625 0.2783203125 0.33837890625 0.2880859375 0.33349609375 0.2919921875 0.3271484375 0.2978515625 0.3232421875 0.2958984375 0.32177734375 0.2861328125 0.3193359375 0.283203125 0.31689453125 0.279296875 0.31494140625 0.2880859375 0.31005859375 0.2998046875 0.30126953125 0.33984375 0.30126953125 0.34765625 0.298828125 0.353515625 0.29541015625 0.3662109375 0.29345703125 0.40234375 0.2978515625 0.400390625 0.3056640625 0.404296875 0.30712890625 0.4072265625 0.3134765625 0.41015625 0.31787109375 0.4130859375 0.318359375 0.41796875 0.32421875 0.4248046875 0.32763671875 0.4306640625 0.328125 0.44140625 0.32763671875 0.455078125 0.326171875 0.4599609375 0.328125 0.4638671875 0.33154296875 0.4677734375 0.33154296875 0.47265625 0.31689453125 0.474609375 0.30126953125 0.4755859375 0.2783203125 0.4794921875 0.2587890625 0.4833984375 0.24560546875 0.4873046875 0.234375 0.4921875 0.2216796875 0.4912109375 0.21142578125 0.4892578125 0.205078125 0.4873046875 0.1845703125 0.4296875 0.1884765625 0.4140625 0.1953125 0.404296875 0.20361328125 0.392578125 0.20947265625 0.390625 0.2216796875 0.38671875 0.22802734375 0.388671875 0.2392578125 0.3896484375 0.255859375 0.388671875 0.2578125 0.3662109375 0.2607421875 0.369140625 0.2646484375 0.3681640625 0.26416015625 0.390625 0.26806640625 0.390625 0.26904296875 0.3935546875 0.2685546875 0.4052734375 0.27587890625 0.4091796875 0.27734375 0.40234375 0.28076171875 0.38671875 0.2802734375 0.3525390625 0.28076171875 0.3232421875 0.27880859375 0.31640625 0.27734375 0.3076171875 0.2783203125 0.294921875 0.2744140625 0.3017578125 0.2724609375 0.3115234375 0.2705078125 0.3154296875 0.2646484375 0.314453125 0.259765625 0.314453125 0.2587890625 0.2978515625 0.255859375 0.2880859375 0.25244140625 0.2861328125 0.25 0.302734375 0.244140625 0.314453125 0.2421875 0.322265625 0.23388671875 0.3310546875 0.2275390625 0.328125 0.2197265625 0.3154296875 0.22119140625 0.30859375 0.22705078125 0.306640625 0.2294921875 0.2978515625 0.2236328125 0.2939453125 0.220703125 0.291015625 0.21484375 0.2919921875 0.21240234375 0.283203125 0.20654296875 0.287109375 0.201171875 0.287109375 0.2001953125 0.27734375 0.20263671875 0.2666015625 0.1943359375 0.271484375 0.1884765625 0.28125 0.1845703125 0.2705078125 0.18310546875 0.2578125 0.18701171875 0.2412109375 0.19287109375 0.23046875 0.18701171875 0.2294921875 0.181640625 0.23046875 0.17822265625 0.23828125 0.169921875 0.2421875 0.162109375 0.2431640625 0.154296875 0.2255859375 0.14990234375 0.212890625 0.14208984375 0.208984375 0.13671875 0.2177734375 0.1357421875 0.2265625 0.12353515625 0.23828125 0.11279296875 0.2421875 0.10595703125 0.23828125 0.095703125 0.224609375 0.09033203125 0.1953125 0.08349609375 0.205078125 0.07177734375 0.2041015625 0.046875 0.1953125 0.029296875 0.1708984375 0.01708984375 0.1259765625 0.0166015625 0.0
13 0.18505859375 0.4296875 0.19091796875 0.4267578125 0.2001953125 0.427734375 0.20751953125 0.44140625 0.21142578125 0.451171875 0.21337890625 0.462890625 0.212890625 0.484375 0.21142578125 0.4873046875 0.208984375 0.4873046875 0.20654296875 0.4921875 0.20458984375 0.4951171875 0.2021484375 0.49609375 0.19873046875 0.4951171875 0.1962890625 0.48828125
13 0.17578125 0.41796875 0.18310546875 0.4189453125 0.1845703125 0.4208984375 0.1904296875 0.421875 0.19189453125 0.4248046875 0.19287109375 0.4296875 0.19873046875 0.443359375 0.20068359375 0.455078125 0.201171875 0.4638671875 0.20263671875 0.466796875 0.20263671875 0.4716796875 0.20263671875 0.4794921875 0.19921875 0.48828125 0.1953125 0.49609375 0.19189453125 0.4970703125 0.1904296875 0.4970703125 0.18896484375 0.5 0.1884765625 0.5009765625 0.1865234375 0.5 0.18310546875 0.5 0.181640625 0.4990234375
13 0.12255859375 0.3974609375 0.15380859375 0.3974609375 0.16796875 0.3974609375 0.17626953125 0.3974609375 0.1787109375 0.3984375 0.1806640625 0.40234375 0.181640625 0.41015625 0.1826171875 0.4111328125 0.1826171875 0.41796875 0.1826171875 0.421875 0.18408203125 0.447265625 0.1845703125 0.451171875 0.1845703125 0.455078125 0.18505859375 0.4755859375 0.18701171875 0.478515625 0.1865234375 0.484375 0.1845703125 0.4892578125 0.18310546875 0.49609375 0.18212890625 0.4990234375 0.126953125 0.4375 0.12353515625 0.41015625 0.12255859375 0.41015625
8 0.12255859375 0.4052734375 0.12548828125 0.4072265625 0.126953125 0.41796875 0.12939453125 0.4248046875 0.1357421875 0.42578125 0.14208984375 0.4267578125 0.14404296875 0.4296875 0.14208984375 0.431640625 0.1474609375 0.4345703125 0.1494140625 0.4384765625 0.15087890625 0.4072265625 0.15185546875 0.388671875 0.154296875 0.33984375 0.15771484375 0.3203125 0.1591796875 0.3037109375 0.1591796875 0.279296875 0.1572265625 0.2587890625 0.15576171875 0.2431640625 0.1552734375 0.220703125 0.15576171875 0.2001953125 0.1552734375 0.1875 0.15234375 0.1767578125 0.1494140625 0.171875 0.1435546875 0.16796875 0.1396484375 0.1611328125 0.14111328125 0.1484375 0.14697265625 0.150390625 0.15185546875 0.1572265625 0.1572265625 0.1689453125 0.15771484375 0.1591796875 0.158203125 0.13671875 0.158203125 0.1240234375 0.154296875 0.10546875 0.15087890625 0.08984375 0.169921875 0.0927734375 0.16650390625 0.1220703125 0.16796875 0.1357421875 0.169921875 0.13671875 0.17626953125 0.126953125 0.18408203125 0.1201171875 0.19921875 0.11328125 0.2021484375 0.1181640625 0.1962890625 0.1240234375 0.17822265625 0.138671875 0.1748046875 0.146484375 0.17138671875 0.1591796875 0.16748046875 0.1806640625 0.16552734375 0.201171875 0.16650390625 0.228515625 0.16943359375 0.2412109375 0.17041015625 0.275390625 0.17138671875 0.306640625 0.16796875 0.3359375 0.16650390625 0.3564453125 0.166015625 0.384765625 0.16455078125 0.421875 0.1640625 0.4560546875 0.1728515625 0.46875 0.18017578125 0.484375 0.18212890625 0.4892578125 0.18212890625 0.4970703125 0.1796875 0.5009765625 0.1767578125 0.5029296875 0.17236328125 0.5048828125 0.16796875 0.5068359375 0.16455078125 0.5078125 0.14501953125 0.5078125 0.12744140625 0.5078125 0.126953125 0.46875 0.12841796875 0.4501953125 0.12451171875 0.4375
5 0.12255859375 0.4453125 0.123046875 0.5087890625 0.12744140625 0.5087890625 0.126953125 0.4375 0.12255859375 0.4375
5 0.01220703125 0.0 0.01416015625 0.2041015625 0.01611328125 0.3427734375 0.01708984375 0.525390625 0.02685546875 0.525390625 0.0263671875 0.4228515625 0.02587890625 0.369140625 0.02001953125 0.0576171875 0.0185546875 0.0
5 0.5205078125 0.3515625 0.52099609375 0.4384765625 0.52294921875 0.4384765625 0.5224609375 0.353515625 0.5224609375 0.3515625
13 0.5302734375 0.4013671875 0.5390625 0.4013671875 0.541015625 0.40234375 0.54296875 0.4189453125 0.54150390625 0.42578125 0.52587890625 0.427734375 0.52587890625 0.4140625 0.5283203125 0.404296875
13 0.54345703125 0.4248046875 0.54052734375 0.4130859375 0.53125 0.4130859375 0.529296875 0.4150390625 0.52880859375 0.421875 0.52880859375 0.4345703125 0.5302734375 0.4384765625 0.53271484375 0.4384765625 0.54150390625 0.4384765625
5 0.53466796875 0.2470703125 0.5361328125 0.32421875 0.53662109375 0.439453125 0.53466796875 0.439453125 0.53271484375 0.267578125 0.53271484375 0.2509765625 0.52880859375 0.25 0.52880859375 0.2451171875 0.5322265625 0.2431640625 0.533203125 0.2431640625
5 0.54248046875 0.3388671875 0.5390625 0.3427734375 0.52197265625 0.33984375 0.509765625 0.3369140625 0.509765625 0.3408203125 0.53662109375 0.345703125 0.54150390625 0.3515625 0.54345703125 0.3447265625
6 0.5107421875 0.3291015625 0.5107421875 0.3369140625 0.5126953125 0.33984375 0.51416015625 0.3447265625 0.51220703125 0.349609375 0.50830078125 0.349609375 0.505859375 0.3486328125 0.50439453125 0.3447265625 0.50537109375 0.33984375 0.5068359375 0.3388671875 0.5068359375 0.3310546875
7 0.5322265625 0.3798828125 0.537109375 0.3798828125 0.537109375 0.390625 0.53125 0.390625 0.53125 0.3837890625
7 0.5390625 0.34765625 0.53759765625 0.3525390625 0.53759765625 0.357421875 0.5390625 0.361328125 0.54150390625 0.36328125 0.54443359375 0.3603515625 0.54541015625 0.353515625 0.544921875 0.349609375 0.54150390625 0.3486328125
7 0.541015625 0.3662109375 0.53759765625 0.373046875 0.53759765625 0.3759765625 0.54150390625 0.3818359375 0.54541015625 0.3759765625 0.54541015625 0.373046875 0.54345703125 0.369140625
7 0.54638671875 0.3779296875 0.54638671875 0.390625 0.55078125 0.390625 0.55078125 0.3779296875 0.55078125 0.376953125
13 0.552734375 0.4140625 0.546875 0.4111328125 0.54248046875 0.4130859375 0.53955078125 0.4189453125 0.53955078125 0.4248046875 0.53759765625 0.4296875 0.5390625 0.443359375 0.53955078125 0.4462890625 0.544921875 0.447265625
13 0.56103515625 0.41796875 0.56103515625 0.41015625 0.5556640625 0.4091796875 0.54541015625 0.4130859375 0.54296875 0.42578125 0.54345703125 0.44140625 0.54443359375 0.4482421875 0.54638671875 0.4501953125 0.54736328125 0.4482421875 0.54736328125 0.4462890625 0.55322265625 0.4453125
8 0.5556640625 0.0 0.54931640625 0.0 0.54931640625 0.0068359375 0.5546875 0.01171875 0.5517578125 0.0126953125 0.5498046875 0.013671875 0.5498046875 0.017578125 0.55078125 0.0244140625 0.552734375 0.0341796875 0.5498046875 0.0361328125 0.54638671875 0.033203125 0.54345703125 0.03125 0.54296875 0.0400390625 0.54052734375 0.0439453125 0.541015625 0.0498046875 0.5390625 0.0546875 0.53759765625 0.0615234375 0.5361328125 0.072265625 0.53271484375 0.078125 0.53125 0.0830078125 0.5302734375 0.09375 0.52490234375 0.095703125 0.5244140625 0.1015625 0.51806640625 0.1064453125 0.51416015625 0.1025390625 0.51171875 0.10546875 0.51220703125 0.11328125 0.51416015625 0.1181640625 0.5107421875 0.123046875 0.50439453125 0.1240234375 0.50439453125 0.1298828125 0.50830078125 0.142578125 0.50439453125 0.146484375 0.50390625 0.15234375 0.50634765625 0.1591796875 0.50537109375 0.1669921875 0.50341796875 0.1748046875 0.5 0.1796875 0.50048828125 0.185546875 0.50390625 0.1875 0.513671875 0.1796875 0.515625 0.1845703125 0.50830078125 0.189453125 0.50390625 0.1923828125 0.50390625 0.197265625 0.505859375 0.2021484375 0.51171875 0.2060546875 0.505859375 0.2099609375 0.505859375 0.2158203125 0.51025390625 0.2177734375 0.5146484375 0.220703125 0.52001953125 0.220703125 0.51806640625 0.2255859375 0.51904296875 0.2294921875 0.52587890625 0.2265625 0.5302734375 0.23046875 0.5361328125 0.2255859375 0.5361328125 0.2333984375 0.54052734375 0.232421875 0.54150390625 0.2333984375 0.5390625 0.2392578125 0.53515625 0.2431640625 0.53466796875 0.2490234375 0.53515625 0.2529296875 0.53955078125 0.2607421875 0.53955078125 0.2705078125 0.54443359375 0.271484375 0.54296875 0.2861328125 0.54638671875 0.2919921875 0.5478515625 0.294921875 0.54345703125 0.3037109375 0.54541015625 0.30859375 0.55810546875 0.3017578125 0.55810546875 0.310546875 0.5712890625 0.306640625 0.57373046875 0.3037109375 0.580078125 0.3076171875 0.583984375 0.310546875 0.58642578125 0.3125 0.583984375 0.3232421875 0.580078125 0.3359375 0.58251953125 0.3427734375 0.5908203125 0.3291015625 0.59228515625 0.3369140625 0.59375 0.3447265625 0.60009765625 0.3369140625 0.60205078125 0.3271484375 0.60791015625 0.3251953125 0.61083984375 0.30859375 0.62255859375 0.310546875 0.62451171875 0.314453125 0.619140625 0.32421875 0.619140625 0.3310546875 0.62890625 0.3427734375 0.62890625 0.4189453125 0.62548828125 0.421875 0.62451171875 0.4345703125 0.62451171875 0.4560546875 0.61962890625 0.4560546875 0.61865234375 0.4619140625 0.619140625 0.466796875 0.6318359375 0.4677734375 0.63720703125 0.474609375 0.64501953125 0.474609375 0.6572265625 0.4716796875 0.66796875 0.4306640625 0.68017578125 0.404296875 0.6796875 0.3759765625 0.67236328125 0.380859375 0.67041015625 0.376953125 0.66845703125 0.3017578125 0.69873046875 0.302734375 0.705078125 0.3115234375 0.70947265625 0.3232421875 0.7314453125 0.322265625 0.74365234375 0.3447265625 0.76904296875 0.3310546875 0.77734375 0.3232421875 0.77294921875 0.3154296875 0.74853515625 0.2978515625 0.73828125 0.2880859375 0.7392578125 0.283203125 0.75341796875 0.291015625 0.7763671875 0.3017578125 0.77392578125 0.2900390625 0.77001953125 0.271484375 0.7568359375 0.26171875 0.75048828125 0.2490234375 0.75830078125 0.2392578125 0.7802734375 0.2626953125 0.78515625 0.2587890625 0.779296875 0.2451171875 0.7783203125 0.2294921875 0.76025390625 0.21875 0.75537109375 0.1982421875 0.7607421875 0.1923828125 0.77685546875 0.1875 0.78515625 0.1689453125 0.79052734375 0.099609375
13 0.708984375 0.4013671875 0.6962890625 0.4013671875 0.68603515625 0.4013671875 0.6748046875 0.404296875 0.66259765625 0.4150390625 0.6572265625 0.4248046875 0.64990234375 0.42578125 0.64599609375 0.4296875 0.64404296875 0.439453125 0.64501953125 0.4521484375 0.64697265625 0.462890625 0.6513671875 0.46875 0.65771484375 0.470703125 0.65966796875 0.4765625 0.66259765625 0.482421875 0.66748046875 0.482421875 0.67138671875 0.4755859375 0.671875 0.470703125 0.6748046875 0.4716796875 0.67822265625 0.4677734375 0.70263671875 0.4228515625
8 0.671875 0.171875 0.67822265625 0.2451171875 0.68310546875 0.287109375 0.6845703125 0.2919921875 0.68408203125 0.3017578125 0.68603515625 0.3193359375 0.68603515625 0.3310546875 0.6865234375 0.34375 0.68994140625 0.3974609375 0.69189453125 0.4267578125 0.6796875 0.4521484375 0.67822265625 0.4501953125 0.67626953125 0.392578125 0.673828125 0.33203125 0.67138671875 0.302734375 0.66943359375 0.287109375 0.66650390625 0.2509765625 0.6640625 0.2158203125 0.658203125 0.16015625 0.654296875 0.1220703125 0.66796875 0.134765625
13 0.70458984375 0.40625 0.6826171875 0.4228515625 0.6787109375 0.427734375 0.6787109375 0.4453125 0.677734375 0.4521484375 0.6787109375 0.474609375 0.681640625 0.4765625 0.6884765625 0.4765625 0.69189453125 0.4765625 0.70263671875 0.4189453125
13 0.705078125 0.40234375 0.6953125 0.40625 0.69482421875 0.41015625 0.6962890625 0.4130859375 0.697265625 0.4130859375 0.6923828125 0.43359375 0.68896484375 0.4375 0.6884765625 0.4462890625 0.6904296875 0.4482421875 0.69091796875 0.455078125 0.6884765625 0.4638671875 0.68896484375 0.4765625 0.701171875 0.4833984375 0.70458984375 0.4912109375 0.70849609375 0.49609375 0.712890625 0.4970703125 0.72265625 0.486328125 0.7255859375 0.3984375
7 0.61474609375 0.34375 0.61474609375 0.369140625 0.60009765625 0.369140625 0.5986328125 0.3681640625 0.5986328125 0.3486328125 0.60009765625 0.3427734375 0.6123046875 0.3427734375 0.61328125 0.3427734375
11 0.5927734375 0.396484375 0.58984375 0.400390625 0.5888671875 0.404296875 0.587890625 0.4072265625 0.58740234375 0.4150390625 0.58740234375 0.4228515625 0.58837890625 0.4267578125 0.58837890625 0.44140625 0.58984375 0.4462890625 0.5888671875 0.451171875 0.59033203125 0.4541015625 0.5947265625 0.4521484375 0.595703125 0.3984375
2 0.59228515625 0.3759765625 0.59814453125 0.3701171875 0.62548828125 0.3701171875 0.62548828125 0.43359375 0.62548828125 0.466796875 0.619140625 0.466796875 0.6171875 0.466796875 0.6171875 0.4580078125 0.60009765625 0.4580078125 0.59912109375 0.4580078125 0.59912109375 0.466796875 0.5947265625 0.4658203125 0.59228515625 0.43359375
5 0.556640625 0.41796875 0.556640625 0.3720703125 0.55517578125 0.2705078125 0.5546875 0.171875 0.552734375 0.1728515625 0.552734375 0.2578125 0.55322265625 0.4208984375
11 0.57763671875 0.40625 0.57861328125 0.4189453125 0.578125 0.42578125 0.57763671875 0.4267578125 0.57763671875 0.4306640625 0.578125 0.431640625 0.57763671875 0.435546875 0.57568359375 0.4375 0.5712890625 0.4150390625 0.5703125 0.4140625 0.5703125 0.41015625 0.57177734375 0.40625 0.57421875 0.40234375 0.576171875 0.40234375
7 0.5615234375 0.34765625 0.5615234375 0.36328125 0.55322265625 0.36328125 0.55322265625 0.3486328125 0.55322265625 0.34765625
5 0.55908203125 0.3740234375 0.56005859375 0.4169921875 0.56201171875 0.4169921875 0.56103515625 0.3759765625
7 0.552734375 0.3642578125 0.552734375 0.376953125 0.56201171875 0.376953125 0.56201171875 0.36328125 0.55517578125 0.36328125 0.5537109375 0.36328125
13 0.55517578125 0.4111328125 0.5703125 0.4111328125 0.5732421875 0.4169921875 0.57421875 0.4248046875 0.576171875 0.4306640625 0.578125 0.431640625 0.5771484375 0.4375 0.576171875 0.439453125 0.576171875 0.4541015625 0.572265625 0.4541015625 0.5712890625 0.4501953125 0.568359375 0.4501953125 0.56591796875 0.4501953125 0.5576171875 0.4501953125 0.556640625 0.451171875 0.5556640625 0.4560546875 0.5517578125 0.4560546875 0.5498046875 0.455078125 0.54931640625 0.4423828125 0.54931640625 0.431640625 0.5498046875 0.427734375 0.55126953125 0.42578125 0.5517578125 0.42578125 0.55322265625 0.41796875
5 0.568359375 0.3740234375 0.568359375 0.4580078125 0.5703125 0.4580078125 0.5703125 0.380859375
7 0.56591796875 0.353515625 0.56591796875 0.376953125 0.5732421875 0.376953125 0.5732421875 0.35546875
8 0.71484375 0.482421875 0.7177734375 0.5068359375 0.7236328125 0.5078125 0.76025390625 0.5068359375 0.78271484375 0.5029296875 0.79443359375 0.5029296875 0.7998046875 0.5029296875 0.88720703125 0.41015625 0.88525390625 0.3935546875 0.88330078125 0.384765625 0.88134765625 0.380859375 0.87939453125 0.3798828125 0.87890625 0.3720703125 0.87646484375 0.369140625 0.87158203125 0.3701171875 0.8681640625 0.369140625 0.86279296875 0.3740234375 0.8544921875 0.3759765625 0.84765625 0.3720703125 0.84423828125 0.3720703125 0.84228515625 0.373046875 0.83154296875 0.3701171875 0.822265625 0.3720703125 0.8046875 0.380859375 0.802734375 0.380859375 0.8017578125 0.3740234375 0.80078125 0.3701171875 0.79931640625 0.3701171875 0.796875 0.3759765625 0.791015625 0.376953125 0.78125 0.380859375 0.77587890625 0.3759765625 0.77392578125 0.365234375 0.7587890625 0.369140625 0.75146484375 0.365234375 0.7421875 0.365234375 0.73193359375 0.3720703125 0.72119140625 0.3857421875 0.71142578125 0.384765625 0.70751953125 0.384765625 0.70263671875 0.388671875 0.70361328125 0.3984375 0.70654296875 0.4111328125 0.70654296875 0.427734375 0.70849609375 0.4482421875 0.70703125 0.462890625 0.71142578125 0.4755859375
13 0.91845703125 0.4248046875 0.904296875 0.4228515625 0.8916015625 0.4130859375 0.876953125 0.400390625 0.869140625 0.39453125 0.83837890625 0.39453125 0.82177734375 0.39453125 0.80322265625 0.400390625 0.798828125 0.4052734375 0.79150390625 0.4345703125 0.7890625 0.4462890625 0.78759765625 0.4599609375 0.787109375 0.4716796875 0.78857421875 0.486328125 0.78955078125 0.4912109375 0.794921875 0.4931640625 0.7978515625 0.5048828125 0.8017578125 0.51171875 0.82373046875 0.515625 0.833984375 0.5 0.85107421875 0.4990234375 0.8837890625 0.4931640625 0.8876953125 0.4990234375 0.89111328125 0.5029296875 0.89599609375 0.5048828125
7 0.7998046875 0.291015625 0.79541015625 0.2919921875 0.79541015625 0.3232421875 0.8037109375 0.3203125 0.80322265625 0.2998046875
8 0.61279296875 0.0 0.55712890625 0.0 0.708984375 0.095703125 0.75244140625 0.138671875 0.76708984375 0.146484375 0.77734375 0.142578125 0.78466796875 0.1396484375 0.80078125 0.314453125 0.80810546875 0.486328125 0.8095703125 0.5439453125 0.81982421875 0.5439453125 0.83837890625 0.541015625 0.83447265625 0.5048828125 0.83154296875 0.4638671875 0.82861328125 0.435546875 0.826171875 0.3857421875 0.826171875 0.3642578125 0.82373046875 0.30859375 0.82373046875 0.27734375 0.83544921875 0.26953125 0.85107421875 0.2568359375 0.86083984375 0.2451171875 0.869140625 0.2294921875 0.87451171875 0.212890625 0.88037109375 0.1982421875 0.89208984375 0.1806640625 0.8955078125 0.177734375 0.90087890625 0.1806640625 0.904296875 0.1767578125 0.90576171875 0.1669921875 0.9091796875 0.1650390625 0.9111328125 0.154296875 0.91943359375 0.142578125 0.9287109375 0.138671875 0.93798828125 0.13671875 0.9404296875 0.1337890625 0.93994140625 0.1298828125 0.9462890625 0.1240234375 0.94677734375 0.1181640625 0.9443359375 0.11328125 0.93701171875 0.109375 0.955078125 0.0869140625 0.95654296875 0.1181640625 0.95849609375 0.1259765625 0.9677734375 0.1220703125 0.99951171875 0.1220703125 0.99951171875 0.0
8 0.7138671875 0.0771484375 0.71728515625 0.1630859375 0.71728515625 0.1875 0.71484375 0.197265625 0.71875 0.2607421875 0.72314453125 0.345703125 0.72509765625 0.384765625 0.7353515625 0.3935546875 0.74169921875 0.38671875 0.7373046875 0.3076171875 0.736328125 0.28125 0.73388671875 0.2607421875 0.73291015625 0.2041015625 0.73193359375 0.171875 0.73291015625 0.1484375 0.7333984375 0.138671875 0.7333984375 0.1259765625 0.72900390625 0.0791015625 0.7275390625 0.072265625
11 0.73583984375 0.4052734375 0.73095703125 0.39453125 0.7275390625 0.392578125 0.7275390625 0.38671875 0.72900390625 0.3818359375 0.7275390625 0.376953125 0.72412109375 0.3740234375 0.7197265625 0.380859375 0.71923828125 0.3857421875 0.720703125 0.390625 0.720703125 0.39453125 0.71533203125 0.4072265625 0.7138671875 0.41796875 0.712890625 0.439453125 0.71337890625 0.451171875 0.71533203125 0.458984375 0.71728515625 0.462890625 0.72119140625 0.4677734375 0.72265625 0.486328125 0.7255859375 0.515625 0.7275390625 0.5244140625 0.73095703125 0.5244140625 0.7353515625 0.51953125
5 0.9892578125 0.30859375 0.98974609375 0.3984375 0.99658203125 0.3984375 0.99609375 0.30859375 0.9931640625 0.2939453125
11 0.7412109375 0.400390625 0.74609375 0.421875 0.74951171875 0.4521484375 0.75048828125 0.4677734375 0.75 0.4765625 0.74755859375 0.4765625 0.74609375 0.4765625 0.7421875 0.48828125 0.740234375 0.5078125 0.74169921875 0.5244140625 0.74169921875 0.5322265625 0.7373046875 0.533203125 0.734375 0.53125 0.73291015625 0.52734375 0.7314453125 0.517578125 0.73291015625 0.5029296875 0.72998046875 0.4833984375 0.7275390625 0.474609375 0.72412109375 0.46875 0.72265625 0.4599609375 0.72509765625 0.43359375 0.72412109375 0.4248046875 0.72900390625 0.4091796875 0.73291015625 0.3974609375 0.73583984375 0.396484375 0.73828125 0.3974609375
13 0.99951171875 0.3935546875 0.99951171875 0.521484375 0.97705078125 0.525390625 0.96923828125 0.53125 0.955078125 0.53125 0.95263671875 0.5439453125 0.94873046875 0.5478515625 0.943359375 0.548828125 0.93408203125 0.548828125 0.93017578125 0.544921875 0.927734375 0.5361328125 0.9267578125 0.5244140625 0.908203125 0.521484375 0.90625 0.5322265625 0.9033203125 0.5341796875 0.89599609375 0.533203125 0.8935546875 0.5244140625 0.8916015625 0.5048828125 0.890625 0.49609375 0.8916015625 0.4716796875 0.89501953125 0.4599609375 0.8994140625 0.4482421875 0.9013671875 0.4375 0.9052734375 0.431640625 0.90966796875 0.435546875 0.91162109375 0.4345703125 0.91796875 0.404296875 0.9228515625 0.400390625 0.93408203125 0.396484375 0.95849609375 0.392578125 0.9814453125 0.390625
7 0.97998046875 0.287109375 0.97998046875 0.314453125 0.99951171875 0.310546875 0.99951171875 0.28125
7 0.99609375 0.2255859375 0.98291015625 0.23046875 0.9814453125 0.23828125 0.9814453125 0.2861328125 0.998046875 0.28125 0.99658203125 0.2333984375
13 0.470703125 0.40234375 0.4931640625 0.4013671875 0.50537109375 0.404296875 0.5126953125 0.40625 0.51708984375 0.4130859375 0.52392578125 0.4375 0.5283203125 0.4375 0.53076171875 0.439453125 0.5322265625 0.4453125 0.53125 0.4482421875 0.5283203125 0.4501953125 0.53076171875 0.4580078125 0.5302734375 0.4619140625 0.53076171875 0.46875 0.53271484375 0.478515625 0.5322265625 0.50390625 0.5322265625 0.525390625 0.53076171875 0.5419921875 0.52734375 0.5439453125 0.51904296875 0.5439453125 0.515625 0.541015625 0.5146484375 0.5283203125 0.509765625 0.5283203125 0.5078125 0.525390625 0.50537109375 0.5234375 0.50048828125 0.525390625 0.48095703125 0.5244140625 0.4677734375 0.5244140625 0.46044921875 0.52734375 0.45947265625 0.5283203125 0.45947265625 0.5380859375 0.45849609375 0.5419921875 0.44482421875 0.5419921875 0.443359375 0.5380859375 0.443359375 0.47265625 0.44482421875 0.466796875 0.4453125 0.462890625 0.4453125 0.4521484375 0.447265625 0.447265625 0.44287109375 0.4462890625 0.44189453125 0.4423828125 0.4443359375 0.4375 0.44677734375 0.43359375 0.44873046875 0.4306640625 0.45263671875 0.431640625 0.455078125 0.4267578125 0.45947265625 0.41015625 0.462890625 0.4052734375 0.4638671875 0.4013671875 0.466796875 0.3984375 0.4677734375 0.400390625 0.4677734375 0.40234375
6 0.3994140625 0.3779296875 0.40380859375 0.3779296875 0.40380859375 0.39453125 0.3994140625 0.39453125
6 0.390625 0.4072265625 0.38818359375 0.4072265625 0.38818359375 0.4033203125 0.38720703125 0.40234375 0.38720703125 0.3994140625 0.3876953125 0.396484375 0.38671875 0.39453125 0.38671875 0.392578125 0.388671875 0.392578125 0.39111328125 0.392578125
6 0.39208984375 0.3974609375 0.39208984375 0.396484375 0.39404296875 0.396484375 0.39453125 0.3994140625 0.39501953125 0.4013671875 0.39501953125 0.412109375 0.392578125 0.412109375 0.3916015625 0.41015625 0.3916015625 0.4013671875 0.3916015625 0.396484375
