10 0.9267578125 0.0 0.34375 0.0 0.4267578125 0.1455078125 0.736328125 0.1396484375
2 0.99951171875 0.890625 0.68115234375 0.4609375 0.5361328125 0.44921875 0.4345703125 0.46484375 0.2783203125 0.54296875 0.0 0.6767578125 0.0 0.0 0.416015625 0.0 0.4169921875 0.00390625 0.4169921875 0.013671875 0.41845703125 0.0205078125 0.419921875 0.033203125 0.41796875 0.03515625 0.41796875 0.0400390625 0.4208984375 0.052734375 0.42431640625 0.0546875 0.42431640625 0.0595703125 0.4208984375 0.068359375 0.42041015625 0.08984375 0.421875 0.095703125 0.43701171875 0.1171875 0.43798828125 0.1103515625 0.47705078125 0.109375 0.48486328125 0.115234375 0.48583984375 0.1298828125 0.49951171875 0.1298828125 0.49951171875 0.1142578125 0.5439453125 0.1103515625 0.56591796875 0.087890625 0.56640625 0.056640625 0.57470703125 0.046875 0.5986328125 0.046875 0.60302734375 0.0390625 0.60302734375 0.02734375 0.60498046875 0.0263671875 0.6044921875 0.0 0.60595703125 0.0 0.60595703125 0.037109375 0.611328125 0.0302734375 0.61181640625 0.0126953125 0.62158203125 0.01171875 0.62255859375 0.0 0.625 0.0 0.625 0.0107421875 0.62841796875 0.01171875 0.63525390625 0.0029296875 0.66015625 0.0263671875 0.6689453125 0.0263671875 0.669921875 0.0244140625 0.67919921875 0.0244140625 0.6796875 0.02734375 0.7109375 0.0283203125 0.7119140625 0.0263671875 0.71875 0.0283203125 0.73828125 0.046875 0.7822265625 0.044921875 0.7822265625 0.0322265625 0.78515625 0.0224609375 0.7978515625 0.0224609375 0.79833984375 0.0458984375 0.8173828125 0.0458984375 0.8173828125 0.03125 0.81884765625 0.02734375 0.81787109375 0.0 0.82177734375 0.0 0.8212890625 0.044921875 0.8271484375 0.044921875 0.8271484375 0.025390625 0.82763671875 0.009765625 0.82666015625 0.0 0.8310546875 0.0 0.82958984375 0.044921875 0.83837890625 0.044921875 0.83837890625 0.03515625 0.8349609375 0.0341796875 0.8349609375 0.02734375 0.85009765625 0.021484375 0.8505859375 0.0 0.99951171875 0.0
0 0.0 0.7744140625 0.447265625 0.4443359375 0.4736328125 0.4384765625 0.4990234375 0.4306640625 0.5126953125 0.4296875 0.544921875 0.43359375 0.544921875 0.443359375 0.5234375 0.4443359375 0.51904296875 0.447265625 0.53369140625 0.447265625 0.54736328125 0.44921875 0.59033203125 0.4501953125 0.634765625 0.4609375 0.99951171875 0.8203125 0.99951171875 0.9990234375 0.0 0.9990234375
4 0.32958984375 0.376953125 0.32958984375 0.47265625 0.33984375 0.47265625 0.34326171875 0.4716796875 0.3447265625 0.49609375 0.35009765625 0.4765625 0.36279296875 0.4658203125 0.36376953125 0.4677734375 0.3642578125 0.4736328125 0.3671875 0.474609375 0.369140625 0.4736328125 0.37109375 0.4736328125 0.37158203125 0.37890625 0.36376953125 0.376953125 0.35009765625 0.376953125 0.3486328125 0.3740234375
1 0.5439453125 0.44140625 0.54296875 0.4404296875 0.5361328125 0.4404296875 0.525390625 0.4404296875 0.52197265625 0.443359375 0.51953125 0.4443359375 0.5185546875 0.4482421875 0.51953125 0.4501953125 0.5341796875 0.451171875 0.578125 0.4521484375 0.63720703125 0.4541015625 0.6572265625 0.4541015625 0.658203125 0.4482421875 0.6484375 0.4482421875 0.580078125 0.4482421875 0.56005859375 0.4482421875 0.546875 0.447265625 0.5439453125 0.447265625
5 0.466796875 0.4267578125 0.45947265625 0.4287109375 0.4599609375 0.466796875 0.4697265625 0.4677734375 0.47412109375 0.4306640625
13 0.5 0.412109375 0.51953125 0.412109375 0.52294921875 0.419921875 0.5234375 0.421875 0.5234375 0.4267578125 0.5224609375 0.427734375 0.521484375 0.4326171875 0.51953125 0.435546875 0.51904296875 0.4375 0.51806640625 0.439453125 0.51025390625 0.439453125 0.509765625 0.4375 0.50927734375 0.4365234375 0.4951171875 0.435546875 0.4951171875 0.4384765625 0.486328125 0.4384765625 0.486328125 0.4365234375 0.48388671875 0.435546875 0.482421875 0.43359375 0.482421875 0.4287109375 0.48291015625 0.4248046875 0.4873046875 0.419921875 0.4892578125 0.41796875 0.4931640625 0.41796875
5 0.5419921875 0.439453125 0.5419921875 0.357421875 0.54345703125 0.357421875 0.54345703125 0.4501953125 0.5419921875 0.4501953125
1 0.0 0.69921875 0.009765625 0.6904296875 0.01513671875 0.6875 0.025390625 0.6826171875 0.03564453125 0.677734375 0.04736328125 0.6708984375 0.06005859375 0.666015625 0.07470703125 0.6591796875 0.08740234375 0.6533203125 0.10498046875 0.6435546875 0.1357421875 0.6259765625 0.205078125 0.5830078125 0.29833984375 0.5224609375 0.3203125 0.5078125 0.29736328125 0.5029296875 0.30810546875 0.4931640625 0.322265625 0.484375 0.349609375 0.484375 0.36328125 0.4736328125 0.3681640625 0.46875 0.38671875 0.474609375 0.416015625 0.4560546875 0.42041015625 0.447265625 0.42529296875 0.4521484375 0.4287109375 0.439453125 0.44775390625 0.4384765625 0.44873046875 0.43359375 0.4521484375 0.4326171875 0.45703125 0.427734375 0.458984375 0.4365234375 0.46875 0.44140625 0.47802734375 0.453125 0.4873046875 0.455078125 0.48974609375 0.4560546875 0.49072265625 0.4619140625 0.48974609375 0.4677734375 0.486328125 0.4755859375 0.47509765625 0.484375 0.46630859375 0.4873046875 0.45703125 0.490234375 0.4443359375 0.4951171875 0.43408203125 0.498046875 0.42529296875 0.50390625 0.416015625 0.50390625 0.41259765625 0.5078125 0.4072265625 0.5224609375 0.37548828125 0.5595703125 0.3310546875 0.568359375 0.2431640625 0.6904296875 0.15673828125 0.7890625 0.0 0.9560546875
1 0.0 0.609375 0.02880859375 0.6123046875 0.04833984375 0.6181640625 0.06689453125 0.626953125 0.07666015625 0.6337890625 0.07568359375 0.6396484375 0.076171875 0.669921875 0.0 0.7099609375
5 0.46484375 0.427734375 0.4658203125 0.4765625 0.45751953125 0.4765625 0.45703125 0.4296875 0.458984375 0.4296875 0.4599609375 0.3212890625 0.45849609375 0.3203125 0.45849609375 0.314453125 0.458984375 0.3125 0.4599609375 0.3125 0.46044921875 0.3076171875 0.46240234375 0.3076171875 0.4619140625 0.4267578125
5 0.4462890625 0.4140625 0.4462890625 0.3583984375 0.4453125 0.3583984375 0.44482421875 0.421875 0.4462890625 0.421875
11 0.4404296875 0.4033203125 0.44287109375 0.4033203125 0.44287109375 0.404296875 0.44384765625 0.404296875 0.44384765625 0.40625 0.4443359375 0.408203125 0.4443359375 0.4091796875 0.44482421875 0.41015625 0.4453125 0.4130859375 0.4453125 0.4150390625 0.4453125 0.41796875 0.44482421875 0.4189453125 0.4443359375 0.419921875 0.44384765625 0.421875 0.4423828125 0.423828125 0.44140625 0.423828125 0.44140625 0.427734375 0.44140625 0.439453125 0.43994140625 0.439453125 0.43994140625 0.419921875 0.43896484375 0.4189453125 0.43798828125 0.416015625 0.43896484375 0.412109375 0.439453125 0.4091796875 0.43994140625 0.408203125 0.43994140625 0.4072265625 0.4404296875 0.4072265625
5 0.4365234375 0.447265625 0.43896484375 0.447265625 0.43896484375 0.408203125 0.4365234375 0.408203125
11 0.43017578125 0.4150390625 0.43017578125 0.419921875 0.4296875 0.421875 0.4296875 0.4267578125 0.42919921875 0.4287109375 0.4287109375 0.4306640625 0.42919921875 0.4404296875 0.427734375 0.4404296875 0.427734375 0.4365234375 0.42724609375 0.435546875 0.42626953125 0.43359375 0.42431640625 0.43359375 0.42431640625 0.42578125 0.423828125 0.42578125 0.42333984375 0.423828125 0.42333984375 0.419921875 0.4228515625 0.4189453125 0.4228515625 0.416015625 0.4228515625 0.4140625 0.42333984375 0.412109375 0.42333984375 0.41015625 0.423828125 0.4091796875 0.42431640625 0.408203125 0.4248046875 0.408203125 0.4248046875 0.40625 0.4248046875 0.404296875 0.42529296875 0.40234375 0.427734375 0.40234375 0.42822265625 0.404296875 0.42822265625 0.4072265625 0.42919921875 0.408203125 0.43017578125 0.41015625
5 0.44091796875 0.44921875 0.44287109375 0.44921875 0.44287109375 0.42578125 0.44140625 0.42578125 0.44091796875 0.4384765625
5 0.5361328125 0.4384765625 0.5361328125 0.42578125 0.537109375 0.42578125 0.537109375 0.443359375 0.5361328125 0.443359375
5 0.5341796875 0.443359375 0.5322265625 0.443359375 0.5322265625 0.4296875 0.5341796875 0.4296875
5 0.529296875 0.4443359375 0.5283203125 0.4443359375 0.5283203125 0.4306640625 0.529296875 0.4306640625
5 0.5244140625 0.4482421875 0.5244140625 0.4306640625 0.5263671875 0.4306640625 0.5263671875 0.4482421875
5 0.5322265625 0.44921875 0.53076171875 0.44921875 0.53076171875 0.4326171875 0.5322265625 0.4326171875
5 0.54052734375 0.4501953125 0.5390625 0.4501953125 0.5390625 0.4306640625 0.54052734375 0.4306640625
11 0.45068359375 0.42578125 0.45068359375 0.41796875 0.451171875 0.4140625 0.451171875 0.408203125 0.45263671875 0.404296875 0.4541015625 0.404296875 0.45361328125 0.4033203125 0.45361328125 0.400390625 0.4541015625 0.3955078125 0.45458984375 0.39453125 0.4580078125 0.39453125 0.4580078125 0.40625 0.45751953125 0.4072265625 0.45751953125 0.408203125 0.4580078125 0.4091796875 0.45947265625 0.41015625 0.4599609375 0.4296875 0.4599609375 0.4443359375 0.45703125 0.4541015625 0.45361328125 0.4541015625 0.453125 0.439453125 0.45166015625 0.435546875 0.451171875 0.43359375
5 0.4697265625 0.4306640625 0.466796875 0.43359375 0.46630859375 0.4658203125 0.470703125 0.4658203125 0.47216796875 0.46484375 0.47216796875 0.4599609375 0.47412109375 0.4453125
11 0.41455078125 0.4521484375 0.41455078125 0.431640625 0.41552734375 0.4306640625 0.41552734375 0.427734375 0.41552734375 0.42578125 0.416015625 0.423828125 0.4169921875 0.4208984375 0.41845703125 0.4208984375 0.419921875 0.423828125 0.4208984375 0.42578125 0.4208984375 0.4306640625 0.42041015625 0.431640625 0.4189453125 0.4326171875 0.4189453125 0.43359375 0.42138671875 0.439453125 0.421875 0.4404296875 0.4248046875 0.43359375 0.42626953125 0.43359375 0.42724609375 0.435546875 0.427734375 0.4365234375 0.42822265625 0.439453125 0.42822265625 0.4501953125 0.4267578125 0.4501953125 0.4267578125 0.451171875 0.427734375 0.4521484375 0.427734375 0.453125 0.4287109375 0.4541015625 0.4296875 0.4541015625 0.42919921875 0.45703125 0.41455078125 0.45703125
5 0.6318359375 0.4130859375 0.6318359375 0.3896484375 0.630859375 0.3896484375 0.63134765625 0.349609375 0.6328125 0.349609375 0.63330078125 0.43359375 0.6318359375 0.43359375
5 0.61376953125 0.4150390625 0.61328125 0.146484375 0.61181640625 0.146484375 0.6123046875 0.16015625 0.61083984375 0.16015625 0.61083984375 0.1552734375 0.59912109375 0.1552734375 0.59912109375 0.1640625 0.6064453125 0.1640625 0.607421875 0.1650390625 0.61181640625 0.1650390625 0.61083984375 0.4248046875 0.60888671875 0.4248046875 0.607421875 0.4267578125 0.60791015625 0.4541015625 0.61328125 0.4541015625
5 0.65869140625 0.3955078125 0.65966796875 0.3369140625 0.66064453125 0.3369140625 0.66015625 0.4677734375 0.65869140625 0.4677734375
8 0.6533203125 0.3564453125 0.6552734375 0.3525390625 0.65478515625 0.34375 0.65478515625 0.337890625 0.65478515625 0.3310546875 0.65625 0.326171875 0.6533203125 0.3232421875 0.6513671875 0.3212890625 0.6513671875 0.318359375 0.6552734375 0.31640625 0.6552734375 0.3076171875 0.65380859375 0.2978515625 0.654296875 0.2900390625 0.6552734375 0.2841796875 0.6572265625 0.287109375 0.65869140625 0.2890625 0.66015625 0.2900390625 0.66259765625 0.2783203125 0.66552734375 0.2734375 0.67626953125 0.2626953125 0.6728515625 0.259765625 0.67041015625 0.2509765625 0.671875 0.2412109375 0.67236328125 0.2333984375 0.67431640625 0.2373046875 0.67529296875 0.2421875 0.67822265625 0.248046875 0.67919921875 0.2470703125 0.6806640625 0.2421875 0.68115234375 0.2392578125 0.6826171875 0.2412109375 0.6826171875 0.248046875 0.68505859375 0.24609375 0.68505859375 0.2412109375 0.68505859375 0.23046875 0.68701171875 0.21484375 0.6923828125 0.2099609375 0.69482421875 0.20703125 0.69384765625 0.212890625 0.69384765625 0.2158203125 0.6953125 0.2216796875 0.6953125 0.228515625 0.69775390625 0.236328125 0.7021484375 0.2314453125 0.70458984375 0.228515625 0.72021484375 0.2490234375 0.7197265625 0.26171875 0.72216796875 0.265625 0.724609375 0.2734375 0.72509765625 0.28125 0.72265625 0.498046875 0.7001953125 0.453125 0.65625 0.455078125 0.65625 0.453125 0.658203125 0.44921875 0.65869140625 0.4453125 0.65625 0.443359375 0.654296875 0.4404296875 0.65380859375 0.4326171875 0.65478515625 0.427734375 0.6552734375 0.423828125 0.65576171875 0.4169921875 0.6552734375 0.412109375 0.65478515625 0.408203125 0.6552734375 0.404296875 0.65625 0.40234375 0.658203125 0.400390625 0.6591796875 0.3994140625 0.65869140625 0.396484375 0.6552734375 0.3955078125 0.654296875 0.392578125 0.65478515625 0.3896484375 0.654296875 0.384765625 0.65478515625 0.380859375 0.654296875 0.37890625 0.6552734375 0.376953125 0.65625 0.3759765625 0.6552734375 0.3740234375 0.6533203125 0.37109375 0.65283203125 0.3671875
7 0.6259765625 0.3681640625 0.638671875 0.3681640625 0.638671875 0.37890625 0.6259765625 0.37890625
8 0.703125 0.396484375 0.7001953125 0.392578125 0.7001953125 0.384765625 0.69677734375 0.3779296875 0.69970703125 0.3720703125 0.69970703125 0.3642578125 0.701171875 0.3486328125 0.69970703125 0.3427734375 0.70068359375 0.3330078125 0.70263671875 0.328125 0.70068359375 0.3193359375 0.7021484375 0.3076171875 0.708984375 0.294921875 0.71630859375 0.265625 0.7197265625 0.2626953125 0.7236328125 0.271484375 0.724609375 0.2763671875 0.7275390625 0.2822265625 0.72998046875 0.2783203125 0.73095703125 0.2705078125 0.73193359375 0.2705078125 0.734375 0.2763671875 0.736328125 0.27734375 0.73779296875 0.2783203125 0.7392578125 0.2783203125 0.7421875 0.2705078125 0.74169921875 0.263671875 0.74169921875 0.2607421875 0.7421875 0.25390625 0.74658203125 0.2568359375 0.74609375 0.26171875 0.74609375 0.2666015625 0.75390625 0.2646484375 0.7626953125 0.2587890625 0.763671875 0.2509765625 0.765625 0.248046875 0.767578125 0.2509765625 0.7734375 0.2529296875 0.77587890625 0.25390625 0.78125 0.2509765625 0.78515625 0.2451171875 0.80419921875 0.2353515625 0.814453125 0.2314453125 0.82275390625 0.2255859375 0.8369140625 0.2138671875 0.8427734375 0.20703125 0.8564453125 0.205078125 0.85986328125 0.201171875 0.87451171875 0.197265625 0.88427734375 0.193359375 0.888671875 0.1865234375 0.890625 0.1796875 0.89208984375 0.1748046875 0.89306640625 0.1748046875 0.89501953125 0.1787109375 0.89697265625 0.1806640625 0.8974609375 0.1826171875 0.900390625 0.18359375 0.90380859375 0.1806640625 0.912109375 0.1748046875 0.9208984375 0.1767578125 0.9228515625 0.1689453125 0.921875 0.1630859375 0.92333984375 0.1572265625 0.935546875 0.154296875 0.93994140625 0.1591796875 0.94384765625 0.1650390625 0.9482421875 0.166015625 0.94775390625 0.1552734375 0.947265625 0.1474609375 0.9482421875 0.1435546875 0.94970703125 0.1396484375 0.9501953125 0.1396484375 0.9541015625 0.140625 0.9541015625 0.1416015625 0.953125 0.1435546875 0.9541015625 0.1435546875 0.95458984375 0.14453125 0.955078125 0.14453125 0.95703125 0.14453125 0.9580078125 0.146484375 0.96240234375 0.1494140625 0.96630859375 0.1416015625 0.97119140625 0.1337890625 0.98828125 0.126953125 0.9931640625 0.115234375 0.99951171875 0.10546875 0.99951171875 0.7001953125 0.69384765625 0.521484375
18 0.46044921875 0.439453125 0.45849609375 0.4404296875 0.45703125 0.4423828125 0.45458984375 0.4482421875 0.4541015625 0.453125 0.4541015625 0.462890625 0.455078125 0.4677734375 0.45654296875 0.4716796875 0.46044921875 0.4765625 0.4638671875 0.4775390625 0.466796875 0.4775390625 0.46826171875 0.4755859375 0.46923828125 0.4716796875 0.4697265625 0.466796875 0.4697265625 0.455078125 0.46875 0.451171875 0.46630859375 0.4443359375 0.46630859375 0.4375 0.46630859375 0.421875 0.466796875 0.419921875 0.46826171875 0.4189453125 0.46875 0.4189453125 0.46923828125 0.41796875 0.46923828125 0.416015625 0.4677734375 0.416015625 0.46533203125 0.416015625 0.46435546875 0.4169921875 0.46337890625 0.41796875 0.462890625 0.4189453125 0.46240234375 0.4208984375 0.46240234375 0.4208984375 0.46337890625 0.421875 0.4638671875 0.421875 0.46435546875 0.4208984375 0.46435546875 0.4267578125 0.4638671875 0.4287109375 0.46240234375 0.4287109375 0.46240234375 0.4306640625 0.46240234375 0.431640625 0.462890625 0.431640625 0.46337890625 0.4326171875 0.46337890625 0.4404296875
1 0.99951171875 0.8447265625 0.76416015625 0.6396484375 0.73779296875 0.615234375 0.71630859375 0.5947265625 0.708984375 0.587890625 0.689453125 0.57421875 0.6650390625 0.55078125 0.6455078125 0.53515625 0.6357421875 0.525390625 0.6240234375 0.5107421875 0.623046875 0.5068359375 0.611328125 0.5048828125 0.609375 0.5 0.6083984375 0.498046875 0.60986328125 0.4912109375 0.61181640625 0.48046875 0.61083984375 0.4697265625 0.60546875 0.4638671875 0.5966796875 0.462890625 0.5888671875 0.4609375 0.58349609375 0.45703125 0.5849609375 0.455078125 0.5888671875 0.455078125 0.591796875 0.455078125 0.607421875 0.4541015625 0.62109375 0.4541015625 0.65283203125 0.455078125 0.71435546875 0.4521484375 0.73095703125 0.4501953125 0.72412109375 0.462890625 0.72998046875 0.4658203125 0.71337890625 0.466796875 0.70263671875 0.486328125 0.7001953125 0.4970703125 0.70166015625 0.4970703125 0.70458984375 0.4931640625 0.71484375 0.478515625 0.720703125 0.484375 0.72705078125 0.4853515625 0.7197265625 0.5146484375 0.7431640625 0.4970703125 0.75537109375 0.51171875 0.79541015625 0.52734375 0.80029296875 0.53515625 0.8056640625 0.53125 0.81103515625 0.5283203125 0.94189453125 0.52734375 0.96630859375 0.599609375 0.99951171875 0.623046875
3 0.69482421875 0.50390625 0.69482421875 0.4658203125 0.6962890625 0.4619140625 0.69970703125 0.4619140625 0.71875 0.439453125 0.99951171875 0.4736328125 0.99951171875 0.646484375 0.9365234375 0.6201171875 0.88720703125 0.5966796875 0.87646484375 0.59375 0.873046875 0.59375 0.861328125 0.5849609375 0.8515625 0.58203125 0.84521484375 0.576171875 0.84130859375 0.578125 0.83740234375 0.5732421875 0.8330078125 0.57421875 0.82080078125 0.56640625 0.81591796875 0.5625 0.8095703125 0.5615234375 0.8056640625 0.556640625 0.79833984375 0.5498046875 0.79541015625 0.55078125 0.7919921875 0.55078125 0.78955078125 0.5478515625 0.78369140625 0.544921875 0.74462890625 0.52734375 0.73974609375 0.5283203125 0.73779296875 0.525390625 0.73828125 0.5234375 0.7265625 0.5185546875 0.72021484375 0.515625 0.712890625 0.5107421875 0.701171875 0.5107421875 0.69482421875 0.5107421875
11 0.67431640625 0.4169921875 0.67431640625 0.4072265625 0.67626953125 0.40625 0.67626953125 0.4033203125 0.67626953125 0.4013671875 0.67626953125 0.396484375 0.6767578125 0.39453125 0.6796875 0.39453125 0.6806640625 0.3974609375 0.6806640625 0.40234375 0.68212890625 0.4052734375 0.68212890625 0.4140625 0.68310546875 0.416015625 0.68310546875 0.4326171875 0.6806640625 0.4326171875 0.68017578125 0.439453125 0.6806640625 0.453125 0.68115234375 0.455078125 0.6826171875 0.458984375 0.6826171875 0.4599609375 0.6787109375 0.4599609375 0.6787109375 0.4482421875 0.67724609375 0.4482421875 0.67724609375 0.451171875 0.6748046875 0.453125 0.6748046875 0.4599609375 0.673828125 0.4599609375 0.6728515625 0.458984375 0.67236328125 0.4560546875 0.671875 0.453125 0.671875 0.451171875 0.6728515625 0.4501953125 0.6748046875 0.4482421875 0.67724609375 0.439453125 0.67431640625 0.4267578125
5 0.64306640625 0.4609375 0.64306640625 0.4541015625 0.64306640625 0.4453125 0.64208984375 0.4443359375 0.642578125 0.44140625 0.64306640625 0.4375 0.64697265625 0.4375 0.64697265625 0.44140625 0.6474609375 0.4443359375 0.646484375 0.4453125 0.646484375 0.4599609375 0.6474609375 0.4619140625 0.6474609375 0.466796875 0.64697265625 0.466796875 0.64697265625 0.474609375 0.64794921875 0.4765625 0.64794921875 0.486328125 0.64697265625 0.4873046875 0.64697265625 0.5029296875 0.6484375 0.50390625 0.6484375 0.5087890625 0.64892578125 0.509765625 0.64892578125 0.51171875 0.6416015625 0.51171875 0.6416015625 0.509765625 0.642578125 0.5068359375 0.642578125 0.501953125 0.64306640625 0.5009765625 0.6435546875 0.486328125 0.642578125 0.486328125 0.642578125 0.48046875 0.6435546875 0.4794921875 0.6435546875 0.466796875 0.642578125 0.466796875
5 0.7001953125 0.513671875 0.69873046875 0.4990234375 0.69970703125 0.4912109375 0.697265625 0.490234375 0.69677734375 0.48828125 0.69580078125 0.4833984375 0.69580078125 0.478515625 0.69677734375 0.4775390625 0.69677734375 0.47265625 0.7001953125 0.47265625 0.70068359375 0.466796875 0.70166015625 0.466796875 0.70361328125 0.4267578125 0.71044921875 0.4267578125 0.712890625 0.51171875
11 0.6640625 0.4384765625 0.65869140625 0.435546875 0.65869140625 0.4306640625 0.658203125 0.4267578125 0.6572265625 0.421875 0.65869140625 0.416015625 0.6591796875 0.41015625 0.66015625 0.4072265625 0.66162109375 0.4052734375 0.66162109375 0.40234375 0.66162109375 0.400390625 0.662109375 0.3974609375 0.6630859375 0.39453125 0.66455078125 0.39453125 0.66552734375 0.39453125 0.6669921875 0.3955078125 0.66748046875 0.40234375 0.6669921875 0.4052734375 0.66748046875 0.40625 0.66796875 0.4072265625 0.6689453125 0.4130859375 0.67041015625 0.41796875 0.67041015625 0.423828125 0.6728515625 0.4248046875 0.6748046875 0.4267578125 0.67626953125 0.4326171875 0.67626953125 0.4375 0.6728515625 0.4384765625 0.669921875 0.4365234375 0.669921875 0.4375 0.66796875 0.439453125 0.6669921875 0.439453125 0.6669921875 0.4521484375 0.66796875 0.4541015625 0.66796875 0.45703125 0.66845703125 0.458984375 0.66845703125 0.4599609375 0.66845703125 0.4609375 0.6650390625 0.4609375 0.6650390625 0.4501953125 0.66455078125 0.44921875 0.6640625 0.44921875 0.66162109375 0.453125 0.6611328125 0.45703125 0.66162109375 0.4599609375 0.66162109375 0.4599609375 0.66015625 0.4599609375 0.66015625 0.4599609375 0.66015625 0.4599609375 0.6591796875 0.45703125 0.65869140625 0.4541015625 0.65869140625 0.4501953125
4 0.26025390625 0.33984375 0.1005859375 0.3330078125 0.10107421875 0.4404296875 0.1025390625 0.4404296875 0.1025390625 0.4287109375 0.27880859375 0.42578125 0.27783203125 0.3427734375
11 0.19189453125 0.4072265625 0.2001953125 0.3583984375 0.203125 0.3544921875 0.20751953125 0.353515625 0.20849609375 0.3486328125 0.20703125 0.345703125 0.20654296875 0.341796875 0.20654296875 0.3349609375 0.20703125 0.3310546875 0.2080078125 0.3251953125 0.21044921875 0.3212890625 0.21240234375 0.3203125 0.21484375 0.3203125 0.21533203125 0.3212890625 0.216796875 0.3232421875 0.21826171875 0.3251953125 0.22021484375 0.330078125 0.220703125 0.3359375 0.220703125 0.341796875 0.2197265625 0.3466796875 0.2236328125 0.3486328125 0.2255859375 0.3505859375 0.2294921875 0.3623046875 0.236328125 0.40234375 0.23779296875 0.419921875 0.23583984375 0.421875 0.2333984375 0.4267578125 0.23291015625 0.4375 0.23193359375 0.4404296875 0.2294921875 0.44140625 0.22802734375 0.44140625 0.22607421875 0.4384765625 0.2255859375 0.439453125 0.224609375 0.44921875 0.22412109375 0.4892578125 0.22509765625 0.490234375 0.22509765625 0.4931640625 0.2236328125 0.4970703125 0.22265625 0.5009765625 0.22265625 0.509765625 0.224609375 0.5107421875 0.224609375 0.515625 0.2177734375 0.515625 0.2177734375 0.5126953125 0.216796875 0.4775390625 0.216796875 0.4619140625 0.21630859375 0.4560546875 0.21533203125 0.4560546875 0.21435546875 0.4599609375 0.21533203125 0.4912109375 0.21435546875 0.4970703125 0.21484375 0.498046875 0.2158203125 0.501953125 0.21484375 0.5029296875 0.21484375 0.51171875 0.205078125 0.51171875 0.20458984375 0.5087890625 0.2060546875 0.5068359375 0.2080078125 0.50390625 0.20703125 0.4775390625 0.20654296875 0.462890625 0.205078125 0.4453125 0.20068359375 0.439453125 0.1982421875 0.4375 0.19580078125 0.4404296875 0.1923828125 0.443359375 0.1904296875 0.443359375 0.18798828125 0.4404296875 0.18798828125 0.435546875 0.18896484375 0.4306640625 0.1904296875 0.427734375 0.18994140625 0.4248046875 0.1904296875 0.4189453125
5 0.7099609375 0.2265625 0.71240234375 0.0283203125 0.712890625 0.0224609375 0.71337890625 0.0 0.7177734375 0.0 0.71533203125 0.5185546875 0.7080078125 0.51953125
11 0.248046875 0.396484375 0.2490234375 0.390625 0.25 0.384765625 0.25048828125 0.3818359375 0.24951171875 0.3798828125 0.24951171875 0.376953125 0.25439453125 0.369140625 0.2568359375 0.3671875 0.25732421875 0.365234375 0.2568359375 0.361328125 0.255859375 0.35546875 0.25634765625 0.349609375 0.25927734375 0.34375 0.26171875 0.341796875 0.26416015625 0.3408203125 0.2666015625 0.34375 0.2685546875 0.34765625 0.27001953125 0.3505859375 0.27001953125 0.359375 0.27001953125 0.3623046875 0.2685546875 0.3642578125 0.2685546875 0.3662109375 0.26953125 0.3671875 0.27197265625 0.3720703125 0.2744140625 0.3759765625 0.27587890625 0.380859375 0.27734375 0.3916015625 0.2783203125 0.400390625 0.27587890625 0.416015625 0.27490234375 0.4189453125 0.27490234375 0.4267578125 0.2763671875 0.4296875 0.27783203125 0.43359375 0.27734375 0.439453125 0.27587890625 0.4404296875 0.27490234375 0.4521484375 0.2734375 0.45703125 0.27294921875 0.48046875 0.27294921875 0.5068359375 0.27197265625 0.51171875 0.2705078125 0.51953125 0.2705078125 0.5244140625 0.26953125 0.52734375 0.2626953125 0.52734375 0.263671875 0.5205078125 0.26318359375 0.4990234375 0.26513671875 0.490234375 0.26416015625 0.4716796875 0.263671875 0.4541015625 0.2626953125 0.4541015625 0.26123046875 0.4697265625 0.26220703125 0.4736328125 0.26123046875 0.478515625 0.2607421875 0.4951171875 0.259765625 0.501953125 0.25927734375 0.5107421875 0.25830078125 0.5146484375 0.2578125 0.525390625 0.251953125 0.5263671875 0.251953125 0.5234375 0.25048828125 0.5234375 0.24951171875 0.5205078125 0.2490234375 0.5146484375 0.25 0.5087890625 0.2509765625 0.5078125 0.2509765625 0.447265625 0.25146484375 0.4423828125 0.2490234375 0.4423828125 0.2490234375 0.447265625 0.24755859375 0.44921875 0.24560546875 0.4501953125 0.244140625 0.4482421875 0.24365234375 0.44140625 0.24365234375 0.4306640625 0.2451171875 0.4296875 0.24365234375 0.42578125 0.244140625 0.416015625 0.24560546875 0.4091796875 0.248046875 0.4072265625
5 0.53564453125 0.435546875 0.53466796875 0.435546875 0.53466796875 0.42578125 0.53564453125 0.42578125
7 0.70458984375 0.23828125 0.7080078125 0.234375 0.7138671875 0.2333984375 0.71826171875 0.23828125 0.72021484375 0.2470703125 0.72021484375 0.259765625 0.7177734375 0.2685546875 0.712890625 0.2744140625 0.70849609375 0.2744140625 0.705078125 0.2705078125 0.70263671875 0.2607421875 0.70263671875 0.2509765625
7 0.5390625 0.3623046875 0.54052734375 0.357421875 0.54345703125 0.357421875 0.544921875 0.359375 0.54541015625 0.3642578125 0.544921875 0.3681640625 0.5439453125 0.37109375 0.54150390625 0.37109375 0.5400390625 0.3701171875 0.5390625 0.3671875
7 0.662109375 0.337890625 0.671875 0.337890625 0.67138671875 0.3447265625 0.658203125 0.3447265625 0.658203125 0.337890625
7 0.65283203125 0.3564453125 0.66650390625 0.357421875 0.6669921875 0.3681640625 0.65283203125 0.3681640625
5 0.60107421875 0.0419921875 0.60546875 0.0439453125 0.60791015625 0.03515625 0.60595703125 0.037109375 0.60595703125 0.0 0.6044921875 0.0 0.60498046875 0.0263671875 0.60302734375 0.02734375 0.60302734375 0.0390625 0.60107421875 0.0419921875
5 0.81201171875 0.046875 0.81689453125 0.0458984375 0.81201171875 0.0458984375 0.81201171875 0.046875 0.8173828125 0.0458984375 0.822265625 0.044921875 0.8212890625 0.044921875 0.82177734375 0.0 0.81787109375 0.0 0.81884765625 0.02734375 0.8173828125 0.03125 0.8173828125 0.0458984375 0.81201171875 0.046875 0.8271484375 0.0439453125 0.82958984375 0.0439453125 0.8310546875 0.0 0.82666015625 0.0 0.82763671875 0.009765625 0.8271484375 0.025390625 0.8271484375 0.0439453125 0.81201171875 0.046875 0.81201171875 0.046875
