10 0.51611328125 0.0 0.67236328125 0.2197265625 0.978515625 0.19921875 0.99951171875 0.0
0 0.0 0.822265625 0.0 0.72265625 0.0 0.6240234375 0.0 0.48828125 0.2060546875 0.4892578125 0.3193359375 0.4814453125 0.44091796875 0.4658203125 0.55029296875 0.435546875 0.6865234375 0.396484375 0.755859375 0.4052734375 0.69384765625 0.5400390625 0.8544921875 0.5546875 0.99951171875 0.5791015625 0.99951171875 0.9990234375 0.0 0.9990234375 0.0 0.89453125
2 0.0 0.0 0.162109375 0.0 0.22607421875 0.0 0.599609375 0.0 0.60302734375 0.0068359375 0.60302734375 0.0078125 0.60009765625 0.0078125 0.60009765625 0.0107421875 0.603515625 0.0302734375 0.60986328125 0.0302734375 0.61376953125 0.0302734375 0.61669921875 0.03125 0.6181640625 0.0341796875 0.6201171875 0.041015625 0.62158203125 0.0498046875 0.62255859375 0.0576171875 0.62255859375 0.068359375 0.62255859375 0.072265625 0.623046875 0.076171875 0.62451171875 0.080078125 0.62548828125 0.078125 0.62548828125 0.0712890625 0.630859375 0.0703125 0.6328125 0.06640625 0.6318359375 0.0625 0.6318359375 0.0595703125 0.6318359375 0.056640625 0.634765625 0.0517578125 0.634765625 0.0458984375 0.63623046875 0.0439453125 0.63916015625 0.044921875 0.6416015625 0.0458984375 0.6416015625 0.0517578125 0.6494140625 0.0595703125 0.65478515625 0.060546875 0.6552734375 0.06640625 0.66162109375 0.072265625 0.662109375 0.072265625 0.66259765625 0.0 0.66748046875 0.0 0.66748046875 0.0146484375 0.66748046875 0.078125 0.68798828125 0.0751953125 0.68798828125 0.0810546875 0.6923828125 0.0869140625 0.7119140625 0.0849609375 0.72998046875 0.083984375 0.74072265625 0.1044921875 0.74267578125 0.103515625 0.7431640625 0.0 0.99951171875 0.0 0.99951171875 0.5390625 0.79248046875 0.552734375 0.72705078125 0.4384765625 0.7236328125 0.3916015625 0.64404296875 0.4208984375 0.51123046875 0.451171875 0.37841796875 0.4736328125 0.14404296875 0.4951171875 0.0 0.4931640625
1 0.125 0.5107421875 0.15087890625 0.5087890625 0.2001953125 0.50390625 0.240234375 0.5 0.33984375 0.4892578125 0.37646484375 0.4853515625 0.40380859375 0.4814453125 0.46435546875 0.4736328125 0.50830078125 0.46484375 0.55810546875 0.453125 0.5830078125 0.4453125 0.6455078125 0.42578125 0.6318359375 0.41015625 0.57373046875 0.4267578125 0.54150390625 0.435546875 0.4716796875 0.455078125 0.41552734375 0.46484375 0.36669921875 0.4697265625 0.2802734375 0.478515625 0.2294921875 0.4794921875 0.17138671875 0.4853515625 0.10302734375 0.48046875 0.06396484375 0.4814453125 0.0712890625 0.537109375
1 0.7099609375 0.40234375 0.68798828125 0.416015625 0.6708984375 0.4130859375 0.66748046875 0.4091796875 0.6728515625 0.4052734375 0.6865234375 0.400390625 0.70166015625 0.39453125 0.7119140625 0.3916015625 0.72021484375 0.396484375
11 0.69091796875 0.4072265625 0.69140625 0.4013671875 0.6923828125 0.3974609375 0.69287109375 0.3955078125 0.69287109375 0.39453125 0.69189453125 0.392578125 0.6923828125 0.3876953125 0.69287109375 0.3828125 0.69482421875 0.3798828125 0.6962890625 0.3798828125 0.6982421875 0.3828125 0.69873046875 0.384765625 0.7001953125 0.384765625 0.701171875 0.3876953125 0.70166015625 0.392578125 0.70068359375 0.3955078125 0.6982421875 0.3955078125 0.69873046875 0.40234375 0.6982421875 0.4072265625 0.697265625 0.408203125 0.6962890625 0.4072265625 0.6962890625 0.4033203125 0.6962890625 0.4013671875 0.6943359375 0.40234375 0.69384765625 0.4052734375 0.69287109375 0.408203125
1 0.8515625 0.5830078125 0.80322265625 0.57421875 0.76806640625 0.5703125 0.73291015625 0.568359375 0.677734375 0.5615234375 0.669921875 0.55859375 0.65380859375 0.5556640625 0.63623046875 0.55078125 0.62890625 0.5478515625 0.626953125 0.5439453125 0.6298828125 0.5400390625 0.6376953125 0.5380859375 0.6533203125 0.5341796875 0.6591796875 0.5302734375 0.67236328125 0.521484375 0.79736328125 0.541015625 0.8388671875 0.54296875
8 0.70068359375 0.357421875 0.6982421875 0.34765625 0.69970703125 0.4091796875 0.6953125 0.408203125 0.6953125 0.345703125 0.68701171875 0.3408203125 0.68212890625 0.322265625 0.68212890625 0.310546875 0.68115234375 0.2998046875 0.685546875 0.306640625 0.685546875 0.2939453125 0.689453125 0.298828125 0.68896484375 0.2822265625 0.68701171875 0.275390625 0.68603515625 0.2666015625 0.69091796875 0.2666015625 0.6904296875 0.26171875 0.69384765625 0.2646484375 0.69287109375 0.2509765625 0.69677734375 0.2568359375 0.69482421875 0.2431640625 0.69677734375 0.2333984375 0.70166015625 0.2392578125 0.70458984375 0.2275390625 0.7060546875 0.2197265625 0.70751953125 0.2138671875 0.7099609375 0.205078125 0.7138671875 0.2060546875 0.7177734375 0.2119140625 0.720703125 0.2119140625 0.7236328125 0.2197265625 0.72509765625 0.2197265625 0.728515625 0.2216796875 0.732421875 0.2236328125 0.73583984375 0.2255859375 0.74169921875 0.224609375 0.73974609375 0.349609375
11 0.66455078125 0.4130859375 0.66162109375 0.4091796875 0.6611328125 0.4013671875 0.66015625 0.3955078125 0.6611328125 0.3876953125 0.66064453125 0.384765625 0.66064453125 0.3818359375 0.66162109375 0.3798828125 0.6630859375 0.3779296875 0.66455078125 0.380859375 0.66552734375 0.3828125 0.66650390625 0.3857421875 0.6669921875 0.4052734375
11 0.67529296875 0.4130859375 0.67529296875 0.4052734375 0.67529296875 0.3994140625 0.67431640625 0.3935546875 0.6748046875 0.3896484375 0.67626953125 0.3857421875 0.67626953125 0.3837890625 0.67626953125 0.3818359375 0.67724609375 0.3798828125 0.67822265625 0.3798828125 0.67919921875 0.3818359375 0.67919921875 0.3837890625 0.67919921875 0.384765625 0.68017578125 0.3876953125 0.68115234375 0.3896484375 0.68115234375 0.3955078125 0.6806640625 0.3974609375 0.6796875 0.400390625 0.68017578125 0.40234375 0.6806640625 0.40625 0.68115234375 0.412109375 0.6796875 0.4130859375 0.6787109375 0.404296875 0.677734375 0.404296875 0.677734375 0.412109375
11 0.564453125 0.4326171875 0.56494140625 0.4306640625 0.5654296875 0.427734375 0.5654296875 0.4208984375 0.56494140625 0.4140625 0.56396484375 0.4130859375 0.56201171875 0.412109375 0.56396484375 0.408203125 0.564453125 0.404296875 0.56494140625 0.4013671875 0.56494140625 0.3955078125 0.56591796875 0.3935546875 0.56689453125 0.3935546875 0.56787109375 0.39453125 0.56884765625 0.396484375 0.56884765625 0.400390625 0.5693359375 0.4013671875 0.5712890625 0.4033203125 0.5703125 0.4189453125 0.5703125 0.423828125 0.56982421875 0.4296875 0.5703125 0.4326171875 0.56884765625 0.43359375 0.56640625 0.435546875 0.56494140625 0.435546875 0.56396484375 0.435546875
11 0.56787109375 0.4140625 0.56787109375 0.408203125 0.56787109375 0.404296875 0.5693359375 0.4013671875 0.5703125 0.3994140625 0.57080078125 0.3974609375 0.57080078125 0.3955078125 0.57080078125 0.3935546875 0.57177734375 0.3916015625 0.5732421875 0.3916015625 0.57373046875 0.39453125 0.57470703125 0.3974609375 0.576171875 0.400390625 0.57666015625 0.4033203125 0.57666015625 0.412109375 0.57666015625 0.416015625 0.57568359375 0.41796875 0.57568359375 0.4208984375 0.57568359375 0.427734375 0.57568359375 0.4326171875 0.5751953125 0.4375 0.57275390625 0.4375 0.57177734375 0.435546875 0.572265625 0.431640625 0.572265625 0.427734375 0.57177734375 0.42578125 0.57080078125 0.423828125 0.5703125 0.4189453125 0.5693359375 0.41796875
6 0.6376953125 0.3759765625 0.6357421875 0.37109375 0.6357421875 0.3671875 0.63671875 0.361328125 0.63818359375 0.357421875 0.64208984375 0.357421875 0.6435546875 0.380859375 0.638671875 0.3828125
11 0.39453125 0.474609375 0.3935546875 0.46875 0.39697265625 0.4658203125 0.39794921875 0.44921875 0.39697265625 0.44140625 0.39501953125 0.4365234375 0.39697265625 0.4287109375 0.3994140625 0.4208984375 0.3994140625 0.4150390625 0.4013671875 0.412109375 0.4033203125 0.4130859375 0.404296875 0.416015625 0.40380859375 0.421875 0.40625 0.4267578125 0.40673828125 0.4326171875 0.40576171875 0.4453125 0.40625 0.458984375 0.40576171875 0.4736328125 0.40478515625 0.4765625 0.4033203125 0.4755859375 0.404296875 0.4521484375 0.4013671875 0.44921875 0.3994140625 0.4775390625
11 0.36279296875 0.47265625 0.36328125 0.4658203125 0.36328125 0.4609375 0.36181640625 0.4560546875 0.359375 0.453125 0.3623046875 0.443359375 0.36083984375 0.4404296875 0.35986328125 0.4365234375 0.36083984375 0.4296875 0.36328125 0.4248046875 0.36376953125 0.419921875 0.36474609375 0.416015625 0.3671875 0.4150390625 0.369140625 0.41796875 0.369140625 0.423828125 0.3671875 0.4267578125 0.36962890625 0.4287109375 0.3701171875 0.435546875 0.37109375 0.4423828125 0.37353515625 0.44921875 0.37060546875 0.451171875 0.36962890625 0.4453125 0.3681640625 0.453125 0.36865234375 0.4560546875 0.3681640625 0.4599609375 0.36767578125 0.4638671875 0.36962890625 0.46484375 0.36669921875 0.474609375
11 0.3134765625 0.48046875 0.3134765625 0.474609375 0.31396484375 0.46484375 0.3134765625 0.4560546875 0.3134765625 0.447265625 0.31005859375 0.44140625 0.31298828125 0.4091796875 0.31396484375 0.4072265625 0.31591796875 0.40625 0.31787109375 0.40625 0.3193359375 0.408203125 0.3193359375 0.4140625 0.31787109375 0.41796875 0.3173828125 0.427734375 0.31787109375 0.431640625 0.32080078125 0.4365234375 0.32080078125 0.439453125 0.32568359375 0.4423828125 0.32763671875 0.4794921875 0.3232421875 0.4814453125 0.31982421875 0.4794921875 0.3173828125 0.4775390625 0.31689453125 0.48046875
5 0.66455078125 0.53515625 0.66259765625 0.453125 0.66259765625 0.2744140625 0.66259765625 0.0 0.6669921875 0.0 0.6669921875 0.107421875 0.66796875 0.28515625 0.669921875 0.453125 0.67138671875 0.51953125 0.673828125 0.537109375 0.66796875 0.5478515625
5 0.84619140625 0.455078125 0.84716796875 0.30859375 0.85302734375 0.3095703125 0.8544921875 0.45703125
18 0.8388671875 0.4697265625 0.830078125 0.466796875 0.82666015625 0.466796875 0.82080078125 0.466796875 0.82080078125 0.4599609375 0.8251953125 0.4560546875 0.82763671875 0.4560546875 0.8251953125 0.4521484375 0.82373046875 0.4501953125 0.8193359375 0.451171875 0.81640625 0.4599609375 0.81787109375 0.4697265625 0.8212890625 0.474609375 0.82568359375 0.4755859375 0.8291015625 0.4775390625 0.82373046875 0.4912109375 0.82080078125 0.4951171875 0.82080078125 0.498046875 0.8212890625 0.501953125 0.8154296875 0.509765625 0.81103515625 0.5185546875 0.80810546875 0.5341796875 0.8056640625 0.55078125 0.80615234375 0.564453125 0.810546875 0.568359375 0.8154296875 0.560546875 0.8203125 0.546875 0.82470703125 0.5341796875 0.826171875 0.5234375 0.83984375 0.51171875
13 0.99951171875 0.4296875 0.982421875 0.416015625 0.97119140625 0.4140625 0.94580078125 0.408203125 0.9208984375 0.41015625 0.89208984375 0.4091796875 0.86083984375 0.41796875 0.849609375 0.4248046875 0.84130859375 0.4453125 0.83447265625 0.466796875 0.83154296875 0.478515625 0.8310546875 0.5185546875 0.826171875 0.5234375 0.8251953125 0.5400390625 0.828125 0.5556640625 0.830078125 0.564453125 0.8330078125 0.5673828125 0.833984375 0.5810546875 0.83740234375 0.591796875 0.841796875 0.5986328125 0.85205078125 0.6044921875 0.85693359375 0.603515625 0.861328125 0.59765625 0.86376953125 0.59375 0.8681640625 0.583984375 0.89990234375 0.583984375 0.9013671875 0.5927734375 0.90625 0.6044921875 0.91162109375 0.6123046875 0.9189453125 0.6142578125 0.927734375 0.6123046875 0.935546875 0.60546875 0.9384765625 0.59765625 0.93896484375 0.587890625 0.96044921875 0.591796875 0.9697265625 0.6044921875 0.978515625 0.6103515625 0.99462890625 0.615234375 0.99951171875 0.6103515625
13 0.0 0.322265625 0.0263671875 0.31640625 0.04931640625 0.31640625 0.0771484375 0.3203125 0.10009765625 0.3232421875 0.1064453125 0.3251953125 0.11083984375 0.330078125 0.115234375 0.3447265625 0.11767578125 0.3701171875 0.119140625 0.3798828125 0.12109375 0.3798828125 0.12158203125 0.392578125 0.11962890625 0.3935546875 0.12451171875 0.4169921875 0.125 0.4560546875 0.1259765625 0.4833984375 0.12646484375 0.5146484375 0.12353515625 0.5341796875 0.12060546875 0.55078125 0.10888671875 0.552734375 0.10888671875 0.56640625 0.10546875 0.5859375 0.0966796875 0.59765625 0.091796875 0.59765625 0.07958984375 0.595703125 0.07763671875 0.591796875 0.07373046875 0.578125 0.0654296875 0.578125 0.0546875 0.578125 0.04833984375 0.5732421875 0.03759765625 0.5673828125 0.03173828125 0.564453125 0.02197265625 0.57421875 0.01513671875 0.5751953125 0.00830078125 0.576171875 0.00830078125 0.583984375 0.0068359375 0.5908203125 0.0 0.595703125
5 0.263671875 0.478515625 0.26318359375 0.3583984375 0.26318359375 0.3349609375 0.2666015625 0.3349609375 0.26611328125 0.3974609375 0.26708984375 0.4814453125
18 0.47705078125 0.32421875 0.47705078125 0.291015625 0.4931640625 0.291015625 0.49267578125 0.32421875
7 0.83837890625 0.3251953125 0.8369140625 0.3232421875 0.8369140625 0.32421875 0.8369140625 0.28515625 0.86669921875 0.28515625 0.8681640625 0.2841796875 0.8681640625 0.326171875
7 0.83544921875 0.2890625 0.8349609375 0.2333984375 0.837890625 0.23046875 0.86572265625 0.2314453125 0.8681640625 0.234375 0.86767578125 0.291015625
5 0.65478515625 0.546875 0.65478515625 0.4912109375 0.65380859375 0.380859375 0.654296875 0.30078125 0.658203125 0.30078125 0.65869140625 0.3671875 0.65869140625 0.4560546875 0.6591796875 0.55078125
7 0.64501953125 0.34765625 0.64501953125 0.3125 0.66650390625 0.3125 0.66650390625 0.34765625
7 0.64453125 0.30078125 0.6435546875 0.2890625 0.64501953125 0.28125 0.64892578125 0.2724609375 0.65380859375 0.265625 0.6611328125 0.265625 0.66552734375 0.2744140625 0.66748046875 0.2861328125 0.66748046875 0.2998046875 0.66455078125 0.3056640625 0.65869140625 0.3125 0.65283203125 0.310546875 0.64794921875 0.306640625
13 0.66455078125 0.5048828125 0.67138671875 0.490234375 0.67626953125 0.4814453125 0.67333984375 0.4794921875 0.6728515625 0.4736328125 0.6767578125 0.4677734375 0.6806640625 0.4677734375 0.6865234375 0.453125 0.69873046875 0.43359375 0.70654296875 0.4287109375 0.7158203125 0.4267578125 0.78125 0.4296875 0.7880859375 0.43359375 0.79638671875 0.458984375 0.80029296875 0.5009765625 0.80419921875 0.513671875 0.80322265625 0.548828125 0.80224609375 0.5712890625 0.7978515625 0.5830078125 0.78955078125 0.5849609375 0.7841796875 0.580078125 0.7822265625 0.5673828125 0.77587890625 0.564453125 0.7568359375 0.560546875 0.73876953125 0.5625 0.73828125 0.5703125 0.734375 0.580078125 0.724609375 0.5830078125 0.7177734375 0.576171875 0.712890625 0.5615234375 0.71240234375 0.5576171875 0.6787109375 0.556640625 0.6787109375 0.5625 0.677734375 0.5703125 0.6728515625 0.5712890625 0.6689453125 0.5693359375 0.66748046875 0.560546875 0.66748046875 0.5517578125 0.6650390625 0.546875 0.6630859375 0.5341796875 0.66259765625 0.513671875
5 0.623046875 0.373046875 0.6240234375 0.337890625 0.62451171875 0.2568359375 0.625 0.1796875 0.634765625 0.1796875 0.63330078125 0.1826171875 0.6328125 0.185546875 0.626953125 0.18359375 0.626953125 0.2880859375 0.6259765625 0.3916015625 0.623046875 0.3896484375
15 0.58251953125 0.439453125 0.58251953125 0.3896484375 0.5810546875 0.3916015625 0.57958984375 0.3955078125 0.57958984375 0.4013671875 0.57763671875 0.4013671875 0.5771484375 0.39453125 0.57861328125 0.388671875 0.58251953125 0.3837890625 0.5830078125 0.376953125 0.61572265625 0.373046875 0.6328125 0.3720703125 0.64990234375 0.37109375 0.65087890625 0.4248046875 0.650390625 0.427734375 0.64404296875 0.431640625 0.642578125 0.4365234375 0.63916015625 0.4375 0.63671875 0.4365234375 0.63525390625 0.4326171875 0.625 0.4375 0.62353515625 0.4404296875 0.62109375 0.4423828125 0.619140625 0.4423828125 0.6171875 0.439453125 0.60888671875 0.4404296875 0.60009765625 0.4404296875 0.5986328125 0.4423828125 0.59619140625 0.4443359375 0.59375 0.4443359375 0.591796875 0.4423828125 0.59130859375 0.439453125
7 0.27001953125 0.431640625 0.26953125 0.3935546875 0.2607421875 0.392578125 0.259765625 0.431640625 0.267578125 0.4326171875
7 0.26611328125 0.3857421875 0.26611328125 0.3369140625 0.287109375 0.3369140625 0.287109375 0.3876953125
1 0.0 0.8583984375 0.015625 0.8369140625 0.03759765625 0.7763671875 0.0400390625 0.7021484375 0.025390625 0.66015625 0.00634765625 0.6435546875 0.0 0.6376953125
5 0.67236328125 0.4140625 0.67236328125 0.3671875 0.67333984375 0.3671875 0.67333984375 0.3974609375 0.67333984375 0.4140625
6 0.6728515625 0.373046875 0.67529296875 0.373046875 0.67529296875 0.3701171875 0.67724609375 0.3681640625 0.67724609375 0.365234375 0.6767578125 0.3623046875 0.67529296875 0.361328125 0.67333984375 0.3623046875 0.67236328125 0.3642578125 0.67138671875 0.3671875 0.67236328125 0.369140625
