10 0.0 0.0693359375 0.37158203125 0.3447265625 0.65576171875 0.35546875 0.8876953125 0.0 0.0 0.0
0 0.0 0.650390625 0.46142578125 0.3818359375 0.5322265625 0.3798828125 0.99951171875 0.671875 0.99951171875 0.9990234375 0.0 0.9990234375
9 0.56005859375 0.44921875 0.5302734375 0.4482421875 0.52734375 0.4453125 0.52734375 0.443359375 0.54052734375 0.4423828125 0.55224609375 0.443359375
1 0.0 0.7080078125 0.15576171875 0.61328125 0.29638671875 0.529296875 0.3359375 0.5087890625 0.359375 0.49609375 0.41748046875 0.462890625 0.453125 0.44140625 0.45654296875 0.431640625 0.45947265625 0.4111328125 0.45263671875 0.4052734375 0.0 0.5087890625
9 0.45361328125 0.4404296875 0.47216796875 0.4404296875 0.47509765625 0.4404296875 0.47412109375 0.4375 0.45654296875 0.43359375 0.4521484375 0.4375 0.4521484375 0.439453125 0.4521484375 0.4404296875
1 0.99951171875 0.724609375 0.89111328125 0.6513671875 0.7021484375 0.5400390625 0.5888671875 0.47265625 0.5498046875 0.4482421875 0.5390625 0.4404296875 0.533203125 0.44140625 0.52734375 0.4375 0.52392578125 0.4345703125 0.50634765625 0.42578125 0.49951171875 0.396484375 0.5107421875 0.3984375 0.99951171875 0.5908203125
3 0.99951171875 0.623046875 0.99951171875 0.0 0.84912109375 0.0 0.80078125 0.1552734375 0.591796875 0.3740234375 0.587890625 0.3935546875 0.58544921875 0.4169921875 0.58154296875 0.4345703125 0.58056640625 0.447265625 0.58056640625 0.451171875
2 0.6845703125 0.1552734375 0.7021484375 0.1337890625 0.7431640625 0.1357421875 0.7431640625 0.111328125 0.7421875 0.1103515625 0.7431640625 0.1064453125 0.74609375 0.103515625 0.74951171875 0.103515625 0.75 0.103515625 0.75 0.099609375 0.75 0.095703125 0.75146484375 0.095703125 0.75244140625 0.099609375 0.75244140625 0.103515625 0.7646484375 0.10546875 0.76416015625 0.11328125 0.763671875 0.13671875 0.79052734375 0.138671875 0.76171875 0.1923828125 0.693359375 0.208984375
4 0.80078125 0.048828125 0.79296875 0.05859375 0.79150390625 0.05859375 0.79052734375 0.05859375 0.78955078125 0.064453125 0.78271484375 0.0810546875 0.7802734375 0.08203125 0.77880859375 0.0810546875 0.77734375 0.0830078125 0.7763671875 0.0859375 0.7578125 0.107421875 0.73388671875 0.1484375 0.72998046875 0.15234375 0.7333984375 0.2001953125 0.82568359375 0.11328125 0.81494140625 0.0458984375
13 0.46337890625 0.4072265625 0.47509765625 0.4072265625 0.47607421875 0.41015625 0.47607421875 0.4150390625 0.4775390625 0.4150390625 0.47900390625 0.4169921875 0.47900390625 0.4189453125 0.47802734375 0.4189453125 0.47802734375 0.4345703125 0.47802734375 0.4375 0.47607421875 0.4375 0.470703125 0.4267578125 0.462890625 0.4130859375
13 0.4638671875 0.41015625 0.47265625 0.41015625 0.4736328125 0.4140625 0.47412109375 0.4150390625 0.47509765625 0.41796875 0.4755859375 0.4189453125 0.47607421875 0.4208984375 0.47607421875 0.435546875 0.47607421875 0.4384765625 0.4755859375 0.439453125 0.47412109375 0.439453125 0.4736328125 0.4384765625 0.4736328125 0.435546875 0.47265625 0.435546875 0.462890625 0.435546875 0.46044921875 0.4208984375 0.46044921875 0.4169921875 0.46044921875 0.4130859375 0.46142578125 0.4091796875
13 0.53466796875 0.4140625 0.5302734375 0.4140625 0.5302734375 0.4111328125 0.5283203125 0.4111328125 0.52587890625 0.4111328125 0.5244140625 0.4208984375 0.5224609375 0.4208984375 0.52197265625 0.421875 0.52197265625 0.4248046875 0.5224609375 0.42578125 0.52392578125 0.42578125 0.52392578125 0.427734375 0.52294921875 0.427734375 0.52294921875 0.4453125 0.5244140625 0.4462890625 0.52734375 0.4462890625 0.5283203125 0.4453125 0.5283203125 0.443359375 0.5283203125 0.4423828125 0.537109375 0.4423828125 0.53759765625 0.421875
2 0.0 0.4765625 0.2763671875 0.478515625 0.29541015625 0.478515625 0.33154296875 0.46875 0.36279296875 0.4599609375 0.37060546875 0.4599609375 0.37109375 0.458984375 0.37255859375 0.3935546875 0.41455078125 0.4140625 0.42236328125 0.4130859375 0.42236328125 0.3818359375 0.4091796875 0.3818359375 0.52880859375 0.404296875 0.51025390625 0.3740234375 0.41748046875 0.314453125 0.41552734375 0.3125 0.39208984375 0.3115234375 0.39306640625 0.3017578125 0.38720703125 0.3017578125 0.384765625 0.298828125 0.3828125 0.298828125 0.380859375 0.291015625 0.376953125 0.291015625 0.37646484375 0.2978515625 0.37060546875 0.294921875 0.36669921875 0.2919921875 0.36669921875 0.2841796875 0.36279296875 0.2841796875 0.361328125 0.283203125 0.35888671875 0.28125 0.3564453125 0.279296875 0.35595703125 0.279296875 0.3525390625 0.27734375 0.35498046875 0.271484375 0.35400390625 0.267578125 0.35009765625 0.2666015625 0.345703125 0.27734375 0.33154296875 0.291015625 0.32421875 0.265625 0.3203125 0.1884765625 0.31591796875 0.1884765625 0.3154296875 0.19140625 0.2890625 0.189453125 0.28857421875 0.189453125 0.28857421875 0.1806640625 0.28662109375 0.177734375 0.28662109375 0.1748046875 0.28515625 0.1728515625 0.28515625 0.1689453125 0.283203125 0.1689453125 0.28271484375 0.1748046875 0.28125 0.1767578125 0.27880859375 0.1767578125 0.27880859375 0.1875 0.27880859375 0.1884765625 0.24462890625 0.185546875 0.244140625 0.1845703125 0.244140625 0.1767578125 0.2314453125 0.17578125 0.2294921875 0.17578125 0.2294921875 0.177734375 0.22998046875 0.177734375 0.22998046875 0.1845703125 0.19921875 0.181640625 0.197265625 0.181640625 0.1962890625 0.1796875 0.19091796875 0.1796875 0.19091796875 0.185546875 0.1845703125 0.177734375 0.17138671875 0.1162109375 0.1064453125 0.111328125 0.07568359375 0.0625 0.0673828125 0.0498046875 0.06787109375 0.00390625 0.06494140625 0.0 0.0 0.0
3 0.27783203125 0.478515625 0.27880859375 0.388671875 0.28125 0.3837890625 0.2890625 0.3818359375 0.29833984375 0.384765625 0.29931640625 0.388671875 0.298828125 0.4267578125 0.361328125 0.412109375 0.3623046875 0.4091796875 0.36279296875 0.396484375 0.36767578125 0.3955078125 0.3681640625 0.3935546875 0.37158203125 0.3935546875 0.37109375 0.439453125 0.37060546875 0.4443359375 0.3701171875 0.4599609375 0.36279296875 0.4599609375 0.33154296875 0.46875 0.29638671875 0.478515625 0.294921875 0.478515625 0.27783203125 0.478515625
8 0.99951171875 0.15234375 0.99169921875 0.1669921875 0.98974609375 0.2041015625 0.990234375 0.2255859375 0.9931640625 0.2294921875 0.99365234375 0.2451171875 0.99169921875 0.2734375 0.990234375 0.2900390625 0.92578125 0.302734375 0.9228515625 0.3017578125 0.916015625 0.298828125 0.91259765625 0.2880859375 0.9140625 0.2841796875 0.9111328125 0.2822265625 0.8974609375 0.2822265625 0.89697265625 0.279296875 0.904296875 0.27734375 0.8994140625 0.2744140625 0.89404296875 0.27734375 0.8935546875 0.2734375 0.9013671875 0.267578125 0.8955078125 0.2626953125 0.89794921875 0.2578125 0.90771484375 0.2607421875 0.9072265625 0.2568359375 0.90087890625 0.25390625 0.89208984375 0.2490234375 0.8896484375 0.2421875 0.912109375 0.2490234375 0.91650390625 0.2451171875 0.923828125 0.2412109375 0.9248046875 0.2373046875 0.91162109375 0.23046875 0.9052734375 0.2294921875 0.9052734375 0.2255859375 0.91357421875 0.224609375 0.91357421875 0.2158203125 0.90771484375 0.208984375 0.91162109375 0.2021484375 0.921875 0.2021484375 0.92626953125 0.197265625 0.931640625 0.19140625 0.92431640625 0.19140625 0.9248046875 0.1875 0.93603515625 0.181640625 0.93310546875 0.177734375 0.93408203125 0.17578125 0.93994140625 0.171875 0.94189453125 0.1513671875 0.9482421875 0.107421875 0.9462890625 0.095703125 0.9423828125 0.0947265625 0.93896484375 0.09375 0.93701171875 0.0849609375 0.93505859375 0.08203125 0.9267578125 0.107421875 0.92578125 0.1220703125 0.92236328125 0.126953125 0.91748046875 0.1240234375 0.91455078125 0.1201171875 0.912109375 0.13671875 0.90966796875 0.1474609375 0.90771484375 0.1513671875 0.90380859375 0.1513671875 0.89990234375 0.1484375 0.89892578125 0.1474609375 0.89697265625 0.1484375 0.89404296875 0.15234375 0.8955078125 0.1572265625 0.89501953125 0.1611328125 0.8955078125 0.1650390625 0.89697265625 0.1669921875 0.89501953125 0.1708984375 0.8955078125 0.1748046875 0.89501953125 0.181640625 0.8935546875 0.185546875 0.89794921875 0.185546875 0.8974609375 0.1923828125 0.89501953125 0.201171875 0.89306640625 0.2119140625 0.89306640625 0.2158203125 0.8876953125 0.2509765625 0.88037109375 0.25390625 0.86865234375 0.2587890625 0.86669921875 0.263671875 0.86474609375 0.2666015625 0.8623046875 0.263671875 0.8583984375 0.265625 0.8525390625 0.2412109375 0.85107421875 0.21875 0.84033203125 0.2255859375 0.83984375 0.22265625 0.8525390625 0.2119140625 0.85107421875 0.2041015625 0.845703125 0.2080078125 0.8408203125 0.2060546875 0.8505859375 0.19140625 0.85302734375 0.177734375 0.84765625 0.1806640625 0.8466796875 0.177734375 0.8525390625 0.1728515625 0.85205078125 0.171875 0.84619140625 0.17578125 0.84619140625 0.1708984375 0.8525390625 0.1669921875 0.85302734375 0.16015625 0.85009765625 0.1630859375 0.841796875 0.1650390625 0.833984375 0.17578125 0.8408203125 0.1630859375 0.83251953125 0.1689453125 0.82421875 0.1806640625 0.82177734375 0.18359375 0.822265625 0.17578125 0.82421875 0.1689453125 0.8076171875 0.18359375 0.80322265625 0.1845703125 0.80322265625 0.1982421875 0.8017578125 0.2041015625 0.79931640625 0.2021484375 0.79736328125 0.19140625 0.79296875 0.2060546875 0.7861328125 0.2177734375 0.783203125 0.21875 0.7861328125 0.2119140625 0.78271484375 0.2099609375 0.78125 0.2099609375 0.77685546875 0.2177734375 0.7666015625 0.22265625 0.75341796875 0.236328125 0.740234375 0.2431640625 0.734375 0.2431640625 0.7314453125 0.2490234375 0.72509765625 0.2490234375 0.72265625 0.2490234375 0.71533203125 0.271484375 0.712890625 0.3076171875 0.71044921875 0.30859375 0.70849609375 0.3017578125 0.70849609375 0.294921875 0.705078125 0.3017578125 0.7021484375 0.3076171875 0.6982421875 0.3125 0.6982421875 0.310546875 0.70263671875 0.3017578125 0.705078125 0.2958984375 0.7001953125 0.2978515625 0.69677734375 0.3017578125 0.69287109375 0.310546875 0.69189453125 0.30859375 0.69091796875 0.306640625 0.6904296875 0.3037109375 0.68896484375 0.2998046875 0.68798828125 0.302734375 0.68701171875 0.310546875 0.6865234375 0.3125 0.68505859375 0.3115234375 0.68408203125 0.3076171875 0.6826171875 0.3076171875 0.68212890625 0.314453125 0.681640625 0.3154296875 0.68017578125 0.3154296875 0.6806640625 0.30859375 0.67431640625 0.31640625 0.6728515625 0.3193359375 0.669921875 0.3193359375 0.66455078125 0.322265625 0.6640625 0.328125 0.662109375 0.3349609375 0.6572265625 0.3359375 0.65576171875 0.3291015625 0.6572265625 0.3193359375 0.65380859375 0.32421875 0.65234375 0.3408203125 0.64892578125 0.3486328125 0.6455078125 0.3486328125 0.6416015625 0.3486328125 0.64306640625 0.3291015625 0.63671875 0.33984375 0.63134765625 0.349609375 0.63037109375 0.3603515625 0.623046875 0.3681640625 0.623046875 0.3603515625 0.62158203125 0.3603515625 0.62109375 0.38671875 0.61962890625 0.39453125 0.619140625 0.400390625 0.6171875 0.396484375 0.615234375 0.390625 0.6142578125 0.390625 0.61279296875 0.396484375 0.611328125 0.3974609375 0.61083984375 0.388671875 0.60693359375 0.380859375 0.6064453125 0.39453125 0.60498046875 0.39453125 0.6044921875 0.3857421875 0.60205078125 0.3857421875 0.6005859375 0.3857421875 0.5986328125 0.380859375 0.5947265625 0.384765625 0.5927734375 0.3857421875 0.5908203125 0.3857421875 0.59033203125 0.3896484375 0.58984375 0.390625 0.587890625 0.392578125 0.5859375 0.4072265625 0.58349609375 0.427734375 0.58203125 0.431640625 0.58056640625 0.44140625 0.5771484375 0.4423828125 0.56982421875 0.439453125 0.5615234375 0.435546875 0.5615234375 0.4423828125 0.5615234375 0.4453125 0.5517578125 0.439453125 0.54931640625 0.4462890625 0.54443359375 0.447265625 0.537109375 0.443359375 0.53466796875 0.4453125 0.53125 0.4462890625 0.5302734375 0.443359375 0.53125 0.439453125 0.5283203125 0.4306640625 0.52734375 0.42578125 0.5283203125 0.4189453125 0.53466796875 0.4140625 0.5302734375 0.4140625 0.5302734375 0.4130859375 0.529296875 0.4111328125 0.52734375 0.4130859375 0.5263671875 0.4189453125 0.52587890625 0.421875 0.5244140625 0.4208984375 0.5224609375 0.4208984375 0.5224609375 0.4228515625 0.52197265625 0.4248046875 0.5185546875 0.4248046875 0.51708984375 0.4248046875 0.5166015625 0.4150390625 0.5166015625 0.4140625 0.513671875 0.4130859375 0.51171875 0.40625 0.51171875 0.4013671875 0.51025390625 0.3984375 0.509765625 0.390625 0.50830078125 0.3857421875 0.50634765625 0.3857421875 0.505859375 0.400390625 0.50341796875 0.400390625 0.50244140625 0.4072265625 0.5 0.4111328125 0.5 0.400390625 0.49951171875 0.3974609375 0.49853515625 0.3935546875 0.49755859375 0.388671875 0.49609375 0.388671875 0.498046875 0.400390625 0.4677734375 0.3984375 0.466796875 0.4013671875 0.466796875 0.4228515625 0.4677734375 0.4228515625 0.46875 0.4248046875 0.47119140625 0.42578125 0.47314453125 0.43359375 0.4736328125 0.435546875 0.47412109375 0.4375 0.4619140625 0.4375 0.45361328125 0.4375 0.45263671875 0.435546875 0.4521484375 0.431640625 0.45361328125 0.4267578125 0.45458984375 0.4228515625 0.45703125 0.41796875 0.455078125 0.4140625 0.453125 0.4130859375 0.4521484375 0.4169921875 0.451171875 0.4208984375 0.451171875 0.4306640625 0.4306640625 0.4384765625 0.4228515625 0.44140625 0.4111328125 0.443359375 0.39697265625 0.4423828125 0.39599609375 0.447265625 0.3935546875 0.4482421875 0.3876953125 0.451171875 0.3828125 0.451171875 0.37109375 0.4560546875 0.37158203125 0.3935546875 0.37060546875 0.392578125 0.37060546875 0.38671875 0.4013671875 0.390625 0.4091796875 0.3935546875 0.41015625 0.4013671875 0.41015625 0.4111328125 0.41357421875 0.40625 0.41748046875 0.40625 0.419921875 0.4111328125 0.42236328125 0.41015625 0.42236328125 0.3818359375 0.4072265625 0.3837890625 0.40576171875 0.3837890625 0.40576171875 0.3740234375 0.408203125 0.3642578125 0.40771484375 0.357421875 0.4091796875 0.35546875 0.40771484375 0.3486328125 0.40966796875 0.3447265625 0.412109375 0.3408203125 0.41357421875 0.3369140625 0.41455078125 0.3388671875 0.41552734375 0.3427734375 0.41650390625 0.3427734375 0.41650390625 0.3388671875 0.41748046875 0.3349609375 0.41748046875 0.314453125 0.41748046875 0.3125 0.39208984375 0.3115234375 0.39306640625 0.302734375 0.38720703125 0.302734375 0.384765625 0.2998046875 0.3818359375 0.298828125 0.380859375 0.2919921875 0.37744140625 0.2919921875 0.37646484375 0.298828125 0.37060546875 0.2958984375 0.3681640625 0.294921875 0.36669921875 0.294921875 0.36669921875 0.2861328125 0.3623046875 0.2861328125 0.3623046875 0.283203125 0.3544921875 0.2841796875 0.3525390625 0.2841796875 0.3525390625 0.279296875 0.3544921875 0.27734375 0.35595703125 0.2744140625 0.3564453125 0.2705078125 0.359375 0.26953125 0.3623046875 0.2705078125 0.36328125 0.2666015625 0.36669921875 0.2666015625 0.3681640625 0.263671875 0.3681640625 0.2587890625 0.37255859375 0.2578125 0.37646484375 0.2587890625 0.37841796875 0.2587890625 0.38037109375 0.2578125 0.38330078125 0.2607421875 0.3857421875 0.263671875 0.3876953125 0.267578125 0.3896484375 0.26953125 0.3916015625 0.26953125 0.3916015625 0.275390625 0.39306640625 0.275390625 0.39306640625 0.279296875 0.3955078125 0.279296875 0.39892578125 0.279296875 0.39990234375 0.28125 0.39990234375 0.267578125 0.40576171875 0.267578125 0.4072265625 0.2626953125 0.41357421875 0.2626953125 0.41845703125 0.2705078125 0.419921875 0.275390625 0.419921875 0.28125 0.423828125 0.275390625 0.42431640625 0.2705078125 0.42236328125 0.265625 0.423828125 0.2578125 0.42041015625 0.2568359375 0.42041015625 0.2421875 0.423828125 0.2412109375 0.4228515625 0.2333984375 0.4248046875 0.23046875 0.4248046875 0.2265625 0.421875 0.2265625 0.421875 0.2216796875 0.423828125 0.2158203125 0.423828125 0.2099609375 0.4248046875 0.2021484375 0.4287109375 0.2001953125 0.4306640625 0.197265625 0.4296875 0.1884765625 0.42626953125 0.1875 0.4267578125 0.1806640625 0.43017578125 0.1796875 0.4287109375 0.17578125 0.42626953125 0.1728515625 0.42822265625 0.1630859375 0.43408203125 0.150390625 0.4345703125 0.142578125 0.43701171875 0.138671875 0.43603515625 0.134765625 0.4365234375 0.1279296875 0.43994140625 0.1298828125 0.44189453125 0.130859375 0.44091796875 0.1259765625 0.4384765625 0.1181640625 0.443359375 0.109375 0.4462890625 0.1162109375 0.451171875 0.107421875 0.455078125 0.10546875 0.45703125 0.0947265625 0.4609375 0.095703125 0.46044921875 0.10546875 0.466796875 0.103515625 0.4697265625 0.1015625 0.4736328125 0.1015625 0.47314453125 0.107421875 0.4755859375 0.1064453125 0.4775390625 0.103515625 0.48388671875 0.1103515625 0.48388671875 0.1142578125 0.4814453125 0.1181640625 0.48291015625 0.1220703125 0.48291015625 0.1259765625 0.4833984375 0.1298828125 0.48291015625 0.134765625 0.48095703125 0.13671875 0.4833984375 0.1357421875 0.4853515625 0.140625 0.486328125 0.138671875 0.490234375 0.1396484375 0.49365234375 0.1435546875 0.49462890625 0.150390625 0.4931640625 0.1630859375 0.49462890625 0.1591796875 0.49853515625 0.1630859375 0.50146484375 0.150390625 0.50634765625 0.146484375 0.50634765625 0.134765625 0.51220703125 0.1357421875 0.5107421875 0.1318359375 0.50634765625 0.1279296875 0.51025390625 0.0947265625 0.52001953125 0.0771484375 0.5205078125 0.07421875 0.52099609375 0.064453125 0.52392578125 0.0625 0.52685546875 0.072265625 0.53271484375 0.072265625 0.53271484375 0.0751953125 0.53515625 0.0751953125 0.5361328125 0.0732421875 0.53271484375 0.068359375 0.53076171875 0.0654296875 0.53076171875 0.0615234375 0.529296875 0.0576171875 0.529296875 0.0498046875 0.53076171875 0.0458984375 0.53857421875 0.0458984375 0.53857421875 0.048828125 0.53955078125 0.0517578125 0.541015625 0.048828125 0.54052734375 0.0458984375 0.53955078125 0.037109375 0.54248046875 0.0361328125 0.54296875 0.0380859375 0.544921875 0.0380859375 0.5478515625 0.033203125 0.5498046875 0.033203125 0.55078125 0.037109375 0.55126953125 0.041015625 0.5517578125 0.048828125 0.5556640625 0.0546875 0.55712890625 0.0576171875 0.55712890625 0.0615234375 0.55908203125 0.0615234375 0.56005859375 0.05859375 0.56005859375 0.0537109375 0.5615234375 0.0478515625 0.56396484375 0.0439453125 0.56787109375 0.0439453125 0.572265625 0.0478515625 0.5751953125 0.0537109375 0.572265625 0.0576171875 0.568359375 0.0576171875 0.5693359375 0.0615234375 0.5703125 0.0654296875 0.572265625 0.064453125 0.5751953125 0.0615234375 0.5771484375 0.0625 0.57958984375 0.0654296875 0.578125 0.07421875 0.57568359375 0.0771484375 0.57373046875 0.0751953125 0.57421875 0.0849609375 0.5771484375 0.08984375 0.57421875 0.0947265625 0.57861328125 0.095703125 0.57861328125 0.1025390625 0.5771484375 0.10546875 0.57763671875 0.11328125 0.576171875 0.1162109375 0.5712890625 0.1181640625 0.57177734375 0.1220703125 0.58056640625 0.1201171875 0.58154296875 0.1181640625 0.58349609375 0.1162109375 0.58837890625 0.1279296875 0.58740234375 0.1357421875 0.5888671875 0.1591796875 0.5908203125 0.1669921875 0.58984375 0.1708984375 0.591796875 0.1767578125 0.5927734375 0.181640625 0.59033203125 0.1962890625 0.58544921875 0.1982421875 0.58740234375 0.2099609375 0.5947265625 0.216796875 0.5947265625 0.224609375 0.5908203125 0.228515625 0.59423828125 0.234375 0.58984375 0.2412109375 0.5908203125 0.2529296875 0.59423828125 0.2578125 0.5888671875 0.26953125 0.5927734375 0.2734375 0.6005859375 0.2783203125 0.6005859375 0.267578125 0.6025390625 0.263671875 0.60205078125 0.2587890625 0.60498046875 0.25 0.6044921875 0.234375 0.62158203125 0.2060546875 0.62548828125 0.216796875 0.626953125 0.193359375 0.63330078125 0.19140625 0.64208984375 0.21875 0.64501953125 0.2060546875 0.64111328125 0.1982421875 0.64111328125 0.1923828125 0.64892578125 0.2001953125 0.64990234375 0.1884765625 0.654296875 0.1875 0.6572265625 0.193359375 0.654296875 0.181640625 0.65966796875 0.1767578125 0.65966796875 0.1689453125 0.66162109375 0.1689453125 0.66357421875 0.17578125 0.666015625 0.1728515625 0.66748046875 0.1669921875 0.66259765625 0.1611328125 0.66015625 0.1552734375 0.66162109375 0.150390625 0.65625 0.142578125 0.6572265625 0.1337890625 0.6611328125 0.13671875 0.673828125 0.1552734375 0.67626953125 0.1513671875 0.6796875 0.15625 0.6796875 0.1474609375 0.677734375 0.1396484375 0.67236328125 0.1357421875 0.66796875 0.1259765625 0.67041015625 0.123046875 0.67431640625 0.115234375 0.68017578125 0.1240234375 0.68212890625 0.1259765625 0.68603515625 0.1298828125 0.68994140625 0.1279296875 0.69189453125 0.1337890625 0.6943359375 0.1318359375 0.6962890625 0.1357421875 0.70068359375 0.1298828125 0.70068359375 0.123046875 0.6982421875 0.1181640625 0.70263671875 0.111328125 0.70556640625 0.1142578125 0.705078125 0.123046875 0.70556640625 0.1279296875 0.71337890625 0.130859375 0.70849609375 0.1259765625 0.708984375 0.1201171875 0.71142578125 0.1181640625 0.7158203125 0.119140625 0.7177734375 0.123046875 0.71923828125 0.1240234375 0.720703125 0.138671875 0.7255859375 0.138671875 0.73095703125 0.13671875 0.7314453125 0.142578125 0.73388671875 0.1474609375 0.734375 0.154296875 0.73193359375 0.15625 0.7353515625 0.16015625 0.73583984375 0.15625 0.7373046875 0.1552734375 0.7392578125 0.1552734375 0.73828125 0.1630859375 0.73974609375 0.1611328125 0.740234375 0.1611328125 0.740234375 0.1669921875 0.74169921875 0.1689453125 0.74365234375 0.1650390625 0.74755859375 0.1689453125 0.75048828125 0.1689453125 0.7568359375 0.1748046875 0.7568359375 0.1669921875 0.751953125 0.1611328125 0.75244140625 0.154296875 0.75634765625 0.15234375 0.76220703125 0.1591796875 0.75830078125 0.1484375 0.76025390625 0.1474609375 0.765625 0.1572265625 0.76806640625 0.1552734375 0.76708984375 0.150390625 0.76806640625 0.146484375 0.77294921875 0.1435546875 0.77685546875 0.138671875 0.78076171875 0.1396484375 0.7841796875 0.1337890625 0.77734375 0.126953125 0.77734375 0.1240234375 0.78125 0.123046875 0.78515625 0.1162109375 0.796875 0.1142578125 0.7978515625 0.111328125 0.79541015625 0.1064453125 0.796875 0.103515625 0.7998046875 0.09765625 0.7978515625 0.0908203125 0.79638671875 0.0791015625 0.79931640625 0.0732421875 0.80126953125 0.07421875 0.80078125 0.0693359375 0.79736328125 0.0576171875 0.7890625 0.052734375 0.78515625 0.0537109375 0.78076171875 0.0693359375 0.779296875 0.06640625 0.7822265625 0.05859375 0.7822265625 0.0537109375 0.7724609375 0.0517578125 0.77392578125 0.048828125 0.78125 0.0498046875 0.7861328125 0.0341796875 0.783203125 0.0322265625 0.7783203125 0.0400390625 0.77294921875 0.0400390625 0.76708984375 0.037109375 0.7724609375 0.0283203125 0.77392578125 0.025390625 0.76806640625 0.0244140625 0.765625 0.029296875 0.76171875 0.029296875 0.76416015625 0.025390625 0.76416015625 0.0244140625 0.7607421875 0.0244140625 0.75634765625 0.0322265625 0.75390625 0.03125 0.759765625 0.01953125 0.7646484375 0.0205078125 0.76611328125 0.0166015625 0.75341796875 0.0166015625 0.75537109375 0.0107421875 0.7646484375 0.0107421875 0.77001953125 0.013671875 0.7646484375 0.0 0.99951171875 0.0
11 0.4599609375 0.4169921875 0.4609375 0.4140625 0.4609375 0.4052734375 0.4609375 0.40234375 0.4609375 0.4013671875 0.45947265625 0.4013671875 0.45947265625 0.400390625 0.458984375 0.3984375 0.45751953125 0.3974609375 0.45654296875 0.400390625 0.45556640625 0.4013671875 0.455078125 0.40234375 0.45458984375 0.40234375 0.45361328125 0.4052734375 0.45458984375 0.4091796875 0.455078125 0.4130859375 0.455078125 0.4150390625 0.45654296875 0.4150390625 0.45703125 0.4150390625 0.45703125 0.41796875 0.4580078125 0.4189453125 0.45947265625 0.4189453125
13 0.49853515625 0.4091796875 0.50341796875 0.40625 0.5068359375 0.40625 0.5087890625 0.4111328125 0.509765625 0.4150390625 0.509765625 0.4228515625 0.50830078125 0.4228515625 0.5078125 0.421875 0.50341796875 0.421875 0.501953125 0.4248046875 0.49951171875 0.4228515625
13 0.4931640625 0.400390625 0.50048828125 0.400390625 0.50146484375 0.404296875 0.50244140625 0.4208984375 0.501953125 0.4296875 0.50244140625 0.4296875 0.501953125 0.443359375 0.49853515625 0.443359375 0.49853515625 0.439453125 0.4873046875 0.439453125 0.4873046875 0.4423828125 0.48583984375 0.443359375 0.48388671875 0.443359375 0.4833984375 0.4423828125 0.48388671875 0.4228515625 0.48291015625 0.4228515625 0.48291015625 0.41796875 0.48388671875 0.41796875 0.484375 0.41796875 0.486328125 0.4013671875 0.48828125 0.400390625
8 0.13330078125 0.388671875 0.1337890625 0.373046875 0.138671875 0.3642578125 0.16650390625 0.3662109375 0.16455078125 0.3642578125 0.16357421875 0.35546875 0.16162109375 0.3486328125 0.16259765625 0.3447265625 0.16650390625 0.3330078125 0.162109375 0.3291015625 0.1572265625 0.32421875 0.1513671875 0.3232421875 0.14892578125 0.318359375 0.15087890625 0.30859375 0.16943359375 0.314453125 0.17626953125 0.314453125 0.181640625 0.310546875 0.1865234375 0.310546875 0.18896484375 0.306640625 0.1845703125 0.302734375 0.18701171875 0.2939453125 0.1953125 0.294921875 0.193359375 0.287109375 0.197265625 0.2861328125 0.2021484375 0.2958984375 0.20703125 0.294921875 0.20654296875 0.287109375 0.20947265625 0.2822265625 0.21240234375 0.2783203125 0.20751953125 0.271484375 0.20751953125 0.265625 0.216796875 0.267578125 0.2158203125 0.26171875 0.21044921875 0.2548828125 0.2158203125 0.25 0.2216796875 0.2529296875 0.22705078125 0.265625 0.23291015625 0.2626953125 0.23583984375 0.2548828125 0.2431640625 0.2490234375 0.24462890625 0.24609375 0.248046875 0.2509765625 0.248046875 0.2607421875 0.25390625 0.26171875 0.259765625 0.25 0.263671875 0.2529296875 0.26220703125 0.2607421875 0.26416015625 0.26171875 0.27197265625 0.263671875 0.2763671875 0.265625 0.279296875 0.27734375 0.28466796875 0.267578125 0.28662109375 0.263671875 0.291015625 0.2470703125 0.29248046875 0.2412109375 0.2890625 0.234375 0.29052734375 0.2294921875 0.29638671875 0.234375 0.29736328125 0.2294921875 0.30322265625 0.2294921875 0.30517578125 0.2392578125 0.3095703125 0.2548828125 0.3095703125 0.2626953125 0.3115234375 0.2666015625 0.31201171875 0.2568359375 0.31689453125 0.2548828125 0.31982421875 0.2509765625 0.3232421875 0.2509765625 0.32421875 0.2568359375 0.32568359375 0.2607421875 0.32861328125 0.2626953125 0.33251953125 0.2578125 0.33740234375 0.25390625 0.33984375 0.2626953125 0.345703125 0.2587890625 0.34814453125 0.25390625 0.35498046875 0.2568359375 0.35888671875 0.26953125 0.36083984375 0.2822265625 0.3564453125 0.283203125 0.3525390625 0.2841796875 0.3505859375 0.28125 0.34375 0.2900390625 0.341796875 0.2939453125 0.33349609375 0.294921875 0.33349609375 0.2978515625 0.337890625 0.2978515625 0.34228515625 0.298828125 0.34228515625 0.3037109375 0.3447265625 0.3076171875 0.35009765625 0.30859375 0.35009765625 0.31640625 0.34814453125 0.322265625 0.34619140625 0.3271484375 0.345703125 0.33984375 0.34375 0.3447265625 0.3486328125 0.359375 0.36865234375 0.361328125 0.37060546875 0.36328125 0.37109375 0.3818359375 0.36962890625 0.392578125 0.36865234375 0.392578125 0.36865234375 0.396484375 0.3623046875 0.3974609375 0.3623046875 0.4150390625 0.3603515625 0.4169921875 0.3203125 0.42578125 0.3203125 0.447265625 0.318359375 0.447265625 0.3173828125 0.4267578125 0.298828125 0.4296875 0.298828125 0.3935546875 0.30078125 0.3857421875 0.28955078125 0.3818359375 0.2783203125 0.384765625 0.27734375 0.4794921875 0.27294921875 0.4794921875 0.27001953125 0.4677734375 0.26416015625 0.4677734375 0.14990234375 0.4072265625 0.1328125 0.392578125
8 0.12255859375 0.3994140625 0.11767578125 0.34375 0.11474609375 0.333984375 0.111328125 0.341796875 0.10546875 0.3369140625 0.1015625 0.33984375 0.10302734375 0.34375 0.107421875 0.3466796875 0.1083984375 0.349609375 0.1083984375 0.359375 0.10205078125 0.357421875 0.099609375 0.349609375 0.0947265625 0.3408203125 0.09326171875 0.33203125 0.091796875 0.328125 0.08740234375 0.3291015625 0.07958984375 0.3291015625 0.0771484375 0.322265625 0.0810546875 0.31640625 0.0810546875 0.3095703125 0.076171875 0.30859375 0.0703125 0.30859375 0.06787109375 0.322265625 0.06591796875 0.31640625 0.0654296875 0.30078125 0.0576171875 0.3076171875 0.052734375 0.30859375 0.04931640625 0.3046875 0.04638671875 0.2998046875 0.04541015625 0.294921875 0.046875 0.287109375 0.05126953125 0.283203125 0.05615234375 0.28125 0.06103515625 0.2802734375 0.0615234375 0.2666015625 0.0634765625 0.263671875 0.06201171875 0.2451171875 0.05517578125 0.24609375 0.0546875 0.25 0.05126953125 0.2509765625 0.0458984375 0.24609375 0.04296875 0.23828125 0.0439453125 0.236328125 0.05322265625 0.2353515625 0.0595703125 0.234375 0.0615234375 0.2265625 0.06494140625 0.224609375 0.0615234375 0.212890625 0.0634765625 0.20703125 0.0703125 0.2109375 0.07470703125 0.2099609375 0.07763671875 0.19921875 0.08203125 0.197265625 0.0849609375 0.201171875 0.0869140625 0.2109375 0.09375 0.208984375 0.099609375 0.21484375 0.10595703125 0.22265625 0.1083984375 0.228515625 0.10791015625 0.2421875 0.11181640625 0.2392578125 0.1123046875 0.228515625 0.11474609375 0.2275390625 0.1201171875 0.2294921875 0.125 0.2275390625 0.1357421875 0.2353515625 0.1328125 0.2451171875 0.1318359375 0.248046875 0.13525390625 0.2578125 0.1416015625 0.259765625 0.14697265625 0.263671875 0.1494140625 0.26171875 0.14892578125 0.25390625 0.15478515625 0.2548828125 0.162109375 0.263671875 0.16552734375 0.26953125 0.1591796875 0.271484375 0.15283203125 0.271484375 0.1494140625 0.2744140625 0.1484375 0.28125 0.154296875 0.2880859375 0.1611328125 0.287109375 0.16748046875 0.2890625 0.1689453125 0.298828125 0.17236328125 0.310546875 0.17041015625 0.3212890625 0.16552734375 0.3251953125 0.15625 0.3232421875 0.150390625 0.3251953125 0.1455078125 0.32421875 0.13720703125 0.3212890625 0.1328125 0.3115234375 0.12939453125 0.30859375 0.125 0.310546875 0.12109375 0.3056640625 0.11962890625 0.30078125 0.1123046875 0.3017578125 0.11328125 0.30859375 0.1181640625 0.3125 0.12255859375 0.3212890625 0.11962890625 0.3232421875 0.12060546875 0.3330078125 0.12646484375 0.3359375 0.1298828125 0.3408203125 0.12646484375 0.34765625 0.12158203125 0.3447265625 0.1298828125 0.4130859375
13 0.08447265625 0.4072265625 0.095703125 0.40234375 0.09912109375 0.3974609375 0.10498046875 0.39453125 0.13134765625 0.388671875 0.16455078125 0.3896484375 0.18017578125 0.396484375 0.20361328125 0.4169921875 0.20947265625 0.4189453125 0.23388671875 0.4208984375 0.25390625 0.4296875 0.25390625 0.439453125 0.25390625 0.443359375 0.255859375 0.4453125 0.25830078125 0.4482421875 0.25830078125 0.4580078125 0.2568359375 0.4599609375 0.2568359375 0.4658203125 0.255859375 0.4677734375 0.20654296875 0.482421875 0.078125 0.4931640625
8 0.0 0.56640625 0.125 0.525390625 0.12646484375 0.521484375 0.14404296875 0.521484375 0.19677734375 0.5048828125 0.2294921875 0.4970703125 0.26416015625 0.4912109375 0.26904296875 0.484375 0.27099609375 0.4658203125 0.24169921875 0.455078125 0.22998046875 0.4501953125 0.2373046875 0.4345703125 0.2314453125 0.4228515625 0.22509765625 0.4423828125 0.21484375 0.4423828125 0.208984375 0.427734375 0.203125 0.41796875 0.19677734375 0.41015625 0.19091796875 0.41015625 0.18994140625 0.42578125 0.18505859375 0.4248046875 0.181640625 0.4306640625 0.1767578125 0.4384765625 0.17041015625 0.4296875 0.154296875 0.4248046875 0.14404296875 0.4111328125 0.1337890625 0.404296875 0.125 0.4150390625 0.11669921875 0.4130859375 0.1044921875 0.40625 0.09765625 0.4130859375 0.08447265625 0.404296875 0.08154296875 0.396484375 0.080078125 0.3701171875 0.08837890625 0.357421875 0.08544921875 0.3486328125 0.07373046875 0.3642578125 0.05517578125 0.359375 0.052734375 0.3662109375 0.0615234375 0.380859375 0.05517578125 0.388671875 0.048828125 0.3779296875 0.03857421875 0.3701171875 0.02880859375 0.3642578125 0.0107421875 0.3759765625 0.0107421875 0.388671875 0.00390625 0.388671875 0.00048828125 0.3798828125 0.00830078125 0.373046875 0.0 0.369140625
5 0.451171875 0.4208984375 0.45263671875 0.35546875 0.45263671875 0.3515625 0.4501953125 0.3515625 0.4501953125 0.427734375 0.45068359375 0.4306640625 0.451171875 0.4296875
5 0.44482421875 0.4306640625 0.4462890625 0.3232421875 0.44677734375 0.2900390625 0.44677734375 0.2841796875 0.44921875 0.283203125 0.451171875 0.283203125 0.451171875 0.279296875 0.4453125 0.2822265625 0.44287109375 0.4345703125
5 0.4306640625 0.2392578125 0.427734375 0.443359375 0.4248046875 0.443359375 0.4296875 0.25 0.4296875 0.2431640625 0.4296875 0.2412109375 0.4287109375 0.23828125 0.42822265625 0.234375 0.4296875 0.2333984375 0.43310546875 0.2333984375 0.43798828125 0.236328125 0.43701171875 0.2392578125
5 0.37939453125 0.4560546875 0.38525390625 0.1181640625 0.39599609375 0.1181640625 0.39599609375 0.1142578125 0.39404296875 0.1103515625 0.3818359375 0.1103515625 0.38134765625 0.1142578125 0.3818359375 0.1201171875 0.37841796875 0.3525390625 0.37548828125 0.4560546875
5 0.2763671875 0.4892578125 0.27294921875 0.0 0.26806640625 0.0 0.26806640625 0.4921875 0.2724609375 0.4921875
18 0.75341796875 0.4111328125 0.76708984375 0.427734375 0.7705078125 0.4296875 0.7763671875 0.4306640625 0.7763671875 0.4345703125 0.77734375 0.4384765625 0.7802734375 0.4384765625 0.78076171875 0.44140625 0.779296875 0.44140625 0.77685546875 0.4423828125 0.77294921875 0.44140625 0.77197265625 0.435546875 0.765625 0.435546875 0.76416015625 0.4375 0.7646484375 0.4521484375 0.76806640625 0.4521484375 0.76806640625 0.458984375 0.76611328125 0.458984375 0.76611328125 0.462890625 0.76904296875 0.4638671875 0.76904296875 0.4677734375 0.7744140625 0.482421875 0.77490234375 0.5029296875 0.7744140625 0.52734375 0.7705078125 0.5419921875 0.76708984375 0.5478515625 0.76171875 0.5458984375 0.75830078125 0.5361328125 0.75634765625 0.5205078125 0.75634765625 0.513671875 0.75439453125 0.513671875 0.75244140625 0.53125 0.75 0.5400390625 0.748046875 0.541015625 0.744140625 0.5380859375 0.74169921875 0.529296875 0.740234375 0.5078125 0.7421875 0.4833984375 0.7421875 0.4638671875 0.740234375 0.462890625 0.740234375 0.455078125 0.74853515625 0.4560546875 0.744140625 0.431640625
12 0.7578125 0.3447265625 0.76220703125 0.3515625 0.76171875 0.3642578125 0.7607421875 0.3701171875 0.76611328125 0.3701171875 0.76806640625 0.373046875 0.76904296875 0.3779296875 0.76806640625 0.380859375 0.76806640625 0.3837890625 0.76904296875 0.4013671875 0.7685546875 0.4169921875 0.7705078125 0.4228515625 0.77001953125 0.4267578125 0.76708984375 0.4306640625 0.76171875 0.4306640625 0.759765625 0.427734375 0.75830078125 0.4267578125 0.75244140625 0.4267578125 0.75244140625 0.4296875 0.74951171875 0.4296875 0.74755859375 0.4306640625 0.744140625 0.431640625 0.744140625 0.4345703125 0.75537109375 0.43359375 0.7587890625 0.4345703125 0.76025390625 0.447265625 0.7578125 0.4619140625 0.75439453125 0.4619140625 0.74658203125 0.4912109375 0.74462890625 0.4951171875 0.74560546875 0.5068359375 0.744140625 0.5107421875 0.740234375 0.5078125 0.7392578125 0.50390625 0.740234375 0.4892578125 0.7421875 0.4873046875 0.74365234375 0.4833984375 0.744140625 0.4638671875 0.74853515625 0.458984375 0.74560546875 0.4521484375 0.744140625 0.4423828125 0.73779296875 0.431640625 0.7373046875 0.42578125 0.7412109375 0.4140625 0.7431640625 0.39453125 0.74609375 0.376953125 0.74951171875 0.3701171875 0.74951171875 0.3642578125 0.74609375 0.3642578125 0.75048828125 0.349609375 0.75341796875 0.345703125
