2 0.0 0.0 0.99951171875 0.0 0.99951171875 0.6767578125 0.0 0.650390625
0 0.0 0.46875 0.20068359375 0.458984375 0.5224609375 0.5009765625 0.99951171875 0.537109375 0.99951171875 0.9990234375 0.0 0.9990234375
5 0.578125 0.0 0.576171875 0.263671875 0.5732421875 0.28125 0.57373046875 0.4072265625 0.580078125 0.416015625 0.580078125 0.3935546875 0.5810546875 0.28125 0.5791015625 0.26953125 0.5791015625 0.265625 0.580078125 0.0
1 0.0 0.955078125 0.0537109375 0.8974609375 0.115234375 0.8310546875 0.16796875 0.7744140625 0.21826171875 0.71875 0.24951171875 0.6884765625 0.25830078125 0.6669921875 0.25537109375 0.646484375 0.25146484375 0.6328125 0.1767578125 0.6171875 0.0 0.595703125
1 0.0 0.4921875 0.2685546875 0.51953125 0.29931640625 0.5205078125 0.35107421875 0.525390625 0.63330078125 0.53515625 0.7861328125 0.5400390625 0.7841796875 0.5517578125 0.7841796875 0.5546875 0.7890625 0.5517578125 0.80517578125 0.560546875 0.87841796875 0.568359375 0.9130859375 0.568359375 0.9775390625 0.568359375 0.98291015625 0.5703125 0.99951171875 0.5732421875 0.99951171875 0.4853515625 0.98291015625 0.4775390625 0.9736328125 0.478515625 0.974609375 0.4638671875 0.96875 0.4931640625 0.95947265625 0.4736328125 0.95947265625 0.5126953125 0.91259765625 0.5107421875 0.9072265625 0.466796875 0.833984375 0.4638671875 0.79345703125 0.4619140625 0.6591796875 0.4560546875 0.6484375 0.4658203125 0.638671875 0.466796875 0.6328125 0.4658203125 0.62890625 0.4609375 0.607421875 0.4619140625 0.30712890625 0.4658203125 0.0 0.478515625
9 0.775390625 0.552734375 0.78125 0.52734375 0.7919921875 0.5107421875 0.84033203125 0.501953125 0.91015625 0.4990234375 0.947265625 0.50390625 0.98388671875 0.4833984375 0.99951171875 0.486328125 0.99951171875 0.544921875 0.99951171875 0.5849609375 0.98876953125 0.5830078125 0.96826171875 0.5810546875 0.9091796875 0.578125 0.8583984375 0.572265625 0.83251953125 0.5732421875 0.8056640625 0.5693359375 0.78955078125 0.5615234375 0.77734375 0.5576171875
8 0.0 0.0703125 0.0 0.1630859375 0.0048828125 0.15625 0.005859375 0.146484375 0.0078125 0.1474609375 0.0126953125 0.150390625 0.01708984375 0.1513671875 0.0205078125 0.15234375 0.02294921875 0.15234375 0.02734375 0.15234375 0.029296875 0.15234375 0.02978515625 0.1533203125 0.0322265625 0.1533203125 0.03466796875 0.1552734375 0.037109375 0.1552734375 0.041015625 0.1494140625 0.04296875 0.14453125 0.04638671875 0.142578125 0.05029296875 0.142578125 0.05859375 0.138671875 0.06103515625 0.138671875 0.06591796875 0.138671875 0.07080078125 0.138671875 0.07177734375 0.138671875 0.07080078125 0.1318359375 0.06494140625 0.1298828125 0.06396484375 0.1298828125 0.060546875 0.12890625 0.06005859375 0.1279296875 0.05224609375 0.1240234375 0.048828125 0.123046875 0.04638671875 0.1220703125 0.0458984375 0.115234375 0.0439453125 0.1103515625 0.04248046875 0.1083984375 0.04150390625 0.1025390625 0.0419921875 0.09765625 0.03955078125 0.0947265625 0.03759765625 0.091796875 0.03662109375 0.091796875 0.033203125 0.0869140625 0.0302734375 0.0849609375 0.02783203125 0.083984375 0.0263671875 0.076171875 0.03173828125 0.0693359375 0.033203125 0.0673828125 0.02587890625 0.0576171875 0.025390625 0.056640625 0.0244140625 0.05078125 0.025390625 0.041015625 0.03125 0.0390625 0.03515625 0.0439453125 0.0361328125 0.0458984375 0.0400390625 0.048828125 0.04248046875 0.0517578125 0.04833984375 0.0517578125 0.05126953125 0.044921875 0.052734375 0.033203125 0.05322265625 0.02734375 0.0517578125 0.021484375 0.048828125 0.013671875 0.0478515625 0.009765625 0.044921875 0.0009765625 0.04345703125 0.0 0.0 0.0
13 0.0 0.384765625 0.0048828125 0.3759765625 0.03125 0.365234375 0.0732421875 0.3642578125 0.0986328125 0.3623046875 0.0966796875 0.498046875 0.08251953125 0.50390625 0.07763671875 0.5048828125 0.07275390625 0.509765625 0.06982421875 0.5185546875 0.06640625 0.5283203125 0.0615234375 0.533203125 0.05712890625 0.5341796875 0.052734375 0.5341796875 0.048828125 0.5322265625 0.0458984375 0.52734375 0.04248046875 0.51953125 0.0400390625 0.5078125 0.0 0.51171875
17 0.0 0.4892578125 0.005859375 0.4775390625 0.01171875 0.48046875 0.01318359375 0.4912109375 0.00927734375 0.50390625 0.00146484375 0.52734375 0.00439453125 0.55078125 0.00634765625 0.568359375 0.00634765625 0.58203125 0.0048828125 0.5966796875 0.0 0.611328125
13 0.22607421875 0.3798828125 0.28662109375 0.3779296875 0.30224609375 0.3837890625 0.31591796875 0.40625 0.32861328125 0.4326171875 0.330078125 0.447265625 0.330078125 0.4609375 0.33251953125 0.4716796875 0.32861328125 0.4951171875 0.32861328125 0.51171875 0.322265625 0.52734375 0.31396484375 0.5302734375 0.3056640625 0.525390625 0.3037109375 0.51953125 0.28515625 0.5224609375 0.28125 0.53125 0.2763671875 0.541015625 0.26806640625 0.544921875 0.25830078125 0.544921875 0.2236328125 0.37890625
18 0.59130859375 0.4033203125 0.59521484375 0.3994140625 0.5966796875 0.3955078125 0.60009765625 0.3994140625 0.6044921875 0.39453125 0.6044921875 0.390625 0.603515625 0.388671875 0.609375 0.3798828125 0.61474609375 0.3779296875 0.615234375 0.380859375 0.61279296875 0.3876953125 0.60888671875 0.39453125 0.60546875 0.396484375 0.6083984375 0.400390625 0.61181640625 0.4072265625 0.6123046875 0.4208984375 0.615234375 0.421875 0.61474609375 0.4287109375 0.61328125 0.4287109375 0.6123046875 0.4365234375 0.6142578125 0.435546875 0.6171875 0.4375 0.6201171875 0.4404296875 0.62353515625 0.4443359375 0.626953125 0.4521484375 0.63037109375 0.4609375 0.63232421875 0.474609375 0.63330078125 0.4853515625 0.6318359375 0.4970703125 0.62939453125 0.50390625 0.6259765625 0.509765625 0.62158203125 0.51171875 0.61376953125 0.5087890625 0.60693359375 0.501953125
13 0.35693359375 0.4833984375 0.3583984375 0.4638671875 0.36962890625 0.455078125 0.40234375 0.4365234375 0.513671875 0.3759765625 0.53369140625 0.3740234375 0.5859375 0.388671875 0.60009765625 0.4130859375 0.6064453125 0.431640625 0.6083984375 0.4658203125 0.61083984375 0.47265625 0.609375 0.5126953125 0.580078125 0.53515625 0.56591796875 0.5390625 0.56298828125 0.5322265625 0.560546875 0.5390625 0.5595703125 0.552734375 0.55615234375 0.5625 0.548828125 0.5634765625 0.3935546875 0.5400390625 0.38623046875 0.5517578125 0.38037109375 0.5517578125 0.37451171875 0.5498046875 0.36474609375 0.5390625 0.36279296875 0.54296875 0.361328125 0.533203125 0.3564453125 0.521484375 0.3544921875 0.498046875
5 0.0771484375 0.0 0.0888671875 0.0 0.0908203125 0.7197265625 0.080078125 0.7197265625
9 0.8876953125 0.546875 0.88134765625 0.5380859375 0.87890625 0.5361328125 0.87744140625 0.53515625 0.876953125 0.5341796875 0.873046875 0.5234375 0.873046875 0.5205078125 0.873046875 0.5185546875 0.8759765625 0.513671875 0.876953125 0.5126953125 0.880859375 0.5048828125 0.884765625 0.5048828125 0.88818359375 0.50390625 0.888671875 0.5029296875 0.8974609375 0.501953125 0.8984375 0.501953125 0.9033203125 0.509765625 0.90576171875 0.513671875 0.90869140625 0.5185546875 0.9111328125 0.521484375 0.9130859375 0.52734375 0.9130859375 0.52734375 0.9130859375 0.52734375 0.91552734375 0.53125 0.9189453125 0.5341796875 0.9267578125 0.5302734375 0.93359375 0.5302734375 0.935546875 0.5283203125 0.94384765625 0.52734375 0.9462890625 0.52734375 0.95068359375 0.52734375 0.95068359375 0.5283203125 0.95068359375 0.533203125 0.9658203125 0.53125 0.97802734375 0.53125 0.97998046875 0.53125 0.97998046875 0.53125 0.99951171875 0.5302734375 0.99951171875 0.54296875 0.99951171875 0.5498046875 0.99951171875 0.5556640625 0.99951171875 0.5556640625 0.99755859375 0.5556640625 0.99169921875 0.5556640625 0.99169921875 0.5556640625 0.9677734375 0.5556640625 0.9677734375 0.5556640625 0.9658203125 0.552734375 0.96337890625 0.55078125 0.95703125 0.55078125 0.95068359375 0.55078125 0.94677734375 0.5546875 0.93603515625 0.5546875 0.93505859375 0.556640625 0.93017578125 0.5546875 0.92822265625 0.552734375 0.9248046875 0.556640625 0.92431640625 0.5576171875 0.9169921875 0.5576171875 0.91162109375 0.552734375 0.9091796875 0.556640625 0.908203125 0.560546875 0.90625 0.560546875 0.90478515625 0.5595703125 0.9033203125 0.55859375 0.90234375 0.55859375 0.9013671875 0.55859375 0.89990234375 0.55859375 0.89990234375 0.55859375 0.8974609375 0.5556640625 0.89208984375 0.5556640625
8 0.86962890625 0.5 0.87060546875 0.48828125 0.875 0.4833984375 0.87744140625 0.4765625 0.88134765625 0.4677734375 0.88427734375 0.462890625 0.88720703125 0.47265625 0.88525390625 0.4833984375 0.88671875 0.4853515625 0.89013671875 0.4833984375 0.89013671875 0.4833984375 0.8916015625 0.4765625 0.892578125 0.474609375 0.89306640625 0.4794921875 0.89453125 0.48828125 0.89453125 0.48828125 0.896484375 0.4892578125 0.8984375 0.4892578125 0.900390625 0.486328125 0.900390625 0.486328125 0.90576171875 0.4873046875 0.90576171875 0.486328125 0.90673828125 0.4833984375 0.91259765625 0.4892578125 0.9130859375 0.4912109375 0.916015625 0.486328125 0.91650390625 0.486328125 0.9169921875 0.44921875 0.916015625 0.4404296875 0.912109375 0.435546875 0.90869140625 0.4365234375 0.9033203125 0.4423828125 0.892578125 0.4521484375 0.88818359375 0.4501953125 0.88671875 0.439453125 0.88427734375 0.4248046875 0.88525390625 0.4208984375 0.8857421875 0.4169921875 0.88623046875 0.4140625 0.8876953125 0.4052734375 0.8876953125 0.3994140625 0.8916015625 0.3935546875 0.89306640625 0.3916015625 0.8955078125 0.388671875 0.900390625 0.3818359375 0.90283203125 0.3896484375 0.9072265625 0.3935546875 0.9072265625 0.3935546875 0.908203125 0.3876953125 0.9091796875 0.380859375 0.91015625 0.3779296875 0.91650390625 0.3779296875 0.91845703125 0.3798828125 0.919921875 0.380859375 0.92138671875 0.380859375 0.921875 0.3955078125 0.92529296875 0.40234375 0.92724609375 0.392578125 0.9287109375 0.3896484375 0.9306640625 0.3896484375 0.93212890625 0.388671875 0.9384765625 0.390625 0.935546875 0.384765625 0.93310546875 0.396484375 0.93603515625 0.396484375 0.9384765625 0.4013671875 0.94091796875 0.400390625 0.9404296875 0.4091796875 0.939453125 0.41796875 0.9384765625 0.419921875 0.92822265625 0.4296875 0.9306640625 0.43359375 0.9326171875 0.439453125 0.92724609375 0.4443359375 0.9248046875 0.447265625 0.92333984375 0.4501953125 0.9267578125 0.458984375 0.92529296875 0.4609375 0.92529296875 0.46484375 0.9228515625 0.4697265625 0.921875 0.4814453125 0.921875 0.5302734375 0.91845703125 0.5283203125 0.91845703125 0.4931640625 0.91064453125 0.50390625 0.908203125 0.5029296875 0.908203125 0.5009765625 0.9052734375 0.498046875 0.904296875 0.4970703125 0.90087890625 0.498046875 0.89794921875 0.4990234375 0.896484375 0.4990234375 0.8916015625 0.5029296875 0.89111328125 0.5029296875 0.8857421875 0.5029296875 0.88525390625 0.5029296875 0.88330078125 0.50390625 0.87841796875 0.50390625 0.87841796875 0.50390625 0.87451171875 0.50390625 0.87255859375 0.50390625
11 0.74755859375 0.33984375 0.74609375 0.333984375 0.748046875 0.330078125 0.75 0.322265625 0.75439453125 0.3193359375 0.7568359375 0.322265625 0.7607421875 0.3310546875 0.76025390625 0.3466796875 0.76220703125 0.357421875 0.76318359375 0.3740234375 0.76220703125 0.400390625 0.7607421875 0.412109375 0.7607421875 0.4296875 0.7578125 0.435546875 0.75634765625 0.4365234375 0.75537109375 0.4375 0.75732421875 0.4423828125 0.76220703125 0.4521484375 0.765625 0.4619140625 0.767578125 0.4677734375 0.77001953125 0.474609375 0.77197265625 0.4775390625 0.77001953125 0.4833984375 0.765625 0.48828125 0.759765625 0.4892578125 0.75927734375 0.4873046875 0.76123046875 0.4873046875 0.76220703125 0.4833984375 0.76171875 0.4755859375 0.75927734375 0.46484375 0.75244140625 0.4521484375 0.7509765625 0.44921875 0.75 0.4521484375 0.74951171875 0.4609375 0.748046875 0.474609375 0.74462890625 0.4794921875 0.7431640625 0.4892578125 0.74267578125 0.4921875 0.73779296875 0.4951171875 0.73291015625 0.4921875 0.7314453125 0.4873046875 0.734375 0.484375 0.7392578125 0.4755859375 0.74072265625 0.4599609375 0.74169921875 0.44921875 0.74169921875 0.4404296875 0.74365234375 0.4287109375 0.74560546875 0.4169921875 0.74169921875 0.416015625 0.7421875 0.400390625 0.7431640625 0.3662109375 0.744140625 0.35546875 0.74609375 0.34765625 0.748046875 0.3447265625 0.74853515625 0.34375
11 0.9609375 0.322265625 0.962890625 0.298828125 0.96533203125 0.2900390625 0.97802734375 0.287109375 0.98681640625 0.29296875 0.9921875 0.3017578125 0.98974609375 0.3212890625 0.99072265625 0.330078125 0.9892578125 0.330078125 0.98876953125 0.33984375 0.9833984375 0.3447265625 0.99267578125 0.357421875 0.99951171875 0.37890625 0.99951171875 0.5380859375 0.99951171875 0.5263671875 0.99609375 0.521484375 0.9990234375 0.5 0.9990234375 0.4892578125 0.99853515625 0.486328125 0.99462890625 0.486328125 0.99267578125 0.521484375 0.98779296875 0.6259765625 0.9814453125 0.6826171875 0.9833984375 0.69140625 0.98828125 0.697265625 0.98974609375 0.7021484375 0.98583984375 0.7099609375 0.97412109375 0.712890625 0.97021484375 0.703125 0.9697265625 0.693359375 0.9697265625 0.681640625 0.970703125 0.666015625 0.97119140625 0.65625 0.97119140625 0.642578125 0.97412109375 0.62109375 0.9736328125 0.560546875 0.970703125 0.53125 0.96630859375 0.5302734375 0.96337890625 0.5498046875 0.95654296875 0.5859375 0.95458984375 0.6083984375 0.955078125 0.6591796875 0.953125 0.689453125 0.94970703125 0.69921875 0.94384765625 0.7119140625 0.9345703125 0.71484375 0.93115234375 0.70703125 0.9345703125 0.6943359375 0.939453125 0.673828125 0.9384765625 0.5947265625 0.9423828125 0.54296875 0.94384765625 0.4912109375 0.9423828125 0.484375 0.9384765625 0.4599609375 0.93505859375 0.4365234375 0.93408203125 0.3916015625 0.93994140625 0.357421875 0.955078125 0.3447265625 0.95947265625 0.3359375
11 0.11962890625 0.287109375 0.1142578125 0.2568359375 0.1123046875 0.2373046875 0.1181640625 0.21875 0.13037109375 0.203125 0.14013671875 0.2001953125 0.1572265625 0.208984375 0.1611328125 0.224609375 0.1640625 0.2294921875 0.16259765625 0.2470703125 0.15966796875 0.2685546875 0.16015625 0.283203125 0.15966796875 0.2978515625 0.15966796875 0.3076171875 0.154296875 0.3203125 0.16259765625 0.3408203125 0.1708984375 0.3681640625 0.18359375 0.41015625 0.2001953125 0.4443359375 0.20751953125 0.4443359375 0.2158203125 0.44921875 0.2158203125 0.458984375 0.21484375 0.458984375 0.21630859375 0.4677734375 0.21630859375 0.4736328125 0.216796875 0.4775390625 0.21484375 0.4814453125 0.21533203125 0.4853515625 0.2080078125 0.4814453125 0.205078125 0.4794921875 0.20361328125 0.4794921875 0.171875 0.4833984375 0.17724609375 0.513671875 0.171875 0.5390625 0.17041015625 0.5615234375 0.171875 0.623046875 0.15625 0.62890625 0.14794921875 0.6826171875 0.15673828125 0.7373046875 0.15673828125 0.775390625 0.16650390625 0.8857421875 0.171875 0.9150390625 0.171875 0.9267578125 0.177734375 0.9541015625 0.1826171875 0.9599609375 0.1806640625 0.9736328125 0.1728515625 0.978515625 0.150390625 0.974609375 0.13671875 0.96875 0.134765625 0.9541015625 0.12890625 0.890625 0.1240234375 0.810546875 0.12353515625 0.7890625 0.11083984375 0.8427734375 0.10205078125 0.8916015625 0.103515625 0.904296875 0.10693359375 0.9140625 0.11474609375 0.921875 0.11962890625 0.9296875 0.11181640625 0.9384765625 0.0966796875 0.94140625 0.08935546875 0.9248046875 0.07080078125 0.9033203125 0.0673828125 0.8896484375 0.10986328125 0.70703125 0.10546875 0.685546875 0.0947265625 0.66015625 0.0869140625 0.6435546875 0.0849609375 0.65234375 0.078125 0.650390625 0.0693359375 0.6328125 0.0673828125 0.619140625 0.0703125 0.607421875 0.072265625 0.572265625 0.078125 0.4970703125 0.08203125 0.427734375 0.0830078125 0.388671875 0.09375 0.3466796875 0.111328125 0.310546875 0.1171875 0.298828125
11 0.2080078125 0.2734375 0.2060546875 0.2607421875 0.205078125 0.2421875 0.2109375 0.2275390625 0.21826171875 0.2236328125 0.24462890625 0.228515625 0.25634765625 0.2353515625 0.2607421875 0.2470703125 0.26171875 0.2509765625 0.25048828125 0.263671875 0.25146484375 0.27734375 0.2548828125 0.2841796875 0.25732421875 0.2880859375 0.2568359375 0.294921875 0.25390625 0.2958984375 0.25244140625 0.2978515625 0.25244140625 0.302734375 0.251953125 0.306640625 0.25390625 0.3125 0.25390625 0.322265625 0.2490234375 0.326171875 0.24560546875 0.3291015625 0.244140625 0.3310546875 0.2431640625 0.3359375 0.24853515625 0.34765625 0.25390625 0.369140625 0.25927734375 0.419921875 0.263671875 0.49609375 0.2666015625 0.5400390625 0.2626953125 0.5615234375 0.25341796875 0.576171875 0.24951171875 0.5849609375 0.248046875 0.6025390625 0.24658203125 0.623046875 0.24169921875 0.6396484375 0.24072265625 0.6572265625 0.23876953125 0.6748046875 0.236328125 0.7041015625 0.23974609375 0.740234375 0.23876953125 0.7822265625 0.2509765625 0.8359375 0.25927734375 0.8662109375 0.2724609375 0.876953125 0.28125 0.8828125 0.28466796875 0.8916015625 0.279296875 0.8994140625 0.26806640625 0.91015625 0.24609375 0.921875 0.23828125 0.919921875 0.23095703125 0.859375 0.224609375 0.8232421875 0.2236328125 0.81640625 0.21875 0.837890625 0.2158203125 0.8720703125 0.2158203125 0.876953125 0.22509765625 0.8818359375 0.2314453125 0.890625 0.234375 0.90234375 0.2314453125 0.90625 0.2265625 0.9091796875 0.20703125 0.9130859375 0.18994140625 0.908203125 0.1826171875 0.90234375 0.18212890625 0.8828125 0.19482421875 0.7548828125 0.19482421875 0.724609375 0.19775390625 0.693359375 0.18017578125 0.5751953125 0.173828125 0.525390625 0.16455078125 0.478515625 0.1630859375 0.4404296875 0.16796875 0.4052734375 0.1767578125 0.337890625 0.18798828125 0.3193359375 0.20068359375 0.3076171875 0.20751953125 0.298828125 0.2080078125 0.2841796875
11 0.494140625 0.34765625 0.5078125 0.3349609375 0.51904296875 0.326171875 0.51708984375 0.3173828125 0.52001953125 0.3125 0.52197265625 0.3076171875 0.521484375 0.2978515625 0.521484375 0.29296875 0.52197265625 0.28125 0.52392578125 0.26953125 0.5302734375 0.2626953125 0.54052734375 0.259765625 0.5498046875 0.2646484375 0.5576171875 0.2724609375 0.56005859375 0.28515625 0.55810546875 0.298828125 0.55712890625 0.30859375 0.5595703125 0.3232421875 0.5556640625 0.3251953125 0.55517578125 0.3359375 0.55126953125 0.345703125 0.544921875 0.34765625 0.54150390625 0.359375 0.544921875 0.384765625 0.54931640625 0.4072265625 0.5537109375 0.4287109375 0.5517578125 0.4384765625 0.5517578125 0.44921875 0.56103515625 0.4609375 0.56982421875 0.4716796875 0.57763671875 0.48046875 0.58349609375 0.490234375 0.58935546875 0.4951171875 0.5859375 0.498046875 0.58837890625 0.509765625 0.58935546875 0.513671875 0.5859375 0.5166015625 0.5849609375 0.5205078125 0.58251953125 0.521484375 0.58251953125 0.5263671875 0.58154296875 0.52734375 0.57763671875 0.52734375 0.57275390625 0.521484375 0.5712890625 0.509765625 0.56201171875 0.50390625 0.55615234375 0.5029296875 0.5556640625 0.525390625 0.5537109375 0.5576171875 0.54638671875 0.6279296875 0.53515625 0.634765625 0.53125 0.685546875 0.5205078125 0.763671875 0.517578125 0.771484375 0.52587890625 0.7783203125 0.5322265625 0.783203125 0.53662109375 0.791015625 0.53076171875 0.798828125 0.5126953125 0.80078125 0.5009765625 0.798828125 0.48681640625 0.7861328125 0.47705078125 0.7763671875 0.46923828125 0.7548828125 0.470703125 0.73828125 0.4755859375 0.724609375 0.48828125 0.6953125 0.49755859375 0.6708984375 0.50537109375 0.640625 0.46533203125 0.4306640625
11 0.46337890625 0.263671875 0.470703125 0.259765625 0.47998046875 0.2646484375 0.490234375 0.2783203125 0.49560546875 0.2958984375 0.49560546875 0.30859375 0.49365234375 0.322265625 0.490234375 0.3310546875 0.49951171875 0.3427734375 0.5126953125 0.37109375 0.5234375 0.478515625 0.5302734375 0.5380859375 0.53076171875 0.556640625 0.52294921875 0.576171875 0.51708984375 0.5927734375 0.51220703125 0.6064453125 0.50537109375 0.642578125 0.50244140625 0.6708984375 0.50146484375 0.6787109375 0.501953125 0.6904296875 0.5048828125 0.7138671875 0.5048828125 0.8095703125 0.5048828125 0.83203125 0.50244140625 0.84375 0.49853515625 0.849609375 0.4951171875 0.8427734375 0.49462890625 0.8408203125 0.48486328125 0.845703125 0.46923828125 0.8408203125 0.44677734375 0.83984375 0.43212890625 0.83203125 0.4326171875 0.8251953125 0.435546875 0.82421875 0.44580078125 0.8203125 0.466796875 0.76171875 0.4794921875 0.775390625 0.48046875 0.7470703125 0.47607421875 0.634765625 0.46533203125 0.66015625 0.46826171875 0.7294921875 0.4677734375 0.765625 0.44873046875 0.66015625 0.46240234375 0.4013671875 0.453125 0.2763671875 0.46044921875 0.2666015625 0.46533203125 0.2646484375
11 0.42724609375 0.3310546875 0.42431640625 0.31640625 0.42333984375 0.30078125 0.42041015625 0.291015625 0.419921875 0.2822265625 0.42236328125 0.2802734375 0.4248046875 0.2763671875 0.42333984375 0.2666015625 0.4208984375 0.2587890625 0.42138671875 0.2509765625 0.43017578125 0.2392578125 0.439453125 0.2333984375 0.4521484375 0.2314453125 0.4619140625 0.2451171875 0.4697265625 0.259765625 0.4736328125 0.2744140625 0.470703125 0.2900390625 0.46630859375 0.3076171875 0.4658203125 0.3193359375 0.46337890625 0.322265625 0.47119140625 0.3447265625 0.482421875 0.373046875 0.486328125 0.3828125 0.484375 0.388671875 0.486328125 0.40625 0.486328125 0.458984375 0.484375 0.498046875 0.478515625 0.626953125 0.4658203125 0.6640625 0.47216796875 0.7998046875 0.474609375 0.8701171875 0.47119140625 0.8828125 0.46435546875 0.8876953125 0.44140625 0.8837890625 0.43212890625 0.876953125 0.43115234375 0.8662109375 0.43505859375 0.865234375 0.44482421875 0.8564453125 0.4482421875 0.853515625 0.44873046875 0.8017578125 0.4228515625 0.8056640625 0.4228515625 0.8310546875 0.4228515625 0.853515625 0.42041015625 0.865234375 0.4169921875 0.8662109375 0.40087890625 0.8681640625 0.388671875 0.8671875 0.380859375 0.8583984375 0.380859375 0.853515625 0.38427734375 0.8486328125 0.39453125 0.84375 0.39990234375 0.83203125 0.40087890625 0.796875 0.39306640625 0.671875 0.3955078125 0.6259765625 0.39208984375 0.62109375 0.3955078125 0.611328125 0.3984375 0.60546875 0.3916015625 0.595703125 0.38037109375 0.583984375 0.38037109375 0.572265625 0.3916015625 0.521484375 0.39501953125 0.51953125 0.40283203125 0.5205078125 0.40478515625 0.5107421875 0.40625 0.49609375 0.408203125 0.45703125 0.40869140625 0.4248046875 0.416015625 0.392578125 0.419921875 0.373046875 0.416015625 0.3671875 0.4130859375 0.3603515625 0.421875 0.34375
8 0.7998046875 0.5166015625 0.80029296875 0.5068359375 0.8017578125 0.4970703125 0.802734375 0.4931640625 0.8037109375 0.4931640625 0.80517578125 0.48828125 0.8056640625 0.484375 0.80859375 0.4833984375 0.81103515625 0.48046875 0.8134765625 0.48046875 0.8173828125 0.484375 0.8193359375 0.4912109375 0.82275390625 0.4931640625 0.826171875 0.4931640625 0.826171875 0.486328125 0.82861328125 0.4833984375 0.833984375 0.48828125 0.8359375 0.4912109375 0.8388671875 0.4951171875 0.8388671875 0.486328125 0.8388671875 0.48046875 0.8388671875 0.4775390625 0.83984375 0.4697265625 0.841796875 0.4658203125 0.8427734375 0.46484375 0.84521484375 0.466796875 0.845703125 0.4716796875 0.8466796875 0.4736328125 0.84912109375 0.4638671875 0.85107421875 0.462890625 0.8544921875 0.4658203125 0.8564453125 0.4736328125 0.85693359375 0.4814453125 0.85791015625 0.4931640625 0.86181640625 0.4970703125 0.86328125 0.498046875 0.865234375 0.5 0.865234375 0.5 0.861328125 0.5068359375 0.85888671875 0.51171875 0.853515625 0.51171875 0.85205078125 0.51171875 0.84912109375 0.51171875 0.84619140625 0.51171875 0.8447265625 0.5107421875 0.8447265625 0.5087890625 0.84375 0.5068359375 0.8388671875 0.50390625 0.83203125 0.50390625 0.82177734375 0.513671875 0.81201171875 0.5205078125 0.80810546875 0.5234375 0.8046875 0.5244140625 0.80322265625 0.5244140625
