10 0.263671875 0.0 0.2578125 0.20703125 0.99951171875 0.2373046875 0.99951171875 0.0
0 0.65234375 0.390625 0.408203125 0.3662109375 0.0 0.626953125 0.0 0.9990234375 0.99951171875 0.9990234375 0.99951171875 0.5693359375
1 0.65234375 0.416015625 0.58447265625 0.43359375 0.57177734375 0.451171875 0.57080078125 0.462890625 0.5771484375 0.478515625 0.63037109375 0.5517578125 0.6640625 0.5390625
2 0.6728515625 0.1123046875 0.4921875 0.1083984375 0.4921875 0.1025390625 0.47021484375 0.1044921875 0.46923828125 0.109375 0.4677734375 0.109375 0.46630859375 0.1044921875 0.447265625 0.1044921875 0.4462890625 0.109375 0.44384765625 0.107421875 0.44384765625 0.1025390625 0.43408203125 0.1044921875 0.43408203125 0.1435546875 0.41552734375 0.142578125 0.41162109375 0.2060546875 0.38671875 0.2041015625 0.39111328125 0.146484375 0.28125 0.0908203125 0.2880859375 0.4365234375 0.41845703125 0.4072265625 0.49169921875 0.4091796875 0.544921875 0.40625 0.54736328125 0.3994140625 0.67138671875 0.3779296875
5 0.42626953125 0.3466796875 0.42626953125 0.314453125 0.4267578125 0.263671875 0.423828125 0.2626953125 0.42431640625 0.32421875 0.42431640625 0.3486328125
8 0.591796875 0.4560546875 0.619140625 0.453125 0.6259765625 0.4521484375 0.626953125 0.4443359375 0.623046875 0.4404296875 0.6357421875 0.43359375 0.63330078125 0.4287109375 0.630859375 0.4287109375 0.62890625 0.423828125 0.62841796875 0.421875 0.62841796875 0.416015625 0.62646484375 0.4140625 0.611328125 0.40234375 0.6015625 0.40234375 0.59521484375 0.4033203125 0.58984375 0.40625 0.58740234375 0.408203125 0.58837890625 0.4130859375 0.5849609375 0.419921875 0.58349609375 0.4169921875 0.58203125 0.4208984375 0.58251953125 0.42578125 0.57763671875 0.431640625 0.576171875 0.435546875 0.57275390625 0.4404296875 0.57177734375 0.4453125 0.5712890625 0.4501953125 0.5712890625 0.453125 0.57958984375 0.453125 0.58544921875 0.455078125
5 0.43212890625 0.345703125 0.43310546875 0.2978515625 0.4306640625 0.2978515625 0.4296875 0.349609375
13 0.64794921875 0.373046875 0.64404296875 0.37109375 0.63232421875 0.369140625 0.6259765625 0.3701171875 0.62451171875 0.37890625 0.62548828125 0.40234375 0.63134765625 0.4033203125 0.63427734375 0.404296875 0.6357421875 0.4072265625 0.6376953125 0.408203125 0.63916015625 0.40625 0.64013671875 0.404296875 0.6455078125 0.404296875 0.64697265625 0.408203125 0.6484375 0.408203125 0.6494140625 0.40625 0.650390625 0.4033203125 0.6513671875 0.3955078125 0.64892578125 0.392578125 0.6484375 0.392578125 0.64892578125 0.3837890625
8 0.64404296875 0.37109375 0.640625 0.3505859375 0.63427734375 0.3349609375 0.63134765625 0.3251953125 0.62548828125 0.3251953125 0.62255859375 0.3212890625 0.619140625 0.30859375 0.619140625 0.328125 0.61865234375 0.33203125 0.62109375 0.33203125 0.62353515625 0.337890625 0.62548828125 0.3505859375 0.62451171875 0.357421875 0.62255859375 0.3642578125 0.61572265625 0.369140625 0.61181640625 0.369140625 0.61279296875 0.4609375 0.60595703125 0.4609375 0.6015625 0.369140625 0.59619140625 0.3681640625 0.58837890625 0.365234375 0.58251953125 0.353515625 0.57861328125 0.34375 0.5791015625 0.326171875 0.57373046875 0.328125 0.5693359375 0.3125 0.56884765625 0.3017578125 0.5634765625 0.3046875 0.55712890625 0.314453125 0.5576171875 0.3310546875 0.5556640625 0.369140625 0.54296875 0.3876953125 0.5400390625 0.37890625 0.53759765625 0.3681640625 0.53955078125 0.3623046875 0.5439453125 0.361328125 0.54736328125 0.361328125 0.54931640625 0.33984375 0.5400390625 0.3369140625 0.53369140625 0.330078125 0.533203125 0.310546875 0.53515625 0.30078125 0.5322265625 0.28515625 0.529296875 0.2841796875 0.52587890625 0.2724609375 0.5205078125 0.2724609375 0.50048828125 0.2734375 0.48779296875 0.2724609375 0.4765625 0.271484375 0.46826171875 0.271484375 0.46044921875 0.2724609375 0.44873046875 0.271484375 0.44775390625 0.26953125 0.4501953125 0.2666015625 0.4580078125 0.2626953125 0.46533203125 0.2568359375 0.47119140625 0.25 0.4541015625 0.2412109375 0.45166015625 0.2470703125 0.44970703125 0.2451171875 0.447265625 0.2451171875 0.4462890625 0.2392578125 0.4462890625 0.236328125 0.451171875 0.2333984375 0.45166015625 0.2236328125 0.455078125 0.2138671875 0.455078125 0.20703125 0.45263671875 0.2041015625 0.45654296875 0.197265625 0.45703125 0.189453125 0.45947265625 0.1884765625 0.45751953125 0.1796875 0.45849609375 0.1748046875 0.46337890625 0.1708984375 0.45947265625 0.166015625 0.4580078125 0.1591796875 0.458984375 0.1552734375 0.46240234375 0.15625 0.46533203125 0.150390625 0.4658203125 0.1376953125 0.47216796875 0.134765625 0.47119140625 0.126953125 0.46923828125 0.1240234375 0.4677734375 0.1162109375 0.47021484375 0.115234375 0.4736328125 0.1201171875 0.47705078125 0.1171875 0.47802734375 0.1171875 0.48095703125 0.1142578125 0.486328125 0.1142578125 0.48193359375 0.0986328125 0.478515625 0.0986328125 0.47412109375 0.0966796875 0.4736328125 0.078125 0.47705078125 0.068359375 0.48388671875 0.060546875 0.4873046875 0.0732421875 0.48828125 0.0693359375 0.4892578125 0.060546875 0.4873046875 0.0556640625 0.48583984375 0.0517578125 0.48193359375 0.0478515625 0.48388671875 0.0380859375 0.49072265625 0.033203125 0.48876953125 0.0244140625 0.49072265625 0.0126953125 0.49462890625 0.0078125 0.49560546875 0.0 0.49609375 0.0 0.6767578125 0.0009765625 0.6748046875 0.400390625 0.6435546875 0.3955078125
5 0.66064453125 0.32421875 0.66162109375 0.2158203125 0.662109375 0.09375 0.6259765625 0.091796875 0.6259765625 0.0947265625 0.66015625 0.095703125 0.65869140625 0.328125
2 0.66650390625 0.0 0.666015625 0.1123046875 0.66650390625 0.1533203125 0.65869140625 0.1650390625 0.6611328125 0.1748046875 0.6640625 0.1796875 0.66650390625 0.1787109375 0.6650390625 0.4091796875 0.99951171875 0.615234375 0.99951171875 0.0
13 0.625 0.37109375 0.60986328125 0.3701171875 0.611328125 0.40234375 0.6142578125 0.40234375 0.61474609375 0.4072265625 0.62646484375 0.40625 0.62890625 0.4033203125 0.62890625 0.3994140625 0.62841796875 0.3955078125 0.6298828125 0.3935546875 0.6298828125 0.3876953125
8 0.35693359375 0.3671875 0.3564453125 0.341796875 0.3583984375 0.337890625 0.3583984375 0.333984375 0.35693359375 0.330078125 0.3564453125 0.314453125 0.3583984375 0.30859375 0.357421875 0.302734375 0.36572265625 0.3046875 0.36865234375 0.296875 0.3740234375 0.3017578125 0.37841796875 0.3095703125 0.38330078125 0.3134765625 0.38720703125 0.322265625 0.3916015625 0.3115234375 0.3955078125 0.3076171875 0.40234375 0.3095703125 0.40478515625 0.3046875 0.404296875 0.29296875 0.40673828125 0.287109375 0.40673828125 0.27734375 0.412109375 0.27734375 0.42138671875 0.2783203125 0.42529296875 0.2666015625 0.42724609375 0.263671875 0.43359375 0.265625 0.43994140625 0.265625 0.4453125 0.2763671875 0.45166015625 0.2744140625 0.45263671875 0.26171875 0.45166015625 0.251953125 0.4482421875 0.2421875 0.44482421875 0.2353515625 0.44384765625 0.2314453125 0.43798828125 0.216796875 0.4287109375 0.20703125 0.42431640625 0.19921875 0.421875 0.1884765625 0.427734375 0.173828125 0.43798828125 0.16796875 0.4443359375 0.1572265625 0.4482421875 0.166015625 0.45654296875 0.1640625 0.46484375 0.1513671875 0.474609375 0.1357421875 0.4716796875 0.123046875 0.4541015625 0.12109375 0.44140625 0.1240234375 0.43115234375 0.1494140625 0.4169921875 0.166015625 0.40380859375 0.1591796875 0.3974609375 0.1416015625 0.40625 0.1396484375 0.4150390625 0.1376953125 0.42236328125 0.12109375 0.4267578125 0.10546875 0.42041015625 0.107421875 0.412109375 0.1142578125 0.4287109375 0.0703125 0.43212890625 0.060546875 0.44091796875 0.0439453125 0.4482421875 0.02734375 0.45361328125 0.0068359375 0.45068359375 0.0 0.4462890625 0.0 0.27734375 0.0 0.2763671875 0.2861328125 0.2890625 0.2724609375 0.2919921875 0.2802734375 0.29638671875 0.2802734375 0.2978515625 0.2880859375 0.2978515625 0.3076171875 0.29736328125 0.326171875 0.29736328125 0.3369140625 0.2958984375 0.345703125 0.29638671875 0.365234375 0.294921875 0.376953125 0.30322265625 0.3759765625 0.30322265625 0.314453125 0.3076171875 0.330078125 0.314453125 0.3359375 0.3193359375 0.3310546875 0.3291015625 0.326171875 0.3388671875 0.318359375 0.3369140625 0.3681640625
5 0.65673828125 0.44140625 0.658203125 0.2255859375 0.64892578125 0.2265625 0.6494140625 0.2685546875 0.65283203125 0.2685546875 0.65283203125 0.4775390625
13 0.44091796875 0.341796875 0.439453125 0.34375 0.4140625 0.3408203125 0.41015625 0.3505859375 0.40869140625 0.357421875 0.408203125 0.3662109375 0.40625 0.3798828125 0.396484375 0.3955078125 0.40234375 0.4130859375 0.41015625 0.408203125 0.41064453125 0.4248046875 0.41455078125 0.4248046875 0.41552734375 0.4150390625 0.4248046875 0.4150390625 0.43505859375 0.40234375 0.447265625 0.376953125 0.4462890625 0.3603515625 0.44287109375 0.3427734375
1 0.5400390625 0.4013671875 0.52587890625 0.4033203125 0.494140625 0.4033203125 0.48876953125 0.4033203125 0.48876953125 0.4130859375 0.52294921875 0.412109375 0.53076171875 0.40625 0.541015625 0.4052734375
5 0.466796875 0.3642578125 0.4677734375 0.3310546875 0.46875 0.3310546875 0.46826171875 0.3701171875
13 0.40869140625 0.365234375 0.40673828125 0.3603515625 0.404296875 0.35546875 0.39208984375 0.3525390625 0.38134765625 0.3525390625 0.375 0.353515625 0.37158203125 0.357421875 0.3681640625 0.3642578125 0.37890625 0.4267578125 0.39111328125 0.427734375 0.3955078125 0.427734375 0.3955078125 0.431640625 0.39990234375 0.4326171875 0.40234375 0.4306640625 0.4033203125 0.421875 0.40625 0.421875 0.40625 0.427734375 0.41015625 0.427734375 0.41015625 0.4267578125 0.41064453125 0.4248046875 0.41064453125 0.4150390625 0.41064453125 0.4091796875 0.40869140625 0.4052734375 0.40673828125 0.4013671875 0.408203125 0.39453125 0.41162109375 0.392578125
8 0.38037109375 0.423828125 0.3955078125 0.4287109375 0.3955078125 0.4365234375 0.38720703125 0.443359375
2 0.00048828125 0.0 0.28955078125 0.0 0.3056640625 0.03125 0.3037109375 0.1025390625 0.2880859375 0.1064453125 0.28955078125 0.193359375 0.2978515625 0.201171875 0.298828125 0.265625 0.2939453125 0.2734375 0.29150390625 0.275390625 0.28955078125 0.28125 0.28955078125 0.4404296875 0.0 0.498046875
13 0.384765625 0.390625 0.375 0.3662109375 0.3701171875 0.3642578125 0.35888671875 0.3623046875 0.333984375 0.365234375 0.32861328125 0.3642578125 0.31689453125 0.388671875 0.3095703125 0.388671875 0.30859375 0.3955078125 0.30810546875 0.4013671875 0.310546875 0.4052734375 0.314453125 0.458984375 0.35791015625 0.458984375 0.35888671875 0.466796875 0.36376953125 0.466796875 0.36669921875 0.4658203125 0.36865234375 0.462890625 0.369140625 0.4541015625 0.37939453125 0.4501953125 0.37939453125 0.4560546875 0.3857421875 0.4560546875 0.3876953125 0.4541015625 0.38916015625 0.4453125 0.38916015625 0.431640625 0.38916015625 0.419921875 0.38916015625 0.416015625 0.38818359375 0.40234375
13 0.48876953125 0.390625 0.48779296875 0.3828125 0.48291015625 0.3701171875 0.47802734375 0.3671875 0.4677734375 0.365234375 0.45166015625 0.3642578125 0.44287109375 0.365234375 0.43115234375 0.3896484375 0.423828125 0.3896484375 0.42431640625 0.3935546875 0.42529296875 0.39453125 0.4287109375 0.39453125 0.42724609375 0.4013671875 0.423828125 0.4052734375 0.421875 0.4150390625 0.42236328125 0.421875 0.4228515625 0.4326171875 0.42333984375 0.4482421875 0.42431640625 0.4609375 0.4306640625 0.4609375 0.43115234375 0.455078125 0.43115234375 0.4501953125 0.43896484375 0.4521484375 0.44482421875 0.4521484375 0.46240234375 0.4541015625 0.46826171875 0.451171875 0.46923828125 0.458984375 0.47021484375 0.462890625 0.4765625 0.462890625 0.48095703125 0.4609375 0.4814453125 0.4560546875 0.48095703125 0.44921875 0.48388671875 0.44921875 0.48388671875 0.4541015625 0.486328125 0.455078125 0.48974609375 0.4541015625 0.490234375 0.453125 0.49072265625 0.443359375 0.49169921875 0.4169921875 0.490234375 0.40234375
13 0.314453125 0.41015625 0.30712890625 0.3798828125 0.3037109375 0.373046875 0.30126953125 0.37109375 0.29638671875 0.3701171875 0.2900390625 0.373046875 0.2666015625 0.373046875 0.25146484375 0.373046875 0.24658203125 0.3740234375 0.23779296875 0.380859375 0.22998046875 0.4033203125 0.2236328125 0.4189453125 0.22021484375 0.416015625 0.216796875 0.4189453125 0.21630859375 0.4287109375 0.22021484375 0.43359375 0.21533203125 0.451171875 0.21337890625 0.4814453125 0.21630859375 0.5224609375 0.22021484375 0.5283203125 0.224609375 0.5263671875 0.2275390625 0.5244140625 0.228515625 0.5146484375 0.24462890625 0.513671875 0.291015625 0.5078125 0.2919921875 0.5185546875 0.29345703125 0.521484375 0.29736328125 0.5205078125 0.302734375 0.51953125 0.3056640625 0.5146484375 0.30810546875 0.5087890625 0.30859375 0.498046875 0.31298828125 0.4912109375 0.31298828125 0.4990234375 0.31396484375 0.501953125 0.31982421875 0.5029296875 0.322265625 0.5 0.3212890625 0.4716796875 0.32080078125 0.453125 0.3203125 0.4375 0.3193359375 0.4208984375 0.31640625 0.4189453125
13 0.0654296875 0.33984375 0.076171875 0.3310546875 0.11181640625 0.32421875 0.16845703125 0.3232421875 0.201171875 0.3310546875 0.2060546875 0.337890625 0.2119140625 0.3701171875 0.21923828125 0.435546875 0.2216796875 0.51171875 0.22021484375 0.5224609375 0.21826171875 0.5283203125 0.21826171875 0.5703125 0.21630859375 0.578125 0.21240234375 0.5849609375 0.20751953125 0.5869140625 0.19775390625 0.587890625 0.1962890625 0.568359375 0.19580078125 0.5556640625 0.1630859375 0.576171875 0.1611328125 0.599609375 0.15869140625 0.607421875 0.154296875 0.615234375 0.14794921875 0.626953125 0.1416015625 0.630859375 0.134765625 0.6318359375 0.12939453125 0.626953125 0.125 0.6142578125 0.09521484375 0.6220703125 0.04541015625 0.3671875
13 0.0 0.3330078125 0.0341796875 0.3330078125 0.0498046875 0.341796875 0.06005859375 0.3486328125 0.06201171875 0.35546875 0.08349609375 0.4140625 0.09130859375 0.455078125 0.09326171875 0.5126953125 0.09765625 0.533203125 0.1005859375 0.5869140625 0.1015625 0.6328125 0.09912109375 0.6474609375 0.0947265625 0.662109375 0.0888671875 0.66796875 0.078125 0.6689453125 0.07275390625 0.6640625 0.06787109375 0.6416015625 0.01806640625 0.681640625 0.01123046875 0.7255859375 0.005859375 0.7412109375 0.00048828125 0.7431640625
13 0.603515625 0.4013671875 0.603515625 0.369140625 0.591796875 0.3642578125 0.583984375 0.3623046875 0.58251953125 0.369140625 0.57958984375 0.3935546875 0.58154296875 0.40234375 0.58837890625 0.4033203125 0.58935546875 0.4072265625 0.59130859375 0.41015625 0.5947265625 0.41015625 0.59765625 0.404296875
13 0.583984375 0.3681640625 0.58251953125 0.3623046875 0.57958984375 0.3583984375 0.5576171875 0.357421875 0.55224609375 0.3623046875 0.546875 0.37109375 0.5458984375 0.37109375 0.544921875 0.373046875 0.54541015625 0.3740234375 0.54052734375 0.384765625 0.54052734375 0.40625 0.544921875 0.408203125 0.546875 0.4052734375 0.546875 0.40234375 0.56103515625 0.40234375 0.56298828125 0.4072265625 0.5654296875 0.408203125 0.5673828125 0.4072265625 0.5693359375 0.4033203125 0.57861328125 0.40234375 0.578125 0.4072265625 0.5810546875 0.4091796875 0.583984375 0.408203125 0.5849609375 0.404296875 0.5849609375 0.3994140625 0.5849609375 0.396484375 0.5859375 0.3916015625
7 0.65283203125 0.2333984375 0.65283203125 0.2275390625 0.6259765625 0.2275390625 0.62646484375 0.2744140625 0.65283203125 0.2744140625
9 0.57568359375 0.4521484375 0.578125 0.4619140625 0.60009765625 0.4619140625 0.63427734375 0.4609375 0.63330078125 0.45703125 0.6259765625 0.44921875 0.62109375 0.4443359375 0.61767578125 0.443359375 0.61279296875 0.443359375 0.61376953125 0.447265625 0.6142578125 0.44921875 0.6142578125 0.451171875 0.60791015625 0.451171875 0.60009765625 0.44921875 0.5966796875 0.4501953125 0.5927734375 0.451171875 0.58837890625 0.4521484375 0.5849609375 0.4521484375 0.583984375 0.451171875 0.58251953125 0.44921875 0.58203125 0.4521484375 0.5791015625 0.4521484375 0.57861328125 0.451171875
5 0.5986328125 0.46875 0.595703125 0.4697265625 0.595703125 0.2763671875 0.60009765625 0.27734375
13 0.77197265625 0.3896484375 0.7734375 0.3857421875 0.7626953125 0.37890625 0.7451171875 0.3740234375 0.70654296875 0.3740234375 0.6767578125 0.37890625 0.65576171875 0.43359375 0.6513671875 0.423828125 0.64892578125 0.423828125 0.646484375 0.4296875 0.646484375 0.4384765625 0.64892578125 0.44140625 0.6533203125 0.4423828125 0.64501953125 0.4541015625 0.638671875 0.4619140625 0.63623046875 0.478515625 0.6357421875 0.5361328125 0.6376953125 0.55859375 0.6474609375 0.5625 0.65087890625 0.5595703125 0.65234375 0.552734375 0.65966796875 0.556640625 0.65966796875 0.58203125 0.6630859375 0.5908203125 0.666015625 0.5947265625 0.67236328125 0.595703125 0.67822265625 0.5966796875 0.68115234375 0.59375 0.68359375 0.5830078125 0.68505859375 0.5703125 0.68408203125 0.564453125 0.71337890625 0.5693359375
7 0.5986328125 0.2890625 0.60205078125 0.287109375 0.60546875 0.28125 0.6064453125 0.2705078125 0.6044921875 0.2626953125 0.60107421875 0.2568359375 0.5947265625 0.2568359375 0.58984375 0.263671875 0.58837890625 0.2734375 0.58935546875 0.28125 0.591796875 0.2880859375
13 0.93115234375 0.3818359375 0.91845703125 0.3779296875 0.90087890625 0.3759765625 0.87548828125 0.3720703125 0.83837890625 0.369140625 0.80810546875 0.37109375 0.78515625 0.3759765625 0.775390625 0.3837890625 0.763671875 0.400390625 0.74658203125 0.43359375 0.74072265625 0.4541015625 0.73046875 0.455078125 0.7275390625 0.4609375 0.7255859375 0.4697265625 0.7265625 0.4755859375 0.7265625 0.478515625 0.7197265625 0.484375 0.71337890625 0.4931640625 0.7109375 0.501953125 0.7080078125 0.525390625 0.7080078125 0.5556640625 0.70947265625 0.578125 0.7109375 0.5869140625 0.712890625 0.630859375 0.71533203125 0.6357421875 0.72265625 0.6376953125 0.7314453125 0.6376953125 0.7333984375 0.6298828125 0.7333984375 0.603515625 0.7333984375 0.5986328125 0.77880859375 0.6337890625 0.77734375 0.66796875 0.78076171875 0.681640625 0.78955078125 0.7001953125 0.79736328125 0.7060546875 0.8115234375 0.705078125 0.8212890625 0.6953125 0.82373046875 0.671875 0.8251953125 0.650390625 0.85791015625 0.64453125
13 0.99951171875 0.2646484375 0.98974609375 0.2705078125 0.98583984375 0.28125 0.96240234375 0.3017578125 0.92919921875 0.359375 0.90380859375 0.427734375 0.89501953125 0.455078125 0.88818359375 0.4482421875 0.880859375 0.4453125 0.86962890625 0.4501953125 0.86376953125 0.4619140625 0.86279296875 0.4833984375 0.86474609375 0.4912109375 0.88037109375 0.4970703125 0.86083984375 0.5205078125 0.853515625 0.53515625 0.845703125 0.564453125 0.83935546875 0.60546875 0.83740234375 0.6474609375 0.8388671875 0.6806640625 0.8427734375 0.7099609375 0.84716796875 0.71875 0.85009765625 0.7666015625 0.8525390625 0.775390625 0.8583984375 0.787109375 0.88134765625 0.7900390625 0.892578125 0.783203125 0.8984375 0.763671875 0.90283203125 0.751953125 0.99951171875 0.818359375
7 0.43994140625 0.2734375 0.4248046875 0.2744140625 0.4248046875 0.3017578125 0.44091796875 0.3017578125
7 0.4697265625 0.330078125 0.47021484375 0.3251953125 0.4697265625 0.322265625 0.46826171875 0.3203125 0.466796875 0.3212890625 0.4658203125 0.3232421875 0.46533203125 0.326171875 0.4658203125 0.330078125 0.46630859375 0.33203125 0.4677734375 0.33203125
5 0.55126953125 0.4072265625 0.54931640625 0.4072265625 0.54931640625 0.3798828125 0.54931640625 0.376953125 0.55126953125 0.376953125
5 0.53955078125 0.4072265625 0.53955078125 0.376953125 0.54150390625 0.376953125 0.54150390625 0.4072265625
