2 0.95068359375 0.0 0.94775390625 0.1640625 0.94580078125 0.2216796875 0.95703125 0.283203125 0.95849609375 0.6181640625 0.99951171875 0.6201171875 0.99951171875 0.0
0 0.0 0.5439453125 0.529296875 0.4091796875 0.68505859375 0.3720703125 0.73486328125 0.4443359375 0.958984375 0.5166015625 0.95947265625 0.576171875 0.99951171875 0.595703125 0.99951171875 0.9990234375 0.0 0.9990234375
5 0.85107421875 0.5869140625 0.85791015625 0.5859375 0.85693359375 0.4873046875 0.85595703125 0.3681640625 0.8564453125 0.3193359375 0.85498046875 0.166015625 0.8544921875 0.0 0.84765625 0.0 0.84912109375 0.2333984375 0.84912109375 0.3359375 0.849609375 0.3955078125 0.85009765625 0.4814453125 0.8486328125 0.4931640625 0.84912109375 0.5185546875 0.84912109375 0.58203125
1 0.84716796875 0.5048828125 0.84912109375 0.5234375 0.76611328125 0.51953125 0.75830078125 0.5068359375 0.7763671875 0.4921875 0.82177734375 0.5
2 0.7822265625 0.40625 0.0 0.4814453125 0.0 0.0 0.43798828125 0.0 0.79931640625 0.162109375
10 0.38232421875 0.0 0.38623046875 0.2275390625 0.74951171875 0.20703125 0.7421875 0.0
13 0.40234375 0.41796875 0.408203125 0.408203125 0.41015625 0.40625 0.416015625 0.4013671875 0.42333984375 0.4013671875 0.4248046875 0.404296875 0.4326171875 0.404296875 0.4384765625 0.4052734375 0.4404296875 0.4052734375 0.4423828125 0.408203125 0.4453125 0.4130859375 0.4462890625 0.4287109375 0.44287109375 0.439453125 0.42626953125 0.439453125
13 0.3857421875 0.419921875 0.39697265625 0.4140625 0.4052734375 0.4150390625 0.41259765625 0.4150390625 0.42333984375 0.416015625 0.4296875 0.419921875 0.435546875 0.431640625 0.43896484375 0.4365234375 0.44091796875 0.4453125 0.4345703125 0.4794921875 0.4306640625 0.4794921875 0.43017578125 0.47265625 0.4169921875 0.4736328125 0.41552734375 0.4755859375 0.4150390625 0.48046875 0.41162109375 0.4814453125 0.4072265625 0.4765625
13 0.0 0.4755859375 0.017578125 0.458984375 0.0615234375 0.376953125 0.080078125 0.369140625 0.1123046875 0.3642578125 0.150390625 0.3642578125 0.19091796875 0.3701171875 0.2158203125 0.37890625 0.23193359375 0.392578125 0.24267578125 0.42578125 0.24609375 0.453125 0.25146484375 0.458984375 0.25537109375 0.4814453125 0.25732421875 0.5048828125 0.259765625 0.5234375 0.259765625 0.5380859375 0.25927734375 0.5673828125 0.25732421875 0.6083984375 0.255859375 0.6181640625 0.25244140625 0.62890625 0.2490234375 0.634765625 0.23876953125 0.634765625 0.23291015625 0.6337890625 0.23095703125 0.623046875 0.23046875 0.6142578125 0.21875 0.619140625 0.19140625 0.638671875 0.18896484375 0.6787109375 0.18408203125 0.6875 0.177734375 0.697265625 0.17041015625 0.697265625 0.162109375 0.6953125 0.15625 0.6708984375 0.10205078125 0.6787109375 0.05224609375 0.6796875 0.0 0.677734375
13 0.23095703125 0.4248046875 0.244140625 0.4189453125 0.24951171875 0.4150390625 0.25634765625 0.412109375 0.263671875 0.412109375 0.275390625 0.412109375 0.29296875 0.4130859375 0.29541015625 0.4140625 0.298828125 0.416015625 0.30322265625 0.42578125 0.30859375 0.4384765625 0.3095703125 0.447265625 0.31005859375 0.453125 0.30908203125 0.458984375 0.31005859375 0.46484375 0.3095703125 0.4736328125 0.30908203125 0.484375 0.3076171875 0.490234375 0.30419921875 0.4931640625 0.30126953125 0.4931640625 0.29931640625 0.4912109375 0.2978515625 0.486328125 0.29736328125 0.484375 0.28955078125 0.484375 0.27783203125 0.4853515625 0.27197265625 0.486328125 0.26953125 0.4931640625 0.26318359375 0.4951171875 0.259765625 0.4951171875 0.2568359375 0.4892578125 0.2509765625 0.486328125 0.244140625 0.4599609375
13 0.0 0.4755859375 0.017578125 0.458984375 0.0615234375 0.376953125 0.080078125 0.369140625 0.1123046875 0.3642578125 0.150390625 0.3642578125 0.19091796875 0.3701171875 0.2158203125 0.37890625 0.23193359375 0.392578125 0.24267578125 0.42578125 0.24609375 0.453125 0.25146484375 0.458984375 0.25537109375 0.4814453125 0.25732421875 0.5048828125 0.259765625 0.5234375 0.259765625 0.5380859375 0.25927734375 0.5673828125 0.25732421875 0.6083984375 0.255859375 0.6181640625 0.25244140625 0.62890625 0.2490234375 0.634765625 0.23876953125 0.634765625 0.23291015625 0.6337890625 0.23095703125 0.623046875 0.23046875 0.6142578125 0.21875 0.619140625 0.19140625 0.638671875 0.18896484375 0.6787109375 0.18408203125 0.6875 0.177734375 0.697265625 0.17041015625 0.697265625 0.162109375 0.6953125 0.15625 0.6708984375 0.10205078125 0.6787109375 0.05224609375 0.6796875 0.0 0.677734375
13 0.0 0.4755859375 0.017578125 0.458984375 0.0615234375 0.376953125 0.080078125 0.369140625 0.1123046875 0.3642578125 0.150390625 0.3642578125 0.19091796875 0.3701171875 0.2158203125 0.37890625 0.23193359375 0.392578125 0.24267578125 0.42578125 0.24609375 0.453125 0.25146484375 0.458984375 0.25537109375 0.4814453125 0.25732421875 0.5048828125 0.259765625 0.5234375 0.259765625 0.5380859375 0.25927734375 0.5673828125 0.25732421875 0.6083984375 0.255859375 0.6181640625 0.25244140625 0.62890625 0.2490234375 0.634765625 0.23876953125 0.634765625 0.23291015625 0.6337890625 0.23095703125 0.623046875 0.23046875 0.6142578125 0.21875 0.619140625 0.19140625 0.638671875 0.18896484375 0.6787109375 0.18408203125 0.6875 0.177734375 0.697265625 0.17041015625 0.697265625 0.162109375 0.6953125 0.15625 0.6708984375 0.10205078125 0.6787109375 0.05224609375 0.6796875 0.0 0.677734375
13 0.61962890625 0.408203125 0.623046875 0.404296875 0.63720703125 0.404296875 0.63916015625 0.412109375 0.6328125 0.4208984375 0.626953125 0.421875
13 0.3271484375 0.462890625 0.3271484375 0.4765625 0.32763671875 0.4931640625 0.328125 0.5048828125 0.33154296875 0.5068359375 0.3349609375 0.5068359375 0.3369140625 0.5048828125 0.3369140625 0.4970703125 0.3564453125 0.4990234375 0.37060546875 0.4990234375 0.37646484375 0.5009765625 0.37939453125 0.5009765625 0.3798828125 0.5087890625 0.3876953125 0.5087890625 0.39013671875 0.5029296875 0.390625 0.4970703125 0.39697265625 0.49609375 0.39794921875 0.50390625 0.404296875 0.50390625 0.40576171875 0.498046875 0.40625 0.4892578125 0.40625 0.474609375 0.40625 0.45703125 0.40576171875 0.4482421875 0.4033203125 0.439453125 0.3984375 0.4248046875 0.39306640625 0.4150390625 0.3876953125 0.4130859375 0.3759765625 0.412109375 0.36767578125 0.412109375 0.3505859375 0.4130859375 0.3466796875 0.41796875 0.3427734375 0.4287109375 0.33837890625 0.44140625 0.33203125 0.451171875
13 0.60546875 0.4150390625 0.60888671875 0.4091796875 0.61083984375 0.40625 0.6123046875 0.4052734375 0.623046875 0.40625 0.62548828125 0.4072265625 0.626953125 0.4130859375 0.62744140625 0.41796875 0.62841796875 0.421875 0.6259765625 0.4287109375 0.62548828125 0.435546875 0.6240234375 0.435546875 0.623046875 0.4404296875 0.6201171875 0.4404296875 0.6201171875 0.4375 0.61474609375 0.4375
8 0.38232421875 0.013671875 0.38818359375 0.0107421875 0.39453125 0.0087890625 0.40283203125 0.00390625 0.40869140625 0.0078125 0.40966796875 0.0166015625 0.4140625 0.0244140625 0.4140625 0.0400390625 0.4150390625 0.0458984375 0.42236328125 0.041015625 0.43115234375 0.0390625 0.43603515625 0.056640625 0.4326171875 0.07421875 0.4384765625 0.103515625 0.4501953125 0.095703125 0.45703125 0.115234375 0.462890625 0.1298828125 0.462890625 0.1494140625 0.45849609375 0.15234375 0.4619140625 0.1591796875 0.455078125 0.1640625 0.45654296875 0.173828125 0.46337890625 0.1708984375 0.4677734375 0.1533203125 0.482421875 0.142578125 0.4892578125 0.1376953125 0.50048828125 0.140625 0.509765625 0.1298828125 0.51953125 0.1142578125 0.51806640625 0.08984375 0.52294921875 0.0927734375 0.52392578125 0.087890625 0.52783203125 0.0908203125 0.53125 0.0859375 0.5341796875 0.0751953125 0.5380859375 0.083984375 0.54296875 0.080078125 0.5546875 0.072265625 0.55712890625 0.0791015625 0.5615234375 0.0859375 0.5654296875 0.0791015625 0.57080078125 0.08203125 0.5712890625 0.091796875 0.58740234375 0.0869140625 0.583984375 0.0966796875 0.5732421875 0.1044921875 0.578125 0.1181640625 0.5859375 0.1240234375 0.5859375 0.103515625 0.5908203125 0.09765625 0.6044921875 0.103515625 0.61279296875 0.12109375 0.6181640625 0.15234375 0.62890625 0.169921875 0.62890625 0.201171875 0.6259765625 0.2275390625 0.62548828125 0.2568359375 0.61865234375 0.2724609375 0.611328125 0.2958984375 0.6044921875 0.328125 0.60205078125 0.3427734375 0.599609375 0.353515625 0.59912109375 0.373046875 0.5986328125 0.3955078125 0.5986328125 0.416015625 0.59375 0.416015625 0.59375 0.3994140625 0.59375 0.357421875 0.58935546875 0.3447265625 0.58447265625 0.3310546875 0.57763671875 0.328125 0.56640625 0.3330078125 0.5576171875 0.3203125 0.55615234375 0.30859375 0.5498046875 0.30859375 0.54541015625 0.30078125 0.5390625 0.294921875 0.5341796875 0.2890625 0.52978515625 0.2802734375 0.53125 0.2734375 0.53515625 0.2646484375 0.5390625 0.2578125 0.537109375 0.24609375 0.537109375 0.2373046875 0.53955078125 0.2333984375 0.54736328125 0.2490234375 0.5517578125 0.2412109375 0.55126953125 0.234375 0.546875 0.22265625 0.53076171875 0.2236328125 0.513671875 0.2255859375 0.4580078125 0.234375 0.4326171875 0.2353515625 0.42626953125 0.2431640625 0.41650390625 0.2548828125 0.37548828125 0.2333984375 0.375 0.06640625 0.375 0.0615234375 0.3828125 0.060546875 0.38232421875 0.0576171875
13 0.65478515625 0.5751953125 0.654296875 0.5634765625 0.65478515625 0.5390625 0.65478515625 0.498046875 0.6552734375 0.4716796875 0.65869140625 0.4619140625 0.65576171875 0.4521484375 0.65625 0.4482421875 0.662109375 0.443359375 0.6708984375 0.4130859375 0.6787109375 0.4072265625 0.689453125 0.40625 0.71826171875 0.4072265625 0.73046875 0.40625 0.73193359375 0.4033203125 0.73291015625 0.40234375 0.736328125 0.408203125 0.7421875 0.4287109375 0.74609375 0.4443359375 0.74658203125 0.4521484375 0.74951171875 0.4482421875 0.75439453125 0.44921875 0.75732421875 0.4541015625 0.7578125 0.4599609375 0.75537109375 0.4638671875 0.74951171875 0.4638671875 0.7509765625 0.4765625 0.751953125 0.4912109375 0.751953125 0.5068359375 0.75048828125 0.515625 0.7509765625 0.5361328125 0.75146484375 0.546875 0.7509765625 0.560546875 0.75048828125 0.5791015625 0.75048828125 0.5830078125 0.73974609375 0.5830078125 0.73876953125 0.5791015625 0.7392578125 0.5595703125 0.73388671875 0.5576171875 0.72607421875 0.556640625 0.71337890625 0.556640625 0.701171875 0.556640625 0.6962890625 0.5556640625 0.68408203125 0.556640625 0.68212890625 0.560546875 0.6669921875 0.560546875 0.666015625 0.5751953125 0.66552734375 0.578125
13 0.65478515625 0.5751953125 0.654296875 0.5634765625 0.65478515625 0.5390625 0.65478515625 0.498046875 0.6552734375 0.4716796875 0.65869140625 0.4619140625 0.65576171875 0.4521484375 0.65625 0.4482421875 0.662109375 0.443359375 0.6708984375 0.4130859375 0.6787109375 0.4072265625 0.689453125 0.40625 0.71826171875 0.4072265625 0.73046875 0.40625 0.73193359375 0.4033203125 0.73291015625 0.40234375 0.736328125 0.408203125 0.7421875 0.4287109375 0.74609375 0.4443359375 0.74658203125 0.4521484375 0.74951171875 0.4482421875 0.75439453125 0.44921875 0.75732421875 0.4541015625 0.7578125 0.4599609375 0.75537109375 0.4638671875 0.74951171875 0.4638671875 0.7509765625 0.4765625 0.751953125 0.4912109375 0.751953125 0.5068359375 0.75048828125 0.515625 0.7509765625 0.5361328125 0.75146484375 0.546875 0.7509765625 0.560546875 0.75048828125 0.5791015625 0.75048828125 0.5830078125 0.73974609375 0.5830078125 0.73876953125 0.5791015625 0.7392578125 0.5595703125 0.73388671875 0.5576171875 0.72607421875 0.556640625 0.71337890625 0.556640625 0.701171875 0.556640625 0.6962890625 0.5556640625 0.68408203125 0.556640625 0.68212890625 0.560546875 0.6669921875 0.560546875 0.666015625 0.5751953125 0.66552734375 0.578125
13 0.0 0.4755859375 0.017578125 0.458984375 0.0615234375 0.376953125 0.080078125 0.369140625 0.1123046875 0.3642578125 0.150390625 0.3642578125 0.19091796875 0.3701171875 0.2158203125 0.37890625 0.23193359375 0.392578125 0.24267578125 0.42578125 0.24609375 0.453125 0.25146484375 0.458984375 0.25537109375 0.4814453125 0.25732421875 0.5048828125 0.259765625 0.5234375 0.259765625 0.5380859375 0.25927734375 0.5673828125 0.25732421875 0.6083984375 0.255859375 0.6181640625 0.25244140625 0.62890625 0.2490234375 0.634765625 0.23876953125 0.634765625 0.23291015625 0.6337890625 0.23095703125 0.623046875 0.23046875 0.6142578125 0.21875 0.619140625 0.19140625 0.638671875 0.18896484375 0.6787109375 0.18408203125 0.6875 0.177734375 0.697265625 0.17041015625 0.697265625 0.162109375 0.6953125 0.15625 0.6708984375 0.10205078125 0.6787109375 0.05224609375 0.6796875 0.0 0.677734375
13 0.9189453125 0.5390625 0.916015625 0.5341796875 0.91015625 0.5302734375 0.9072265625 0.52734375 0.90625 0.51953125 0.90625 0.5078125 0.90576171875 0.501953125 0.90869140625 0.4912109375 0.9150390625 0.4853515625 0.92529296875 0.4794921875 0.93212890625 0.4765625 0.94580078125 0.4599609375 0.95068359375 0.4541015625 0.95654296875 0.451171875 0.95947265625 0.451171875 0.95947265625 0.484375 0.9599609375 0.5263671875 0.95703125 0.5390625 0.953125 0.54296875 0.94873046875 0.54296875 0.9453125 0.5380859375 0.94287109375 0.5341796875 0.935546875 0.533203125 0.9296875 0.533203125 0.92724609375 0.5380859375 0.92626953125 0.541015625 0.923828125 0.541015625
13 0.4677734375 0.4140625 0.46826171875 0.40625 0.470703125 0.4072265625 0.47119140625 0.41015625 0.47509765625 0.3935546875 0.47705078125 0.3857421875 0.48583984375 0.3837890625 0.49560546875 0.3828125 0.5068359375 0.3828125 0.5205078125 0.3837890625 0.5244140625 0.3857421875 0.525390625 0.392578125 0.52587890625 0.40625 0.5234375 0.41796875 0.49951171875 0.4326171875 0.486328125 0.431640625 0.4814453125 0.4189453125
13 0.43603515625 0.4873046875 0.43603515625 0.4794921875 0.4345703125 0.474609375 0.4345703125 0.4658203125 0.43505859375 0.453125 0.43603515625 0.4453125 0.4384765625 0.443359375 0.43994140625 0.439453125 0.439453125 0.4375 0.43896484375 0.435546875 0.4404296875 0.43359375 0.44189453125 0.4326171875 0.4462890625 0.42578125 0.451171875 0.416015625 0.45703125 0.4130859375 0.4619140625 0.412109375 0.46826171875 0.4130859375 0.47705078125 0.4130859375 0.48583984375 0.416015625 0.48876953125 0.42578125 0.49365234375 0.435546875 0.47998046875 0.4697265625 0.47802734375 0.474609375 0.47802734375 0.4873046875 0.47412109375 0.4873046875 0.47216796875 0.486328125 0.4716796875 0.4814453125 0.46044921875 0.4814453125 0.4599609375 0.4853515625 0.455078125 0.4853515625 0.45458984375 0.4814453125 0.4423828125 0.48046875 0.44189453125 0.486328125
13 0.50439453125 0.42578125 0.50927734375 0.416015625 0.51416015625 0.4072265625 0.521484375 0.4072265625 0.53369140625 0.4072265625 0.541015625 0.4072265625 0.5478515625 0.41015625 0.55126953125 0.423828125 0.533203125 0.43359375
13 0.58251953125 0.4287109375 0.587890625 0.416015625 0.59033203125 0.412109375 0.5947265625 0.41015625 0.6015625 0.41015625 0.6083984375 0.4140625 0.611328125 0.41796875 0.61328125 0.423828125 0.61474609375 0.4296875 0.615234375 0.4404296875 0.615234375 0.4482421875 0.61474609375 0.4541015625 0.61279296875 0.4541015625 0.61083984375 0.453125 0.61083984375 0.451171875 0.60595703125 0.451171875 0.60498046875 0.4560546875 0.6015625 0.4560546875 0.60107421875 0.453125 0.59326171875 0.453125 0.591796875 0.4560546875 0.5908203125 0.4560546875
13 0.552734375 0.4248046875 0.55859375 0.41796875 0.56396484375 0.4169921875 0.576171875 0.4169921875 0.58154296875 0.419921875 0.58447265625 0.4248046875 0.5869140625 0.4326171875 0.5888671875 0.4423828125 0.58935546875 0.4501953125 0.59033203125 0.458984375 0.58984375 0.4765625 0.58935546875 0.4794921875 0.5869140625 0.48046875 0.5849609375 0.478515625 0.5849609375 0.474609375 0.5830078125 0.474609375
13 0.5224609375 0.5146484375 0.5224609375 0.5009765625 0.521484375 0.4892578125 0.521484375 0.4794921875 0.52197265625 0.4736328125 0.52294921875 0.4560546875 0.525390625 0.44921875 0.52734375 0.4404296875 0.53125 0.427734375 0.53515625 0.423828125 0.5380859375 0.4208984375 0.5458984375 0.419921875 0.5517578125 0.4189453125 0.5576171875 0.4208984375 0.5615234375 0.4208984375 0.56396484375 0.4208984375 0.56787109375 0.421875 0.5712890625 0.4248046875 0.57568359375 0.435546875 0.57861328125 0.4482421875 0.5791015625 0.4501953125 0.58203125 0.4501953125 0.58251953125 0.453125 0.5810546875 0.4541015625 0.5810546875 0.458984375 0.58203125 0.4609375 0.5830078125 0.4677734375 0.5830078125 0.486328125 0.5830078125 0.509765625 0.58203125 0.5126953125 0.57861328125 0.5126953125 0.57763671875 0.515625 0.5771484375 0.5185546875 0.57373046875 0.5185546875 0.57177734375 0.5166015625 0.5712890625 0.5078125 0.56884765625 0.5048828125 0.55859375 0.5048828125 0.54541015625 0.50390625 0.5380859375 0.50390625 0.5380859375 0.51171875 0.53369140625 0.5126953125 0.5322265625 0.51171875 0.5322265625 0.50390625 0.529296875 0.50390625 0.52880859375 0.5146484375 0.52490234375 0.5146484375
13 0.0 0.4755859375 0.017578125 0.458984375 0.0615234375 0.376953125 0.080078125 0.369140625 0.1123046875 0.3642578125 0.150390625 0.3642578125 0.19091796875 0.3701171875 0.2158203125 0.37890625 0.23193359375 0.392578125 0.24267578125 0.42578125 0.24609375 0.453125 0.25146484375 0.458984375 0.25537109375 0.4814453125 0.25732421875 0.5048828125 0.259765625 0.5234375 0.259765625 0.5380859375 0.25927734375 0.5673828125 0.25732421875 0.6083984375 0.255859375 0.6181640625 0.25244140625 0.62890625 0.2490234375 0.634765625 0.23876953125 0.634765625 0.23291015625 0.6337890625 0.23095703125 0.623046875 0.23046875 0.6142578125 0.21875 0.619140625 0.19140625 0.638671875 0.18896484375 0.6787109375 0.18408203125 0.6875 0.177734375 0.697265625 0.17041015625 0.697265625 0.162109375 0.6953125 0.15625 0.6708984375 0.10205078125 0.6787109375 0.05224609375 0.6796875 0.0 0.677734375
13 0.23095703125 0.4248046875 0.244140625 0.4189453125 0.24951171875 0.4150390625 0.25634765625 0.412109375 0.263671875 0.412109375 0.275390625 0.412109375 0.29296875 0.4130859375 0.29541015625 0.4140625 0.298828125 0.416015625 0.30322265625 0.42578125 0.30859375 0.4384765625 0.3095703125 0.447265625 0.31005859375 0.453125 0.30908203125 0.458984375 0.31005859375 0.46484375 0.3095703125 0.4736328125 0.30908203125 0.484375 0.3076171875 0.490234375 0.30419921875 0.4931640625 0.30126953125 0.4931640625 0.29931640625 0.4912109375 0.2978515625 0.486328125 0.29736328125 0.484375 0.28955078125 0.484375 0.27783203125 0.4853515625 0.27197265625 0.486328125 0.26953125 0.4931640625 0.26318359375 0.4951171875 0.259765625 0.4951171875 0.2568359375 0.4892578125 0.2509765625 0.486328125 0.244140625 0.4599609375
13 0.0 0.4755859375 0.017578125 0.458984375 0.0615234375 0.376953125 0.080078125 0.369140625 0.1123046875 0.3642578125 0.150390625 0.3642578125 0.19091796875 0.3701171875 0.2158203125 0.37890625 0.23193359375 0.392578125 0.24267578125 0.42578125 0.24609375 0.453125 0.25146484375 0.458984375 0.25537109375 0.4814453125 0.25732421875 0.5048828125 0.259765625 0.5234375 0.259765625 0.5380859375 0.25927734375 0.5673828125 0.25732421875 0.6083984375 0.255859375 0.6181640625 0.25244140625 0.62890625 0.2490234375 0.634765625 0.23876953125 0.634765625 0.23291015625 0.6337890625 0.23095703125 0.623046875 0.23046875 0.6142578125 0.21875 0.619140625 0.19140625 0.638671875 0.18896484375 0.6787109375 0.18408203125 0.6875 0.177734375 0.697265625 0.17041015625 0.697265625 0.162109375 0.6953125 0.15625 0.6708984375 0.10205078125 0.6787109375 0.05224609375 0.6796875 0.0 0.677734375
13 0.0 0.4755859375 0.017578125 0.458984375 0.0615234375 0.376953125 0.080078125 0.369140625 0.1123046875 0.3642578125 0.150390625 0.3642578125 0.19091796875 0.3701171875 0.2158203125 0.37890625 0.23193359375 0.392578125 0.24267578125 0.42578125 0.24609375 0.453125 0.25146484375 0.458984375 0.25537109375 0.4814453125 0.25732421875 0.5048828125 0.259765625 0.5234375 0.259765625 0.5380859375 0.25927734375 0.5673828125 0.25732421875 0.6083984375 0.255859375 0.6181640625 0.25244140625 0.62890625 0.2490234375 0.634765625 0.23876953125 0.634765625 0.23291015625 0.6337890625 0.23095703125 0.623046875 0.23046875 0.6142578125 0.21875 0.619140625 0.19140625 0.638671875 0.18896484375 0.6787109375 0.18408203125 0.6875 0.177734375 0.697265625 0.17041015625 0.697265625 0.162109375 0.6953125 0.15625 0.6708984375 0.10205078125 0.6787109375 0.05224609375 0.6796875 0.0 0.677734375
13 0.0 0.4755859375 0.017578125 0.458984375 0.0615234375 0.376953125 0.080078125 0.369140625 0.1123046875 0.3642578125 0.150390625 0.3642578125 0.19091796875 0.3701171875 0.2158203125 0.37890625 0.23193359375 0.392578125 0.24267578125 0.42578125 0.24609375 0.453125 0.25146484375 0.458984375 0.25537109375 0.4814453125 0.25732421875 0.5048828125 0.259765625 0.5234375 0.259765625 0.5380859375 0.25927734375 0.5673828125 0.25732421875 0.6083984375 0.255859375 0.6181640625 0.25244140625 0.62890625 0.2490234375 0.634765625 0.23876953125 0.634765625 0.23291015625 0.6337890625 0.23095703125 0.623046875 0.23046875 0.6142578125 0.21875 0.619140625 0.19140625 0.638671875 0.18896484375 0.6787109375 0.18408203125 0.6875 0.177734375 0.697265625 0.17041015625 0.697265625 0.162109375 0.6953125 0.15625 0.6708984375 0.10205078125 0.6787109375 0.05224609375 0.6796875 0.0 0.677734375
13 0.0 0.4755859375 0.017578125 0.458984375 0.0615234375 0.376953125 0.080078125 0.369140625 0.1123046875 0.3642578125 0.150390625 0.3642578125 0.19091796875 0.3701171875 0.2158203125 0.37890625 0.23193359375 0.392578125 0.24267578125 0.42578125 0.24609375 0.453125 0.25146484375 0.458984375 0.25537109375 0.4814453125 0.25732421875 0.5048828125 0.259765625 0.5234375 0.259765625 0.5380859375 0.25927734375 0.5673828125 0.25732421875 0.6083984375 0.255859375 0.6181640625 0.25244140625 0.62890625 0.2490234375 0.634765625 0.23876953125 0.634765625 0.23291015625 0.6337890625 0.23095703125 0.623046875 0.23046875 0.6142578125 0.21875 0.619140625 0.19140625 0.638671875 0.18896484375 0.6787109375 0.18408203125 0.6875 0.177734375 0.697265625 0.17041015625 0.697265625 0.162109375 0.6953125 0.15625 0.6708984375 0.10205078125 0.6787109375 0.05224609375 0.6796875 0.0 0.677734375
6 0.95458984375 0.2685546875 0.9306640625 0.26171875 0.93603515625 0.33203125 0.9462890625 0.34765625 0.9560546875 0.3447265625 0.95849609375 0.345703125 0.95947265625 0.2822265625
13 0.0 0.4755859375 0.017578125 0.458984375 0.0615234375 0.376953125 0.080078125 0.369140625 0.1123046875 0.3642578125 0.150390625 0.3642578125 0.19091796875 0.3701171875 0.2158203125 0.37890625 0.23193359375 0.392578125 0.24267578125 0.42578125 0.24609375 0.453125 0.25146484375 0.458984375 0.25537109375 0.4814453125 0.25732421875 0.5048828125 0.259765625 0.5234375 0.259765625 0.5380859375 0.25927734375 0.5673828125 0.25732421875 0.6083984375 0.255859375 0.6181640625 0.25244140625 0.62890625 0.2490234375 0.634765625 0.23876953125 0.634765625 0.23291015625 0.6337890625 0.23095703125 0.623046875 0.23046875 0.6142578125 0.21875 0.619140625 0.19140625 0.638671875 0.18896484375 0.6787109375 0.18408203125 0.6875 0.177734375 0.697265625 0.17041015625 0.697265625 0.162109375 0.6953125 0.15625 0.6708984375 0.10205078125 0.6787109375 0.05224609375 0.6796875 0.0 0.677734375
13 0.65478515625 0.5751953125 0.654296875 0.5634765625 0.65478515625 0.5390625 0.65478515625 0.498046875 0.6552734375 0.4716796875 0.65869140625 0.4619140625 0.65576171875 0.4521484375 0.65625 0.4482421875 0.662109375 0.443359375 0.6708984375 0.4130859375 0.6787109375 0.4072265625 0.689453125 0.40625 0.71826171875 0.4072265625 0.73046875 0.40625 0.73193359375 0.4033203125 0.73291015625 0.40234375 0.736328125 0.408203125 0.7421875 0.4287109375 0.74609375 0.4443359375 0.74658203125 0.4521484375 0.74951171875 0.4482421875 0.75439453125 0.44921875 0.75732421875 0.4541015625 0.7578125 0.4599609375 0.75537109375 0.4638671875 0.74951171875 0.4638671875 0.7509765625 0.4765625 0.751953125 0.4912109375 0.751953125 0.5068359375 0.75048828125 0.515625 0.7509765625 0.5361328125 0.75146484375 0.546875 0.7509765625 0.560546875 0.75048828125 0.5791015625 0.75048828125 0.5830078125 0.73974609375 0.5830078125 0.73876953125 0.5791015625 0.7392578125 0.5595703125 0.73388671875 0.5576171875 0.72607421875 0.556640625 0.71337890625 0.556640625 0.701171875 0.556640625 0.6962890625 0.5556640625 0.68408203125 0.556640625 0.68212890625 0.560546875 0.6669921875 0.560546875 0.666015625 0.5751953125 0.66552734375 0.578125
13 0.65478515625 0.5751953125 0.654296875 0.5634765625 0.65478515625 0.5390625 0.65478515625 0.498046875 0.6552734375 0.4716796875 0.65869140625 0.4619140625 0.65576171875 0.4521484375 0.65625 0.4482421875 0.662109375 0.443359375 0.6708984375 0.4130859375 0.6787109375 0.4072265625 0.689453125 0.40625 0.71826171875 0.4072265625 0.73046875 0.40625 0.73193359375 0.4033203125 0.73291015625 0.40234375 0.736328125 0.408203125 0.7421875 0.4287109375 0.74609375 0.4443359375 0.74658203125 0.4521484375 0.74951171875 0.4482421875 0.75439453125 0.44921875 0.75732421875 0.4541015625 0.7578125 0.4599609375 0.75537109375 0.4638671875 0.74951171875 0.4638671875 0.7509765625 0.4765625 0.751953125 0.4912109375 0.751953125 0.5068359375 0.75048828125 0.515625 0.7509765625 0.5361328125 0.75146484375 0.546875 0.7509765625 0.560546875 0.75048828125 0.5791015625 0.75048828125 0.5830078125 0.73974609375 0.5830078125 0.73876953125 0.5791015625 0.7392578125 0.5595703125 0.73388671875 0.5576171875 0.72607421875 0.556640625 0.71337890625 0.556640625 0.701171875 0.556640625 0.6962890625 0.5556640625 0.68408203125 0.556640625 0.68212890625 0.560546875 0.6669921875 0.560546875 0.666015625 0.5751953125 0.66552734375 0.578125
13 0.63232421875 0.384765625 0.6298828125 0.390625 0.62744140625 0.392578125 0.6240234375 0.39453125 0.62255859375 0.4033203125 0.625 0.40625 0.63916015625 0.4072265625 0.64404296875 0.4072265625 0.6494140625 0.3974609375 0.64892578125 0.388671875 0.64697265625 0.384765625 0.6416015625 0.3837890625 0.634765625 0.3837890625
13 0.65478515625 0.5751953125 0.654296875 0.5634765625 0.65478515625 0.5390625 0.65478515625 0.498046875 0.6552734375 0.4716796875 0.65869140625 0.4619140625 0.65576171875 0.4521484375 0.65625 0.4482421875 0.662109375 0.443359375 0.6708984375 0.4130859375 0.6787109375 0.4072265625 0.689453125 0.40625 0.71826171875 0.4072265625 0.73046875 0.40625 0.73193359375 0.4033203125 0.73291015625 0.40234375 0.736328125 0.408203125 0.7421875 0.4287109375 0.74609375 0.4443359375 0.74658203125 0.4521484375 0.74951171875 0.4482421875 0.75439453125 0.44921875 0.75732421875 0.4541015625 0.7578125 0.4599609375 0.75537109375 0.4638671875 0.74951171875 0.4638671875 0.7509765625 0.4765625 0.751953125 0.4912109375 0.751953125 0.5068359375 0.75048828125 0.515625 0.7509765625 0.5361328125 0.75146484375 0.546875 0.7509765625 0.560546875 0.75048828125 0.5791015625 0.75048828125 0.5830078125 0.73974609375 0.5830078125 0.73876953125 0.5791015625 0.7392578125 0.5595703125 0.73388671875 0.5576171875 0.72607421875 0.556640625 0.71337890625 0.556640625 0.701171875 0.556640625 0.6962890625 0.5556640625 0.68408203125 0.556640625 0.68212890625 0.560546875 0.6669921875 0.560546875 0.666015625 0.5751953125 0.66552734375 0.578125
13 0.6376953125 0.4130859375 0.64306640625 0.40234375 0.64501953125 0.400390625 0.65478515625 0.3994140625 0.6591796875 0.3994140625 0.66162109375 0.41015625 0.65625 0.4306640625 0.65380859375 0.4296875
13 0.6259765625 0.4423828125 0.6259765625 0.427734375 0.626953125 0.4248046875 0.62548828125 0.423828125 0.6259765625 0.421875 0.62841796875 0.4208984375 0.630859375 0.41796875 0.6328125 0.4091796875 0.6416015625 0.4091796875 0.6484375 0.41015625 0.6513671875 0.41796875 0.6533203125 0.421875 0.654296875 0.427734375 0.654296875 0.4375 0.654296875 0.4423828125 0.65087890625 0.4423828125 0.65087890625 0.439453125 0.64892578125 0.439453125 0.64892578125 0.4423828125 0.64697265625 0.443359375 0.64501953125 0.4423828125 0.64453125 0.4404296875 0.6298828125 0.4404296875 0.62939453125 0.443359375
9 0.90673828125 0.5244140625 0.89208984375 0.5244140625 0.86962890625 0.5244140625 0.84716796875 0.5244140625 0.845703125 0.5087890625 0.81689453125 0.501953125 0.7724609375 0.4912109375 0.77294921875 0.4765625 0.8046875 0.4814453125 0.84375 0.4921875 0.9091796875 0.4970703125
13 0.66455078125 0.3974609375 0.6669921875 0.39453125 0.6796875 0.39453125 0.68115234375 0.400390625 0.6728515625 0.404296875 0.6650390625 0.404296875
13 0.67431640625 0.404296875 0.67822265625 0.3994140625 0.68798828125 0.3974609375 0.68994140625 0.404296875 0.6923828125 0.404296875 0.6923828125 0.408203125 0.6767578125 0.4169921875
13 0.65673828125 0.43359375 0.65673828125 0.421875 0.6572265625 0.4150390625 0.658203125 0.4140625 0.65673828125 0.412109375 0.65673828125 0.41015625 0.65869140625 0.41015625 0.6591796875 0.412109375 0.6611328125 0.404296875 0.6640625 0.4013671875 0.67529296875 0.40234375 0.677734375 0.4033203125 0.6787109375 0.41015625 0.66796875 0.4326171875 0.66455078125 0.4306640625 0.66455078125 0.43359375 0.66162109375 0.43359375 0.66162109375 0.431640625 0.65966796875 0.431640625 0.65966796875 0.435546875
13 0.5224609375 0.5146484375 0.5224609375 0.5009765625 0.521484375 0.4892578125 0.521484375 0.4794921875 0.52197265625 0.4736328125 0.52294921875 0.4560546875 0.525390625 0.44921875 0.52734375 0.4404296875 0.53125 0.427734375 0.53515625 0.423828125 0.5380859375 0.4208984375 0.5458984375 0.419921875 0.5517578125 0.4189453125 0.5576171875 0.4208984375 0.5615234375 0.4208984375 0.56396484375 0.4208984375 0.56787109375 0.421875 0.5712890625 0.4248046875 0.57568359375 0.435546875 0.57861328125 0.4482421875 0.5791015625 0.4501953125 0.58203125 0.4501953125 0.58251953125 0.453125 0.5810546875 0.4541015625 0.5810546875 0.458984375 0.58203125 0.4609375 0.5830078125 0.4677734375 0.5830078125 0.486328125 0.5830078125 0.509765625 0.58203125 0.5126953125 0.57861328125 0.5126953125 0.57763671875 0.515625 0.5771484375 0.5185546875 0.57373046875 0.5185546875 0.57177734375 0.5166015625 0.5712890625 0.5078125 0.56884765625 0.5048828125 0.55859375 0.5048828125 0.54541015625 0.50390625 0.5380859375 0.50390625 0.5380859375 0.51171875 0.53369140625 0.5126953125 0.5322265625 0.51171875 0.5322265625 0.50390625 0.529296875 0.50390625 0.52880859375 0.5146484375 0.52490234375 0.5146484375
8 0.63525390625 0.4052734375 0.6357421875 0.3798828125 0.6357421875 0.359375 0.6357421875 0.35546875 0.62744140625 0.34765625 0.62109375 0.3369140625 0.61474609375 0.3427734375 0.60205078125 0.2890625 0.62841796875 0.2177734375 0.63134765625 0.197265625 0.62109375 0.166015625 0.642578125 0.150390625 0.63232421875 0.138671875 0.623046875 0.1337890625 0.62890625 0.1240234375 0.62451171875 0.115234375 0.61865234375 0.1142578125 0.62451171875 0.1083984375 0.626953125 0.10546875 0.61767578125 0.09375 0.61865234375 0.0859375 0.6240234375 0.0830078125 0.630859375 0.07421875 0.62939453125 0.068359375 0.63330078125 0.068359375 0.64111328125 0.0703125 0.64453125 0.0703125 0.646484375 0.0634765625 0.63818359375 0.0498046875 0.634765625 0.04296875 0.63232421875 0.0263671875 0.630859375 0.0146484375 0.64013671875 0.0263671875 0.64892578125 0.03515625 0.6533203125 0.0390625 0.6484375 0.01953125 0.642578125 0.0 0.955078125 0.0 0.95458984375 0.162109375 0.95068359375 0.1630859375 0.95068359375 0.2001953125 0.951171875 0.2158203125 0.951171875 0.2216796875 0.9560546875 0.22265625 0.95703125 0.2451171875 0.95166015625 0.25 0.94970703125 0.26171875 0.9482421875 0.2734375 0.94775390625 0.2822265625 0.94384765625 0.283203125 0.94384765625 0.2880859375 0.9423828125 0.2958984375 0.947265625 0.30078125 0.9482421875 0.3095703125 0.9482421875 0.31640625 0.94677734375 0.31640625 0.9453125 0.3193359375 0.94580078125 0.3232421875 0.94775390625 0.322265625 0.94775390625 0.3330078125 0.9482421875 0.3466796875 0.95263671875 0.3447265625 0.95263671875 0.33203125 0.95751953125 0.34765625 0.95703125 0.3837890625 0.958984375 0.458984375 0.9306640625 0.484375 0.9169921875 0.49609375 0.89794921875 0.5107421875 0.89208984375 0.5107421875 0.88427734375 0.5087890625 0.81787109375 0.4921875 0.7861328125 0.4833984375 0.76025390625 0.4697265625 0.7490234375 0.4267578125 0.74365234375 0.421875 0.73828125 0.423828125 0.73681640625 0.412109375 0.74462890625 0.408203125 0.74658203125 0.3798828125 0.716796875 0.34375 0.7109375 0.3251953125 0.71484375 0.3134765625 0.71337890625 0.3056640625 0.7109375 0.306640625 0.70654296875 0.31640625 0.70751953125 0.333984375 0.7060546875 0.3447265625 0.70654296875 0.345703125 0.70654296875 0.3525390625 0.7021484375 0.357421875 0.7001953125 0.3662109375 0.69873046875 0.3759765625 0.69677734375 0.365234375 0.69482421875 0.3603515625 0.69140625 0.3603515625 0.68896484375 0.359375 0.68603515625 0.3603515625 0.685546875 0.359375 0.6826171875 0.3642578125 0.68310546875 0.4013671875 0.6806640625 0.400390625 0.6806640625 0.3662109375 0.67822265625 0.3681640625 0.6767578125 0.365234375 0.67529296875 0.3603515625 0.67724609375 0.3583984375 0.6767578125 0.3544921875 0.6728515625 0.3525390625 0.67138671875 0.349609375 0.66845703125 0.34765625 0.6669921875 0.341796875 0.66259765625 0.3349609375 0.6572265625 0.3349609375 0.6494140625 0.353515625 0.64501953125 0.3671875 0.64404296875 0.388671875 0.64404296875 0.4072265625 0.64208984375 0.4072265625 0.6416015625 0.396484375 0.6416015625 0.376953125 0.64111328125 0.3505859375 0.63916015625 0.3583984375 0.63818359375 0.4072265625
13 0.5224609375 0.5146484375 0.5224609375 0.5009765625 0.521484375 0.4892578125 0.521484375 0.4794921875 0.52197265625 0.4736328125 0.52294921875 0.4560546875 0.525390625 0.44921875 0.52734375 0.4404296875 0.53125 0.427734375 0.53515625 0.423828125 0.5380859375 0.4208984375 0.5458984375 0.419921875 0.5517578125 0.4189453125 0.5576171875 0.4208984375 0.5615234375 0.4208984375 0.56396484375 0.4208984375 0.56787109375 0.421875 0.5712890625 0.4248046875 0.57568359375 0.435546875 0.57861328125 0.4482421875 0.5791015625 0.4501953125 0.58203125 0.4501953125 0.58251953125 0.453125 0.5810546875 0.4541015625 0.5810546875 0.458984375 0.58203125 0.4609375 0.5830078125 0.4677734375 0.5830078125 0.486328125 0.5830078125 0.509765625 0.58203125 0.5126953125 0.57861328125 0.5126953125 0.57763671875 0.515625 0.5771484375 0.5185546875 0.57373046875 0.5185546875 0.57177734375 0.5166015625 0.5712890625 0.5078125 0.56884765625 0.5048828125 0.55859375 0.5048828125 0.54541015625 0.50390625 0.5380859375 0.50390625 0.5380859375 0.51171875 0.53369140625 0.5126953125 0.5322265625 0.51171875 0.5322265625 0.50390625 0.529296875 0.50390625 0.52880859375 0.5146484375 0.52490234375 0.5146484375
13 0.65478515625 0.5751953125 0.654296875 0.5634765625 0.65478515625 0.5390625 0.65478515625 0.498046875 0.6552734375 0.4716796875 0.65869140625 0.4619140625 0.65576171875 0.4521484375 0.65625 0.4482421875 0.662109375 0.443359375 0.6708984375 0.4130859375 0.6787109375 0.4072265625 0.689453125 0.40625 0.71826171875 0.4072265625 0.73046875 0.40625 0.73193359375 0.4033203125 0.73291015625 0.40234375 0.736328125 0.408203125 0.7421875 0.4287109375 0.74609375 0.4443359375 0.74658203125 0.4521484375 0.74951171875 0.4482421875 0.75439453125 0.44921875 0.75732421875 0.4541015625 0.7578125 0.4599609375 0.75537109375 0.4638671875 0.74951171875 0.4638671875 0.7509765625 0.4765625 0.751953125 0.4912109375 0.751953125 0.5068359375 0.75048828125 0.515625 0.7509765625 0.5361328125 0.75146484375 0.546875 0.7509765625 0.560546875 0.75048828125 0.5791015625 0.75048828125 0.5830078125 0.73974609375 0.5830078125 0.73876953125 0.5791015625 0.7392578125 0.5595703125 0.73388671875 0.5576171875 0.72607421875 0.556640625 0.71337890625 0.556640625 0.701171875 0.556640625 0.6962890625 0.5556640625 0.68408203125 0.556640625 0.68212890625 0.560546875 0.6669921875 0.560546875 0.666015625 0.5751953125 0.66552734375 0.578125
8 0.0 0.0 0.00048828125 0.0546875 0.0224609375 0.0751953125 0.01953125 0.0830078125 0.02392578125 0.0859375 0.02783203125 0.083984375 0.03369140625 0.08984375 0.033203125 0.10546875 0.0224609375 0.10546875 0.0126953125 0.09375 0.0 0.1044921875 0.0 0.3427734375 0.01611328125 0.3466796875 0.025390625 0.3603515625 0.02734375 0.392578125 0.07666015625 0.4033203125 0.26123046875 0.41015625 0.259765625 0.3623046875 0.259765625 0.34765625 0.2578125 0.328125 0.24658203125 0.3193359375 0.2578125 0.31640625 0.263671875 0.318359375 0.26708984375 0.3095703125 0.271484375 0.30078125 0.2626953125 0.2958984375 0.25732421875 0.2890625 0.255859375 0.28125 0.2509765625 0.2763671875 0.240234375 0.28125 0.24267578125 0.265625 0.23974609375 0.2626953125 0.24365234375 0.2529296875 0.2451171875 0.2587890625 0.24658203125 0.25390625 0.2509765625 0.2548828125 0.25341796875 0.2568359375 0.25439453125 0.259765625 0.255859375 0.259765625 0.255859375 0.2548828125 0.25830078125 0.25390625 0.2626953125 0.25390625 0.259765625 0.2451171875 0.26171875 0.2421875 0.265625 0.2490234375 0.26416015625 0.2568359375 0.263671875 0.2724609375 0.27001953125 0.2841796875 0.2822265625 0.291015625 0.29345703125 0.291015625 0.29736328125 0.275390625 0.2958984375 0.2646484375 0.296875 0.2509765625 0.30029296875 0.2470703125 0.3037109375 0.263671875 0.31005859375 0.2705078125 0.31005859375 0.271484375 0.3134765625 0.2822265625 0.31884765625 0.275390625 0.3154296875 0.26171875 0.31494140625 0.2548828125 0.31591796875 0.25 0.31884765625 0.251953125 0.31884765625 0.2587890625 0.3212890625 0.2587890625 0.3212890625 0.248046875 0.32568359375 0.2392578125 0.3251953125 0.224609375 0.32080078125 0.2158203125 0.32373046875 0.20703125 0.31591796875 0.1982421875 0.3134765625 0.171875 0.3037109375 0.162109375 0.322265625 0.140625 0.31884765625 0.1259765625 0.30615234375 0.091796875 0.291015625 0.1044921875 0.28515625 0.1044921875 0.27734375 0.087890625 0.26123046875 0.08203125 0.25634765625 0.068359375 0.24951171875 0.0595703125 0.26171875 0.056640625 0.267578125 0.05078125 0.27294921875 0.0498046875 0.2734375 0.0712890625 0.279296875 0.0810546875 0.2890625 0.0927734375 0.294921875 0.0966796875 0.29541015625 0.0966796875 0.29345703125 0.08984375 0.29052734375 0.076171875 0.29541015625 0.0693359375 0.302734375 0.0634765625 0.3115234375 0.08203125 0.31689453125 0.091796875 0.31982421875 0.08984375 0.31640625 0.064453125 0.31201171875 0.048828125 0.31787109375 0.044921875 0.326171875 0.0517578125 0.32373046875 0.0283203125 0.3212890625 0.0146484375 0.3310546875 0.0
13 0.23095703125 0.4248046875 0.244140625 0.4189453125 0.24951171875 0.4150390625 0.25634765625 0.412109375 0.263671875 0.412109375 0.275390625 0.412109375 0.29296875 0.4130859375 0.29541015625 0.4140625 0.298828125 0.416015625 0.30322265625 0.42578125 0.30859375 0.4384765625 0.3095703125 0.447265625 0.31005859375 0.453125 0.30908203125 0.458984375 0.31005859375 0.46484375 0.3095703125 0.4736328125 0.30908203125 0.484375 0.3076171875 0.490234375 0.30419921875 0.4931640625 0.30126953125 0.4931640625 0.29931640625 0.4912109375 0.2978515625 0.486328125 0.29736328125 0.484375 0.28955078125 0.484375 0.27783203125 0.4853515625 0.27197265625 0.486328125 0.26953125 0.4931640625 0.26318359375 0.4951171875 0.259765625 0.4951171875 0.2568359375 0.4892578125 0.2509765625 0.486328125 0.244140625 0.4599609375
13 0.0 0.4755859375 0.017578125 0.458984375 0.0615234375 0.376953125 0.080078125 0.369140625 0.1123046875 0.3642578125 0.150390625 0.3642578125 0.19091796875 0.3701171875 0.2158203125 0.37890625 0.23193359375 0.392578125 0.24267578125 0.42578125 0.24609375 0.453125 0.25146484375 0.458984375 0.25537109375 0.4814453125 0.25732421875 0.5048828125 0.259765625 0.5234375 0.259765625 0.5380859375 0.25927734375 0.5673828125 0.25732421875 0.6083984375 0.255859375 0.6181640625 0.25244140625 0.62890625 0.2490234375 0.634765625 0.23876953125 0.634765625 0.23291015625 0.6337890625 0.23095703125 0.623046875 0.23046875 0.6142578125 0.21875 0.619140625 0.19140625 0.638671875 0.18896484375 0.6787109375 0.18408203125 0.6875 0.177734375 0.697265625 0.17041015625 0.697265625 0.162109375 0.6953125 0.15625 0.6708984375 0.10205078125 0.6787109375 0.05224609375 0.6796875 0.0 0.677734375
13 0.9189453125 0.5390625 0.916015625 0.5341796875 0.91015625 0.5302734375 0.9072265625 0.52734375 0.90625 0.51953125 0.90625 0.5078125 0.90576171875 0.501953125 0.90869140625 0.4912109375 0.9150390625 0.4853515625 0.92529296875 0.4794921875 0.93212890625 0.4765625 0.94580078125 0.4599609375 0.95068359375 0.4541015625 0.95654296875 0.451171875 0.95947265625 0.451171875 0.95947265625 0.484375 0.9599609375 0.5263671875 0.95703125 0.5390625 0.953125 0.54296875 0.94873046875 0.54296875 0.9453125 0.5380859375 0.94287109375 0.5341796875 0.935546875 0.533203125 0.9296875 0.533203125 0.92724609375 0.5380859375 0.92626953125 0.541015625 0.923828125 0.541015625
9 0.9189453125 0.5595703125 0.93798828125 0.546875 0.953125 0.541015625 0.958984375 0.533203125 0.96044921875 0.568359375
1 0.82080078125 0.5966796875 0.99951171875 0.693359375 0.99951171875 0.5927734375 0.9609375 0.57421875 0.9609375 0.5615234375 0.9287109375 0.5595703125 0.908203125 0.5595703125 0.861328125 0.564453125 0.83447265625 0.5673828125 0.8232421875 0.572265625 0.81689453125 0.5791015625 0.8154296875 0.5849609375
13 0.43603515625 0.4873046875 0.43603515625 0.4794921875 0.4345703125 0.474609375 0.4345703125 0.4658203125 0.4326171875 0.4599609375 0.43212890625 0.4541015625 0.43408203125 0.4482421875 0.43603515625 0.4453125 0.4384765625 0.443359375 0.43994140625 0.439453125 0.439453125 0.4375 0.43896484375 0.435546875 0.4404296875 0.43359375 0.44189453125 0.4326171875 0.4462890625 0.42578125 0.451171875 0.416015625 0.45703125 0.4130859375 0.4619140625 0.412109375 0.46826171875 0.4130859375 0.47705078125 0.4130859375 0.48583984375 0.416015625 0.48876953125 0.42578125 0.49365234375 0.435546875 0.48486328125 0.47265625 0.4794921875 0.4736328125 0.47802734375 0.4873046875 0.47412109375 0.4873046875 0.47216796875 0.486328125 0.4716796875 0.4814453125 0.46044921875 0.4814453125 0.4599609375 0.4853515625 0.455078125 0.4853515625 0.45458984375 0.4814453125 0.4423828125 0.48046875 0.44189453125 0.486328125
13 0.65478515625 0.5751953125 0.654296875 0.5634765625 0.65478515625 0.5390625 0.65478515625 0.498046875 0.6552734375 0.4716796875 0.65869140625 0.4619140625 0.65576171875 0.4521484375 0.65625 0.4482421875 0.662109375 0.443359375 0.6708984375 0.4130859375 0.6787109375 0.4072265625 0.689453125 0.40625 0.71826171875 0.4072265625 0.73046875 0.40625 0.73193359375 0.4033203125 0.73291015625 0.40234375 0.736328125 0.408203125 0.7421875 0.4287109375 0.74609375 0.4443359375 0.74658203125 0.4521484375 0.74951171875 0.4482421875 0.75439453125 0.44921875 0.75732421875 0.4541015625 0.7578125 0.4599609375 0.75537109375 0.4638671875 0.74951171875 0.4638671875 0.7509765625 0.4765625 0.751953125 0.4912109375 0.751953125 0.5068359375 0.75048828125 0.515625 0.7509765625 0.5361328125 0.75146484375 0.546875 0.7509765625 0.560546875 0.75048828125 0.5791015625 0.75048828125 0.5830078125 0.73974609375 0.5830078125 0.73876953125 0.5791015625 0.7392578125 0.5595703125 0.73388671875 0.5576171875 0.72607421875 0.556640625 0.71337890625 0.556640625 0.701171875 0.556640625 0.6962890625 0.5556640625 0.68408203125 0.556640625 0.68212890625 0.560546875 0.6669921875 0.560546875 0.666015625 0.5751953125 0.66552734375 0.578125
7 0.720703125 0.2890625 0.720703125 0.373046875 0.75341796875 0.373046875 0.75341796875 0.28515625
7 0.95849609375 0.2548828125 0.9580078125 0.2451171875 0.9521484375 0.2431640625 0.94775390625 0.2587890625 0.94970703125 0.28515625 0.9521484375 0.298828125 0.95947265625 0.30078125
13 0.65478515625 0.5751953125 0.654296875 0.5634765625 0.65478515625 0.5390625 0.65478515625 0.498046875 0.6552734375 0.4716796875 0.65869140625 0.4619140625 0.65576171875 0.4521484375 0.65625 0.4482421875 0.662109375 0.443359375 0.6708984375 0.4130859375 0.6787109375 0.4072265625 0.689453125 0.40625 0.71826171875 0.4072265625 0.73046875 0.40625 0.73193359375 0.4033203125 0.73291015625 0.40234375 0.736328125 0.408203125 0.7421875 0.4287109375 0.74609375 0.4443359375 0.74658203125 0.4521484375 0.74951171875 0.4482421875 0.75439453125 0.44921875 0.75732421875 0.4541015625 0.7578125 0.4599609375 0.75537109375 0.4638671875 0.74951171875 0.4638671875 0.7509765625 0.4765625 0.751953125 0.4912109375 0.751953125 0.5068359375 0.75048828125 0.515625 0.7509765625 0.5361328125 0.75146484375 0.546875 0.7509765625 0.560546875 0.75048828125 0.5791015625 0.75048828125 0.5830078125 0.73974609375 0.5830078125 0.73876953125 0.5791015625 0.7392578125 0.5595703125 0.73388671875 0.5576171875 0.72607421875 0.556640625 0.71337890625 0.556640625 0.701171875 0.556640625 0.6962890625 0.5556640625 0.68408203125 0.556640625 0.68212890625 0.560546875 0.6669921875 0.560546875 0.666015625 0.5751953125 0.66552734375 0.578125
5 0.75537109375 0.4267578125 0.75537109375 0.3740234375 0.75439453125 0.33203125 0.7548828125 0.3076171875 0.75439453125 0.2470703125 0.75146484375 0.228515625 0.74462890625 0.2138671875 0.72509765625 0.2041015625 0.7021484375 0.1953125 0.67529296875 0.1865234375 0.6650390625 0.18359375 0.6650390625 0.1767578125 0.7021484375 0.19140625 0.73095703125 0.2021484375 0.74267578125 0.2060546875 0.75341796875 0.2236328125 0.75244140625 0.1865234375 0.7490234375 0.0 0.75341796875 0.0 0.755859375 0.150390625 0.7568359375 0.208984375 0.75732421875 0.248046875 0.75732421875 0.302734375 0.75830078125 0.3505859375 0.75927734375 0.388671875 0.759765625 0.4287109375
7 0.94970703125 0.306640625 0.958984375 0.302734375 0.958984375 0.3466796875 0.9501953125 0.345703125
13 0.65478515625 0.5751953125 0.654296875 0.5634765625 0.65478515625 0.5390625 0.65478515625 0.498046875 0.6552734375 0.4716796875 0.65869140625 0.4619140625 0.65576171875 0.4521484375 0.65625 0.4482421875 0.662109375 0.443359375 0.6708984375 0.4130859375 0.6787109375 0.4072265625 0.689453125 0.40625 0.71826171875 0.4072265625 0.73046875 0.40625 0.73193359375 0.4033203125 0.73291015625 0.40234375 0.736328125 0.408203125 0.7421875 0.4287109375 0.74609375 0.4443359375 0.74658203125 0.4521484375 0.74951171875 0.4482421875 0.75439453125 0.44921875 0.75732421875 0.4541015625 0.7578125 0.4599609375 0.75537109375 0.4638671875 0.74951171875 0.4638671875 0.7509765625 0.4765625 0.751953125 0.4912109375 0.751953125 0.5068359375 0.75048828125 0.515625 0.7509765625 0.5361328125 0.75146484375 0.546875 0.7509765625 0.560546875 0.75048828125 0.5791015625 0.75048828125 0.5830078125 0.73974609375 0.5830078125 0.73876953125 0.5791015625 0.7392578125 0.5595703125 0.73388671875 0.5576171875 0.72607421875 0.556640625 0.71337890625 0.556640625 0.701171875 0.556640625 0.6962890625 0.5556640625 0.68408203125 0.556640625 0.68212890625 0.560546875 0.6669921875 0.560546875 0.666015625 0.5751953125 0.66552734375 0.578125
7 0.52783203125 0.3408203125 0.5341796875 0.3408203125 0.5341796875 0.3623046875 0.52783203125 0.3623046875
6 0.8193359375 0.33984375 0.82763671875 0.33984375 0.82763671875 0.357421875 0.82861328125 0.3642578125 0.828125 0.3701171875 0.826171875 0.373046875 0.822265625 0.3740234375 0.81982421875 0.3720703125 0.81982421875 0.3623046875
6 0.83349609375 0.337890625 0.833984375 0.3916015625 0.8388671875 0.3896484375 0.8388671875 0.3828125 0.845703125 0.3818359375 0.845703125 0.3759765625 0.83984375 0.3740234375 0.83984375 0.3681640625 0.845703125 0.3681640625 0.845703125 0.359375 0.83984375 0.359375 0.84033203125 0.349609375 0.845703125 0.3486328125 0.84521484375 0.34375 0.8388671875 0.3427734375 0.83740234375 0.33984375
6 0.025390625 0.1748046875 0.0302734375 0.17578125 0.0341796875 0.1767578125 0.0341796875 0.1669921875 0.04150390625 0.16796875 0.05810546875 0.173828125 0.05908203125 0.1826171875 0.0595703125 0.189453125 0.05517578125 0.19140625 0.05517578125 0.2041015625 0.0595703125 0.20703125 0.06005859375 0.228515625 0.04833984375 0.2275390625 0.033203125 0.2236328125 0.02734375 0.2216796875
6 0.04296875 0.28125 0.04345703125 0.3349609375 0.03955078125 0.3349609375 0.0390625 0.330078125 0.03173828125 0.3291015625 0.03173828125 0.3212890625 0.03955078125 0.3203125 0.03955078125 0.3125 0.0322265625 0.3095703125 0.03173828125 0.30078125 0.03759765625 0.2998046875 0.0380859375 0.294921875 0.03125 0.29296875 0.03076171875 0.2861328125 0.03759765625 0.28515625 0.04052734375 0.28125
6 0.05322265625 0.2822265625 0.052734375 0.296875 0.05322265625 0.302734375 0.05224609375 0.3076171875 0.0537109375 0.314453125 0.0556640625 0.3193359375 0.0595703125 0.3203125 0.06103515625 0.318359375 0.06298828125 0.310546875 0.06298828125 0.287109375 0.060546875 0.2841796875 0.06005859375 0.28125
6 0.189453125 0.30859375 0.189453125 0.3447265625 0.189453125 0.3583984375 0.19482421875 0.3564453125 0.1982421875 0.3544921875 0.1982421875 0.34765625 0.19482421875 0.345703125 0.1943359375 0.33984375 0.19970703125 0.3359375 0.20166015625 0.330078125 0.19970703125 0.3291015625 0.19580078125 0.3291015625 0.1953125 0.3291015625 0.1953125 0.322265625 0.19970703125 0.3212890625 0.20166015625 0.314453125 0.201171875 0.3125 0.19677734375 0.3125 0.1953125 0.3095703125 0.1943359375 0.306640625
6 0.1806640625 0.359375 0.173828125 0.359375 0.1748046875 0.3076171875 0.18115234375 0.3125
6 0.27978515625 0.1298828125 0.2802734375 0.1748046875 0.28955078125 0.17578125 0.2880859375 0.1298828125 0.2841796875 0.126953125
6 0.322265625 0.1298828125 0.32177734375 0.177734375 0.32666015625 0.177734375 0.330078125 0.17578125 0.330078125 0.169921875 0.330078125 0.16796875 0.32958984375 0.158203125 0.33154296875 0.15625 0.3310546875 0.15234375 0.3291015625 0.15234375 0.32958984375 0.1435546875 0.33154296875 0.140625 0.3310546875 0.138671875 0.3291015625 0.1376953125 0.3291015625 0.1298828125 0.326171875 0.1240234375
6 0.74267578125 0.34375 0.74609375 0.3466796875 0.748046875 0.3525390625 0.74267578125 0.3544921875 0.74267578125 0.361328125 0.74755859375 0.361328125 0.7490234375 0.3701171875 0.75 0.3828125 0.75146484375 0.3828125 0.75537109375 0.3828125 0.75439453125 0.349609375 0.7568359375 0.3544921875 0.76171875 0.3544921875 0.76513671875 0.3544921875 0.76416015625 0.3408203125 0.763671875 0.33203125 0.75634765625 0.3330078125 0.7490234375 0.3330078125 0.74853515625 0.3369140625 0.74365234375 0.3369140625
5 0.85107421875 0.5869140625 0.85791015625 0.5859375 0.85693359375 0.4873046875 0.85595703125 0.3681640625 0.8564453125 0.3193359375 0.85498046875 0.166015625 0.8544921875 0.0 0.84765625 0.0 0.84912109375 0.2333984375 0.84912109375 0.3359375 0.849609375 0.3955078125 0.85009765625 0.4814453125 0.8486328125 0.4931640625 0.84912109375 0.5185546875 0.84912109375 0.58203125
5 0.88623046875 0.5146484375 0.8857421875 0.4404296875 0.884765625 0.400390625 0.88330078125 0.193359375 0.88427734375 0.1787109375 0.88330078125 0.05078125 0.8828125 0.0185546875 0.88232421875 0.0 0.884765625 0.0 0.88525390625 0.02734375 0.88623046875 0.0732421875 0.88671875 0.119140625 0.8876953125 0.2705078125 0.88818359375 0.33203125 0.888671875 0.4013671875 0.890625 0.4560546875 0.89111328125 0.5146484375
13 0.48291015625 0.4990234375 0.48046875 0.498046875 0.47998046875 0.4892578125 0.48095703125 0.46484375 0.48193359375 0.458984375 0.48583984375 0.4482421875 0.48779296875 0.4453125 0.4873046875 0.44140625 0.48486328125 0.4404296875 0.48583984375 0.4375 0.4892578125 0.4375 0.4931640625 0.4296875 0.49658203125 0.421875 0.50048828125 0.419921875 0.50732421875 0.4189453125 0.51611328125 0.4189453125 0.5244140625 0.419921875 0.52880859375 0.4208984375 0.5322265625 0.4375 0.525390625 0.4638671875 0.52197265625 0.4990234375 0.51904296875 0.498046875 0.51953125 0.4931640625 0.51416015625 0.4921875 0.4990234375 0.4912109375 0.498046875 0.49609375 0.49462890625 0.4970703125 0.4931640625 0.49609375 0.49267578125 0.490234375 0.486328125 0.490234375 0.48583984375 0.498046875
5 0.82763671875 0.5205078125 0.8271484375 0.46484375 0.82763671875 0.4609375 0.8271484375 0.3916015625 0.82763671875 0.306640625 0.8271484375 0.2333984375 0.830078125 0.2099609375 0.83740234375 0.1953125 0.85595703125 0.173828125 0.87451171875 0.1513671875 0.88330078125 0.1455078125 0.88427734375 0.15234375 0.86962890625 0.1630859375 0.849609375 0.1884765625 0.837890625 0.203125 0.83154296875 0.2255859375 0.8310546875 0.2578125 0.8310546875 0.310546875 0.8310546875 0.3642578125 0.83154296875 0.4638671875 0.83251953125 0.4697265625 0.83251953125 0.5205078125
6 0.8828125 0.12109375 0.88134765625 0.1748046875 0.884765625 0.1796875 0.8876953125 0.1748046875 0.89013671875 0.1708984375 0.89501953125 0.1689453125 0.89501953125 0.1640625 0.89111328125 0.162109375 0.89111328125 0.1533203125 0.89697265625 0.15234375 0.89697265625 0.1474609375 0.89208984375 0.14453125 0.89208984375 0.1376953125 0.89794921875 0.134765625 0.8984375 0.130859375 0.89208984375 0.12890625 0.8916015625 0.12109375
5 0.85107421875 0.5869140625 0.85791015625 0.5859375 0.85693359375 0.4873046875 0.85595703125 0.3681640625 0.8564453125 0.3193359375 0.85498046875 0.166015625 0.8544921875 0.0 0.84765625 0.0 0.84912109375 0.2333984375 0.84912109375 0.3359375 0.849609375 0.3955078125 0.85009765625 0.4814453125 0.8486328125 0.4931640625 0.84912109375 0.5185546875 0.84912109375 0.58203125
5 0.85107421875 0.5869140625 0.85791015625 0.5859375 0.85693359375 0.4873046875 0.85595703125 0.3681640625 0.8564453125 0.3193359375 0.85498046875 0.166015625 0.8544921875 0.0 0.84765625 0.0 0.84912109375 0.2333984375 0.84912109375 0.3359375 0.849609375 0.3955078125 0.85009765625 0.4814453125 0.8486328125 0.4931640625 0.84912109375 0.5185546875 0.84912109375 0.58203125
6 0.8359375 0.259765625 0.8330078125 0.25390625 0.8310546875 0.24609375 0.83447265625 0.236328125 0.83740234375 0.236328125 0.8369140625 0.2265625 0.84326171875 0.2236328125 0.8486328125 0.2216796875 0.84912109375 0.2158203125 0.86474609375 0.2158203125 0.8642578125 0.2822265625 0.86669921875 0.296875 0.86572265625 0.3046875 0.86474609375 0.30859375 0.86328125 0.3134765625 0.8564453125 0.3173828125 0.84765625 0.314453125 0.84326171875 0.310546875 0.8388671875 0.3115234375 0.837890625 0.3115234375 0.83740234375 0.2998046875 0.8330078125 0.294921875 0.83154296875 0.287109375 0.8330078125 0.28125 0.83837890625 0.2763671875 0.83837890625 0.259765625
7 0.83447265625 0.1123046875 0.84130859375 0.0966796875 0.8505859375 0.0908203125 0.86083984375 0.0927734375 0.8671875 0.1044921875 0.87158203125 0.1220703125 0.869140625 0.1455078125 0.861328125 0.158203125 0.85107421875 0.1630859375 0.84130859375 0.1591796875 0.8349609375 0.146484375 0.83251953125 0.12890625
5 0.75537109375 0.4267578125 0.75537109375 0.3740234375 0.75439453125 0.33203125 0.7548828125 0.3076171875 0.75439453125 0.2470703125 0.75146484375 0.228515625 0.74462890625 0.2138671875 0.72509765625 0.2041015625 0.7021484375 0.1953125 0.67529296875 0.1865234375 0.6650390625 0.18359375 0.6650390625 0.1767578125 0.7021484375 0.19140625 0.73095703125 0.2021484375 0.74267578125 0.2060546875 0.75341796875 0.2236328125 0.75244140625 0.1865234375 0.7490234375 0.0 0.75341796875 0.0 0.755859375 0.150390625 0.7568359375 0.208984375 0.75732421875 0.248046875 0.75732421875 0.302734375 0.75830078125 0.3505859375 0.75927734375 0.388671875 0.759765625 0.4287109375
6 0.65869140625 0.16015625 0.6630859375 0.15625 0.666015625 0.2041015625 0.66064453125 0.20703125 0.658203125 0.203125
5 0.75537109375 0.4267578125 0.75537109375 0.3740234375 0.75439453125 0.33203125 0.7548828125 0.3076171875 0.75439453125 0.2470703125 0.75146484375 0.228515625 0.74462890625 0.2138671875 0.72509765625 0.2041015625 0.7021484375 0.1953125 0.67529296875 0.1865234375 0.6650390625 0.18359375 0.6650390625 0.1767578125 0.7021484375 0.19140625 0.73095703125 0.2021484375 0.74267578125 0.2060546875 0.75341796875 0.2236328125 0.75244140625 0.1865234375 0.7490234375 0.0 0.75341796875 0.0 0.755859375 0.150390625 0.7568359375 0.208984375 0.75732421875 0.248046875 0.75732421875 0.302734375 0.75830078125 0.3505859375 0.75927734375 0.388671875 0.759765625 0.4287109375
13 0.5224609375 0.5146484375 0.5224609375 0.5009765625 0.521484375 0.4892578125 0.521484375 0.4794921875 0.52197265625 0.4736328125 0.52294921875 0.4560546875 0.525390625 0.44921875 0.52734375 0.4404296875 0.53125 0.427734375 0.53515625 0.423828125 0.5380859375 0.4208984375 0.5458984375 0.419921875 0.5517578125 0.4189453125 0.5576171875 0.4208984375 0.5615234375 0.4208984375 0.56396484375 0.4208984375 0.56787109375 0.421875 0.5712890625 0.4248046875 0.57568359375 0.435546875 0.57861328125 0.4482421875 0.5791015625 0.4501953125 0.58203125 0.4501953125 0.58251953125 0.453125 0.5810546875 0.4541015625 0.5810546875 0.458984375 0.58203125 0.4609375 0.5830078125 0.4677734375 0.5830078125 0.486328125 0.5830078125 0.509765625 0.58203125 0.5126953125 0.57861328125 0.5126953125 0.57763671875 0.515625 0.5771484375 0.5185546875 0.57373046875 0.5185546875 0.57177734375 0.5166015625 0.5712890625 0.5078125 0.56884765625 0.5048828125 0.55859375 0.5048828125 0.54541015625 0.50390625 0.5380859375 0.50390625 0.5380859375 0.51171875 0.53369140625 0.5126953125 0.5322265625 0.51171875 0.5322265625 0.50390625 0.529296875 0.50390625 0.52880859375 0.5146484375 0.52490234375 0.5146484375
5 0.5263671875 0.40625 0.52587890625 0.380859375 0.52587890625 0.3349609375 0.52587890625 0.29296875 0.525390625 0.173828125 0.5244140625 0.10546875 0.56396484375 0.095703125 0.58251953125 0.091796875 0.583984375 0.091796875 0.58349609375 0.0966796875 0.5546875 0.1005859375 0.53759765625 0.10546875 0.5263671875 0.1083984375 0.5263671875 0.150390625 0.52734375 0.1875 0.52734375 0.2392578125 0.52783203125 0.2861328125 0.52783203125 0.33984375 0.52783203125 0.3896484375
5 0.3486328125 0.365234375 0.3486328125 0.4208984375 0.3505859375 0.419921875 0.3505859375 0.3642578125
13 0.3271484375 0.462890625 0.3271484375 0.4765625 0.32763671875 0.4931640625 0.328125 0.5048828125 0.33154296875 0.5068359375 0.3349609375 0.5068359375 0.3369140625 0.5048828125 0.3369140625 0.4970703125 0.3564453125 0.4990234375 0.37060546875 0.4990234375 0.37646484375 0.5009765625 0.37939453125 0.5009765625 0.3798828125 0.5087890625 0.3876953125 0.5087890625 0.39013671875 0.5029296875 0.390625 0.4970703125 0.39697265625 0.49609375 0.39794921875 0.50390625 0.404296875 0.50390625 0.40576171875 0.498046875 0.40625 0.4892578125 0.40625 0.474609375 0.40625 0.45703125 0.40576171875 0.4482421875 0.4033203125 0.439453125 0.3984375 0.4248046875 0.39306640625 0.4150390625 0.3876953125 0.4130859375 0.3759765625 0.412109375 0.36767578125 0.412109375 0.3505859375 0.4130859375 0.3466796875 0.41796875 0.3427734375 0.4287109375 0.33837890625 0.44140625 0.33203125 0.451171875
5 0.015625 0.34375 0.017578125 0.283203125 0.017578125 0.15625 0.01708984375 0.1123046875 0.02587890625 0.119140625 0.025390625 0.1494140625 0.02587890625 0.2060546875 0.02587890625 0.435546875 0.0185546875 0.4375 0.01904296875 0.3466796875
5 0.0478515625 0.2275390625 0.0478515625 0.4013671875 0.05517578125 0.3994140625 0.05322265625 0.3740234375 0.052734375 0.30859375 0.0517578125 0.2275390625
5 0.1845703125 0.37109375 0.18408203125 0.3056640625 0.185546875 0.287109375 0.18701171875 0.208984375 0.1962890625 0.1806640625 0.205078125 0.1708984375 0.23779296875 0.1650390625 0.27197265625 0.158203125 0.30224609375 0.1533203125 0.3232421875 0.1494140625 0.32275390625 0.15625 0.2900390625 0.16015625 0.255859375 0.171875 0.2197265625 0.181640625 0.2041015625 0.1923828125 0.19482421875 0.21484375 0.1923828125 0.2451171875 0.18994140625 0.2763671875 0.18994140625 0.310546875 0.18896484375 0.37109375
4 0.28515625 0.3955078125 0.28515625 0.4150390625 0.240234375 0.42578125 0.1484375 0.3740234375 0.0205078125 0.3974609375 0.02294921875 0.3369140625 0.1484375 0.3544921875 0.19677734375 0.365234375 0.265625 0.388671875
13 0.0 0.4755859375 0.017578125 0.458984375 0.0615234375 0.376953125 0.080078125 0.369140625 0.1123046875 0.3642578125 0.150390625 0.3642578125 0.19091796875 0.3701171875 0.2158203125 0.37890625 0.23193359375 0.392578125 0.24267578125 0.42578125 0.24609375 0.453125 0.25146484375 0.458984375 0.25537109375 0.4814453125 0.25732421875 0.5048828125 0.259765625 0.5234375 0.259765625 0.5380859375 0.25927734375 0.5673828125 0.25732421875 0.6083984375 0.255859375 0.6181640625 0.25244140625 0.62890625 0.2490234375 0.634765625 0.23876953125 0.634765625 0.23291015625 0.6337890625 0.23095703125 0.623046875 0.23046875 0.6142578125 0.21875 0.619140625 0.19140625 0.638671875 0.18896484375 0.6787109375 0.18408203125 0.6875 0.177734375 0.697265625 0.17041015625 0.697265625 0.162109375 0.6953125 0.15625 0.6708984375 0.10205078125 0.6787109375 0.05224609375 0.6796875 0.0 0.677734375
5 0.015625 0.34375 0.017578125 0.283203125 0.017578125 0.15625 0.01708984375 0.1123046875 0.02587890625 0.119140625 0.025390625 0.1494140625 0.02587890625 0.2060546875 0.02587890625 0.435546875 0.0185546875 0.4375 0.01904296875 0.3466796875
1 0.30810546875 0.458984375 0.33544921875 0.447265625 0.33544921875 0.4755859375 0.30712890625 0.478515625
18 0.3037109375 0.4287109375 0.30810546875 0.4287109375 0.310546875 0.43359375 0.3173828125 0.431640625 0.3193359375 0.4375 0.3203125 0.4501953125 0.31787109375 0.458984375 0.31396484375 0.4619140625 0.3115234375 0.462890625 0.30859375 0.4560546875 0.3046875 0.439453125
13 0.3271484375 0.462890625 0.3271484375 0.4765625 0.32763671875 0.4931640625 0.328125 0.5048828125 0.33154296875 0.5068359375 0.3349609375 0.5068359375 0.3369140625 0.5048828125 0.3369140625 0.4970703125 0.3564453125 0.4990234375 0.37060546875 0.4990234375 0.37646484375 0.5009765625 0.37939453125 0.5009765625 0.3798828125 0.5087890625 0.3876953125 0.5087890625 0.39013671875 0.5029296875 0.390625 0.4970703125 0.39697265625 0.49609375 0.39794921875 0.50390625 0.404296875 0.50390625 0.40576171875 0.498046875 0.40625 0.4892578125 0.40625 0.474609375 0.40625 0.45703125 0.40576171875 0.4482421875 0.4033203125 0.439453125 0.3984375 0.4248046875 0.39306640625 0.4150390625 0.3876953125 0.4130859375 0.3759765625 0.412109375 0.36767578125 0.412109375 0.3505859375 0.4130859375 0.3466796875 0.41796875 0.3427734375 0.4287109375 0.33837890625 0.44140625 0.33203125 0.451171875
13 0.23095703125 0.4248046875 0.244140625 0.4189453125 0.24951171875 0.4150390625 0.25634765625 0.412109375 0.263671875 0.412109375 0.275390625 0.412109375 0.29296875 0.4130859375 0.29541015625 0.4140625 0.298828125 0.416015625 0.30322265625 0.42578125 0.30859375 0.4384765625 0.3095703125 0.447265625 0.31005859375 0.453125 0.30908203125 0.458984375 0.31005859375 0.46484375 0.3095703125 0.4736328125 0.30908203125 0.484375 0.3076171875 0.490234375 0.30419921875 0.4931640625 0.30126953125 0.4931640625 0.29931640625 0.4912109375 0.2978515625 0.486328125 0.29736328125 0.484375 0.28955078125 0.484375 0.27783203125 0.4853515625 0.27197265625 0.486328125 0.26953125 0.4931640625 0.26318359375 0.4951171875 0.259765625 0.4951171875 0.2568359375 0.4892578125 0.2509765625 0.486328125 0.244140625 0.4599609375
13 0.0 0.4755859375 0.017578125 0.458984375 0.0615234375 0.376953125 0.080078125 0.369140625 0.1123046875 0.3642578125 0.150390625 0.3642578125 0.19091796875 0.3701171875 0.2158203125 0.37890625 0.23193359375 0.392578125 0.24267578125 0.42578125 0.24609375 0.453125 0.25146484375 0.458984375 0.25537109375 0.4814453125 0.25732421875 0.5048828125 0.259765625 0.5234375 0.259765625 0.5380859375 0.25927734375 0.5673828125 0.25732421875 0.6083984375 0.255859375 0.6181640625 0.25244140625 0.62890625 0.2490234375 0.634765625 0.23876953125 0.634765625 0.23291015625 0.6337890625 0.23095703125 0.623046875 0.23046875 0.6142578125 0.21875 0.619140625 0.19140625 0.638671875 0.18896484375 0.6787109375 0.18408203125 0.6875 0.177734375 0.697265625 0.17041015625 0.697265625 0.162109375 0.6953125 0.15625 0.6708984375 0.10205078125 0.6787109375 0.05224609375 0.6796875 0.0 0.677734375
13 0.3271484375 0.462890625 0.3271484375 0.4765625 0.32763671875 0.4931640625 0.328125 0.5048828125 0.33154296875 0.5068359375 0.3349609375 0.5068359375 0.3369140625 0.5048828125 0.3369140625 0.4970703125 0.3564453125 0.4990234375 0.37060546875 0.4990234375 0.37646484375 0.5009765625 0.37939453125 0.5009765625 0.3798828125 0.5087890625 0.3876953125 0.5087890625 0.39013671875 0.5029296875 0.390625 0.4970703125 0.39697265625 0.49609375 0.39794921875 0.50390625 0.404296875 0.50390625 0.40576171875 0.498046875 0.40625 0.4892578125 0.40625 0.474609375 0.40625 0.45703125 0.40576171875 0.4482421875 0.4033203125 0.439453125 0.3984375 0.4248046875 0.39306640625 0.4150390625 0.3876953125 0.4130859375 0.3759765625 0.412109375 0.36767578125 0.412109375 0.3505859375 0.4130859375 0.3466796875 0.41796875 0.3427734375 0.4287109375 0.33837890625 0.44140625 0.33203125 0.451171875
18 0.328125 0.44140625 0.330078125 0.455078125 0.32568359375 0.4638671875 0.3203125 0.458984375 0.31787109375 0.4521484375 0.31689453125 0.443359375 0.3193359375 0.4375 0.3203125 0.43359375 0.3193359375 0.42578125 0.32080078125 0.421875 0.32177734375 0.4296875 0.32373046875 0.4375
18 0.328125 0.44140625 0.330078125 0.455078125 0.32568359375 0.4638671875 0.3203125 0.458984375 0.31787109375 0.4521484375 0.31689453125 0.443359375 0.3193359375 0.4375 0.3203125 0.43359375 0.3193359375 0.42578125 0.32080078125 0.421875 0.32177734375 0.4296875 0.32373046875 0.4375
13 0.61328125 0.4912109375 0.61474609375 0.484375 0.61572265625 0.4794921875 0.61767578125 0.4716796875 0.63427734375 0.4638671875 0.64208984375 0.4609375 0.6640625 0.44140625 0.74365234375 0.4208984375 0.75634765625 0.421875 0.76318359375 0.427734375 0.76953125 0.4423828125 0.77392578125 0.4599609375 0.77490234375 0.4677734375 0.77490234375 0.48046875 0.77490234375 0.4912109375 0.7763671875 0.49609375 0.77587890625 0.5048828125 0.7724609375 0.5126953125 0.7705078125 0.5146484375 0.76318359375 0.5146484375 0.7607421875 0.51953125 0.75732421875 0.52734375 0.75390625 0.5322265625 0.65087890625 0.52734375 0.646484375 0.5205078125 0.64306640625 0.51953125 0.640625 0.5244140625 0.63330078125 0.5244140625 0.630859375 0.5234375 0.62744140625 0.5166015625 0.62353515625 0.5146484375 0.61572265625 0.51171875 0.6142578125 0.5029296875
13 0.0 0.4755859375 0.017578125 0.458984375 0.0615234375 0.376953125 0.080078125 0.369140625 0.1123046875 0.3642578125 0.150390625 0.3642578125 0.19091796875 0.3701171875 0.2158203125 0.37890625 0.23193359375 0.392578125 0.24267578125 0.42578125 0.24609375 0.453125 0.25146484375 0.458984375 0.25537109375 0.4814453125 0.25732421875 0.5048828125 0.259765625 0.5234375 0.259765625 0.5380859375 0.25927734375 0.5673828125 0.25732421875 0.6083984375 0.255859375 0.6181640625 0.25244140625 0.62890625 0.2490234375 0.634765625 0.23876953125 0.634765625 0.23291015625 0.6337890625 0.23095703125 0.623046875 0.23046875 0.6142578125 0.21875 0.619140625 0.19140625 0.638671875 0.18896484375 0.6787109375 0.18408203125 0.6875 0.177734375 0.697265625 0.17041015625 0.697265625 0.162109375 0.6953125 0.15625 0.6708984375 0.10205078125 0.6787109375 0.05224609375 0.6796875 0.0 0.677734375
5 0.73291015625 0.3720703125 0.7333984375 0.4150390625 0.73779296875 0.416015625 0.7373046875 0.3720703125
13 0.65478515625 0.5751953125 0.654296875 0.5634765625 0.65478515625 0.5390625 0.65478515625 0.498046875 0.6552734375 0.4716796875 0.65869140625 0.4619140625 0.65576171875 0.4521484375 0.65625 0.4482421875 0.662109375 0.443359375 0.6708984375 0.4130859375 0.6787109375 0.4072265625 0.689453125 0.40625 0.71826171875 0.4072265625 0.73046875 0.40625 0.73193359375 0.4033203125 0.73291015625 0.40234375 0.736328125 0.408203125 0.7421875 0.4287109375 0.74609375 0.4443359375 0.74658203125 0.4521484375 0.74951171875 0.4482421875 0.75439453125 0.44921875 0.75732421875 0.4541015625 0.7578125 0.4599609375 0.75537109375 0.4638671875 0.74951171875 0.4638671875 0.7509765625 0.4765625 0.751953125 0.4912109375 0.751953125 0.5068359375 0.75048828125 0.515625 0.7509765625 0.5361328125 0.75146484375 0.546875 0.7509765625 0.560546875 0.75048828125 0.5791015625 0.75048828125 0.5830078125 0.73974609375 0.5830078125 0.73876953125 0.5791015625 0.7392578125 0.5595703125 0.73388671875 0.5576171875 0.72607421875 0.556640625 0.71337890625 0.556640625 0.701171875 0.556640625 0.6962890625 0.5556640625 0.68408203125 0.556640625 0.68212890625 0.560546875 0.6669921875 0.560546875 0.666015625 0.5751953125 0.66552734375 0.578125
13 0.65478515625 0.5751953125 0.654296875 0.5634765625 0.65478515625 0.5390625 0.65478515625 0.498046875 0.6552734375 0.4716796875 0.65869140625 0.4619140625 0.65576171875 0.4521484375 0.65625 0.4482421875 0.662109375 0.443359375 0.6708984375 0.4130859375 0.6787109375 0.4072265625 0.689453125 0.40625 0.71826171875 0.4072265625 0.73046875 0.40625 0.73193359375 0.4033203125 0.73291015625 0.40234375 0.736328125 0.408203125 0.7421875 0.4287109375 0.74609375 0.4443359375 0.74658203125 0.4521484375 0.74951171875 0.4482421875 0.75439453125 0.44921875 0.75732421875 0.4541015625 0.7578125 0.4599609375 0.75537109375 0.4638671875 0.74951171875 0.4638671875 0.7509765625 0.4765625 0.751953125 0.4912109375 0.751953125 0.5068359375 0.75048828125 0.515625 0.7509765625 0.5361328125 0.75146484375 0.546875 0.7509765625 0.560546875 0.75048828125 0.5791015625 0.75048828125 0.5830078125 0.73974609375 0.5830078125 0.73876953125 0.5791015625 0.7392578125 0.5595703125 0.73388671875 0.5576171875 0.72607421875 0.556640625 0.71337890625 0.556640625 0.701171875 0.556640625 0.6962890625 0.5556640625 0.68408203125 0.556640625 0.68212890625 0.560546875 0.6669921875 0.560546875 0.666015625 0.5751953125 0.66552734375 0.578125
5 0.7431640625 0.4208984375 0.7431640625 0.373046875 0.74560546875 0.3740234375 0.74609375 0.423828125
