10 0.974609375 0.0 0.970703125 0.0 0.9423828125 0.0 0.66162109375 0.0 0.60888671875 0.0 0.26318359375 0.0009765625 0.26123046875 0.1943359375 0.99951171875 0.2138671875 0.99951171875 0.0
0 0.41015625 0.42578125 0.0 0.6171875 0.0 0.9990234375 0.72607421875 0.9990234375 0.99951171875 0.9990234375 0.99951171875 0.6220703125 0.4716796875 0.41015625
2 0.45166015625 0.419921875 0.44775390625 0.3994140625 0.46337890625 0.1630859375 0.49169921875 0.15625 0.5380859375 0.115234375 0.55615234375 0.1142578125 0.5615234375 0.0947265625 0.56689453125 0.0966796875 0.56689453125 0.076171875 0.57470703125 0.07421875 0.57373046875 0.05859375 0.61279296875 0.0166015625 0.6123046875 0.0 0.99951171875 0.0 0.99951171875 0.59375 0.4697265625 0.4326171875
8 0.41650390625 0.0810546875 0.41845703125 0.0732421875 0.42138671875 0.08203125 0.4248046875 0.0869140625 0.4267578125 0.09765625 0.42822265625 0.1025390625 0.4296875 0.09375 0.43505859375 0.080078125 0.43603515625 0.0947265625 0.4384765625 0.099609375 0.4423828125 0.0947265625 0.4443359375 0.107421875 0.4462890625 0.1162109375 0.4501953125 0.109375 0.45361328125 0.12890625 0.45947265625 0.1455078125 0.462890625 0.1552734375 0.46240234375 0.1630859375 0.46533203125 0.173828125 0.46923828125 0.1689453125 0.47265625 0.1591796875 0.47705078125 0.169921875 0.47509765625 0.181640625 0.4775390625 0.1884765625 0.48486328125 0.1875 0.4921875 0.1943359375 0.49267578125 0.2001953125 0.4921875 0.28125 0.49169921875 0.44140625 0.4892578125 0.37890625 0.48486328125 0.3759765625 0.46875 0.373046875 0.46435546875 0.3798828125 0.46630859375 0.392578125 0.455078125 0.3955078125 0.453125 0.4267578125 0.43359375 0.4267578125 0.4189453125 0.435546875 0.4150390625 0.4365234375
1 0.4697265625 0.451171875 0.47119140625 0.4560546875 0.49853515625 0.45703125 0.4951171875 0.4375 0.49072265625 0.4306640625 0.48193359375 0.43359375 0.4736328125 0.43359375 0.4697265625 0.4375
2 0.0 0.0 0.416015625 0.0 0.41650390625 0.4755859375 0.0 0.751953125
11 0.4990234375 0.419921875 0.49853515625 0.416015625 0.49951171875 0.4130859375 0.50146484375 0.4130859375 0.501953125 0.4140625 0.50244140625 0.4150390625 0.50244140625 0.416015625 0.50341796875 0.4189453125 0.50244140625 0.419921875 0.50244140625 0.4208984375
1 0.0 0.638671875 0.0322265625 0.6357421875 0.08447265625 0.6123046875 0.12353515625 0.5966796875 0.3447265625 0.5107421875 0.39501953125 0.4833984375 0.3994140625 0.4736328125 0.41064453125 0.462890625 0.4609375 0.4677734375 0.45068359375 0.5107421875 0.44189453125 0.521484375 0.39501953125 0.57421875 0.3447265625 0.603515625 0.0 0.951171875
11 0.498046875 0.421875 0.498046875 0.41796875 0.49853515625 0.4140625 0.5 0.4130859375 0.50146484375 0.4140625 0.501953125 0.4140625 0.50390625 0.416015625 0.505859375 0.4130859375 0.50634765625 0.4150390625 0.5068359375 0.4169921875 0.5078125 0.41796875 0.50732421875 0.423828125
11 0.48876953125 0.41015625 0.48681640625 0.4140625 0.48486328125 0.4189453125 0.484375 0.4248046875 0.48388671875 0.427734375 0.484375 0.4306640625 0.48486328125 0.4306640625 0.48681640625 0.421875 0.4873046875 0.4248046875 0.4873046875 0.4326171875 0.4873046875 0.4453125 0.4873046875 0.453125 0.49365234375 0.451171875 0.494140625 0.419921875 0.49365234375 0.4150390625 0.4921875 0.412109375 0.49169921875 0.408203125 0.49072265625 0.4052734375 0.4892578125 0.4052734375 0.48876953125 0.4052734375 0.48828125 0.40625
13 0.44775390625 0.4208984375 0.4326171875 0.4208984375 0.42919921875 0.427734375 0.42822265625 0.4287109375 0.427734375 0.431640625 0.42724609375 0.4326171875 0.42626953125 0.435546875 0.42431640625 0.439453125 0.42431640625 0.4501953125 0.4248046875 0.453125 0.42626953125 0.453125 0.42724609375 0.4521484375 0.42724609375 0.4501953125 0.43017578125 0.451171875 0.43017578125 0.453125 0.43310546875 0.4541015625 0.43505859375 0.4521484375 0.435546875 0.4501953125 0.435546875 0.44921875 0.43896484375 0.44921875 0.44482421875 0.4482421875 0.44970703125 0.427734375 0.44970703125 0.42578125
11 0.48876953125 0.41015625 0.48681640625 0.4140625 0.48583984375 0.416015625 0.484375 0.4208984375 0.48388671875 0.42578125 0.48388671875 0.4287109375 0.48388671875 0.4306640625 0.48486328125 0.4306640625 0.48583984375 0.4306640625 0.48583984375 0.427734375 0.486328125 0.423828125 0.48681640625 0.419921875 0.4873046875 0.41796875 0.4873046875 0.4306640625 0.4873046875 0.4365234375 0.4873046875 0.443359375 0.4873046875 0.4521484375 0.48779296875 0.4541015625 0.48876953125 0.4541015625 0.494140625 0.4306640625 0.494140625 0.42578125 0.494140625 0.4169921875 0.49365234375 0.4140625 0.49267578125 0.4130859375 0.49169921875 0.412109375 0.49169921875 0.4072265625 0.49072265625 0.4052734375 0.48974609375 0.4052734375 0.48876953125 0.40625
11 0.50732421875 0.4248046875 0.50830078125 0.419921875 0.50732421875 0.41796875 0.50732421875 0.416015625 0.50634765625 0.4130859375 0.50537109375 0.412109375 0.50390625 0.4130859375 0.50341796875 0.4150390625 0.50341796875 0.4169921875 0.50341796875 0.41796875 0.50439453125 0.41796875 0.50439453125 0.419921875 0.5048828125 0.421875
9 0.4697265625 0.4521484375 0.47412109375 0.4521484375 0.4775390625 0.4521484375 0.4814453125 0.453125 0.484375 0.4521484375 0.48779296875 0.4521484375 0.48876953125 0.4501953125 0.48828125 0.4482421875 0.48681640625 0.447265625 0.48486328125 0.447265625 0.482421875 0.447265625 0.4814453125 0.447265625 0.48046875 0.447265625 0.4794921875 0.4453125 0.47802734375 0.4443359375 0.47607421875 0.4453125 0.4755859375 0.44921875 0.4716796875 0.44921875
13 0.5107421875 0.419921875 0.5068359375 0.419921875 0.49853515625 0.4208984375 0.49267578125 0.4306640625 0.49072265625 0.431640625 0.490234375 0.4326171875 0.490234375 0.435546875 0.4921875 0.435546875 0.4892578125 0.4404296875 0.48779296875 0.4443359375 0.4873046875 0.4541015625 0.48828125 0.455078125 0.48876953125 0.4609375 0.4921875 0.4609375 0.4921875 0.4560546875 0.4931640625 0.4560546875 0.49853515625 0.4560546875
13 0.4716796875 0.4306640625 0.46630859375 0.4208984375 0.44873046875 0.421875 0.4453125 0.4306640625 0.4423828125 0.431640625 0.4423828125 0.43359375 0.44384765625 0.43359375 0.4404296875 0.439453125 0.439453125 0.4423828125 0.43994140625 0.4521484375 0.44091796875 0.4541015625 0.4423828125 0.4521484375 0.44873046875 0.4521484375 0.44970703125 0.455078125 0.451171875 0.4560546875 0.45361328125 0.455078125 0.45361328125 0.453125 0.4580078125 0.453125 0.4580078125 0.455078125 0.45947265625 0.4560546875 0.4609375 0.4560546875 0.46240234375 0.455078125 0.46240234375 0.453125 0.466796875 0.453125 0.4677734375 0.4560546875 0.4697265625 0.4560546875 0.4716796875 0.4560546875 0.47216796875 0.44921875 0.47265625 0.4375
13 0.5341796875 0.42578125 0.53173828125 0.421875 0.51123046875 0.4208984375 0.50537109375 0.4306640625 0.50341796875 0.431640625 0.50341796875 0.435546875 0.50439453125 0.4365234375 0.5 0.443359375 0.49951171875 0.4482421875 0.4990234375 0.458984375 0.49951171875 0.4609375 0.501953125 0.4619140625 0.50390625 0.4619140625 0.5048828125 0.4599609375 0.50927734375 0.4599609375 0.509765625 0.462890625 0.51220703125 0.4638671875 0.51416015625 0.4638671875 0.51611328125 0.4599609375 0.5224609375 0.4599609375 0.5234375 0.4638671875 0.525390625 0.4638671875 0.52734375 0.462890625 0.52783203125 0.4609375 0.5302734375 0.4609375 0.53564453125 0.4365234375
18 0.412109375 0.43359375 0.40966796875 0.4384765625 0.40869140625 0.4443359375 0.40869140625 0.453125 0.4111328125 0.4609375 0.4130859375 0.4658203125 0.4208984375 0.4658203125 0.42041015625 0.4453125 0.419921875 0.4326171875 0.4189453125 0.4296875 0.4189453125 0.42578125 0.41845703125 0.4208984375 0.41748046875 0.419921875 0.41650390625 0.4189453125 0.4150390625 0.419921875 0.41455078125 0.4208984375 0.4130859375 0.4208984375 0.412109375 0.421875 0.41162109375 0.423828125 0.4111328125 0.423828125 0.41064453125 0.4248046875 0.41064453125 0.4248046875 0.41064453125 0.42578125 0.4111328125 0.42578125 0.4111328125 0.4267578125 0.4111328125 0.4267578125 0.41162109375 0.4267578125 0.41162109375 0.427734375 0.412109375 0.4287109375 0.41162109375 0.4306640625
5 0.48046875 0.3759765625 0.47998046875 0.4140625 0.47998046875 0.451171875 0.48193359375 0.451171875 0.48193359375 0.3447265625 0.482421875 0.2626953125 0.4580078125 0.2578125 0.45166015625 0.25390625 0.44775390625 0.2587890625 0.45703125 0.26171875 0.48095703125 0.265625
13 0.56591796875 0.4296875 0.564453125 0.4248046875 0.5576171875 0.419921875 0.54345703125 0.4189453125 0.53955078125 0.4208984375 0.5361328125 0.4287109375 0.5341796875 0.4287109375 0.53369140625 0.431640625 0.53515625 0.43359375 0.53125 0.4404296875 0.5302734375 0.443359375 0.529296875 0.4453125 0.5283203125 0.453125 0.52880859375 0.4609375 0.52880859375 0.462890625 0.52880859375 0.4658203125 0.52978515625 0.466796875 0.53125 0.466796875 0.5322265625 0.4658203125 0.5322265625 0.4638671875 0.53759765625 0.4638671875 0.5380859375 0.4677734375 0.54052734375 0.4677734375 0.5419921875 0.4677734375 0.54248046875 0.46484375 0.54345703125 0.4638671875 0.55322265625 0.4638671875 0.55322265625 0.4677734375 0.55712890625 0.46875 0.55810546875 0.46484375 0.560546875 0.4638671875
13 0.576171875 0.474609375 0.583984375 0.4150390625 0.5732421875 0.4130859375 0.5712890625 0.4140625 0.5673828125 0.42578125 0.56640625 0.4296875 0.56494140625 0.4296875 0.5634765625 0.4296875 0.5634765625 0.43359375 0.56494140625 0.435546875 0.56396484375 0.4423828125 0.56103515625 0.4501953125 0.56103515625 0.4560546875 0.56201171875 0.47265625 0.56591796875 0.47265625 0.56591796875 0.4658203125 0.56884765625 0.4658203125 0.56884765625 0.4736328125 0.57080078125 0.4755859375
18 0.4228515625 0.45703125 0.4248046875 0.458984375 0.42529296875 0.4638671875 0.42529296875 0.466796875 0.42822265625 0.4765625 0.42919921875 0.5009765625 0.42822265625 0.5 0.42724609375 0.4951171875 0.4248046875 0.48828125 0.4248046875 0.5009765625 0.42431640625 0.5029296875 0.42236328125 0.501953125 0.42138671875 0.4814453125 0.4189453125 0.4814453125 0.41796875 0.4814453125 0.41748046875 0.4560546875 0.419921875 0.4541015625 0.4189453125 0.44140625 0.4189453125 0.439453125 0.41552734375 0.4365234375 0.4228515625 0.435546875 0.4228515625 0.4375 0.4208984375 0.4384765625 0.42138671875 0.455078125
5 0.4482421875 0.126953125 0.458984375 0.1259765625 0.45947265625 0.1279296875 0.47265625 0.12890625 0.47265625 0.1279296875 0.47265625 0.1259765625 0.4716796875 0.123046875 0.4697265625 0.12109375 0.4599609375 0.12109375 0.4599609375 0.123046875 0.41748046875 0.126953125 0.41748046875 0.12890625
13 0.6123046875 0.4150390625 0.6083984375 0.412109375 0.58544921875 0.41015625 0.5810546875 0.41015625 0.576171875 0.419921875 0.5732421875 0.4287109375 0.5703125 0.4287109375 0.5703125 0.4326171875 0.572265625 0.4326171875 0.56982421875 0.44140625 0.56787109375 0.4521484375 0.56884765625 0.4697265625 0.5693359375 0.4736328125 0.5712890625 0.4765625 0.57373046875 0.4765625 0.576171875 0.4755859375 0.576171875 0.4716796875 0.576171875 0.4697265625 0.57861328125 0.46875 0.57861328125 0.474609375 0.580078125 0.478515625 0.58349609375 0.478515625 0.58447265625 0.4765625 0.5849609375 0.4736328125 0.59423828125 0.4736328125
5 0.41748046875 0.5 0.419921875 0.5 0.419921875 0.4736328125 0.421875 0.298828125 0.4189453125 0.2978515625 0.41845703125 0.3232421875 0.4169921875 0.4921875
13 0.6142578125 0.416015625 0.6083984375 0.416015625 0.60205078125 0.4169921875 0.5986328125 0.4287109375 0.595703125 0.4384765625 0.5908203125 0.4375 0.58984375 0.439453125 0.59033203125 0.4423828125 0.59423828125 0.443359375 0.59326171875 0.447265625 0.5908203125 0.4521484375 0.59033203125 0.4619140625 0.59033203125 0.478515625 0.59033203125 0.484375 0.591796875 0.4853515625 0.591796875 0.4912109375 0.59521484375 0.4921875 0.595703125 0.4970703125 0.60107421875 0.4970703125 0.60107421875 0.4931640625 0.6015625 0.4873046875 0.6025390625 0.486328125 0.61376953125 0.4873046875 0.6201171875 0.423828125 0.6201171875 0.4150390625
13 0.6435546875 0.404296875 0.62060546875 0.404296875 0.6181640625 0.4052734375 0.61181640625 0.4326171875 0.609375 0.4267578125 0.607421875 0.4296875 0.60791015625 0.43359375 0.6083984375 0.4384765625 0.61083984375 0.44140625 0.60986328125 0.447265625 0.607421875 0.451171875 0.60546875 0.46484375 0.6044921875 0.4970703125 0.60546875 0.5009765625 0.6083984375 0.501953125 0.609375 0.5068359375 0.611328125 0.509765625 0.62060546875 0.509765625
13 0.64306640625 0.4140625 0.63916015625 0.4140625 0.63427734375 0.4140625 0.630859375 0.4150390625 0.6259765625 0.427734375 0.62255859375 0.439453125 0.6201171875 0.4404296875 0.61962890625 0.4423828125 0.6201171875 0.4453125 0.62109375 0.447265625 0.619140625 0.4541015625 0.61865234375 0.4619140625 0.6171875 0.47265625 0.61669921875 0.474609375 0.615234375 0.478515625 0.61572265625 0.51171875 0.61962890625 0.5126953125 0.62109375 0.5087890625 0.62109375 0.50390625 0.62109375 0.498046875 0.62353515625 0.4990234375 0.623046875 0.5078125 0.62353515625 0.515625 0.6240234375 0.5205078125 0.62646484375 0.5205078125 0.63134765625 0.5205078125 0.6298828125 0.515625
13 0.7119140625 0.380859375 0.68994140625 0.376953125 0.6533203125 0.3759765625 0.64892578125 0.380859375 0.64697265625 0.3857421875 0.6357421875 0.4365234375 0.6328125 0.431640625 0.626953125 0.431640625 0.62646484375 0.4443359375 0.62890625 0.447265625 0.6328125 0.4482421875 0.63134765625 0.462890625 0.630859375 0.4853515625 0.6298828125 0.50390625 0.6298828125 0.5263671875 0.63330078125 0.52734375 0.6376953125 0.52734375 0.63818359375 0.525390625 0.63818359375 0.521484375 0.638671875 0.513671875 0.6416015625 0.5146484375 0.6416015625 0.5234375 0.6416015625 0.5341796875 0.6416015625 0.5380859375 0.6474609375 0.5390625 0.64892578125 0.5390625 0.64990234375 0.5390625 0.65087890625 0.5263671875 0.65087890625 0.521484375 0.65966796875 0.5244140625 0.712890625 0.3935546875 0.7138671875 0.392578125
13 0.75537109375 0.3916015625 0.73974609375 0.3896484375 0.7392578125 0.3896484375 0.6943359375 0.390625 0.689453125 0.39453125 0.68359375 0.4052734375 0.669921875 0.4384765625 0.6630859375 0.44140625 0.66064453125 0.4443359375 0.65966796875 0.453125 0.66162109375 0.4619140625 0.666015625 0.46484375 0.65625 0.484375 0.6552734375 0.4951171875 0.65576171875 0.5166015625 0.654296875 0.5390625 0.654296875 0.55859375 0.6552734375 0.576171875 0.66650390625 0.580078125 0.66845703125 0.578125 0.669921875 0.560546875 0.67138671875 0.5595703125 0.67626953125 0.560546875 0.67529296875 0.5869140625 0.6767578125 0.595703125 0.6796875 0.6005859375 0.685546875 0.6025390625 0.69140625 0.6025390625 0.70166015625 0.6005859375 0.7060546875 0.5947265625
13 0.85546875 0.3857421875 0.83203125 0.3818359375 0.7705078125 0.3837890625 0.7578125 0.388671875 0.74560546875 0.404296875 0.72509765625 0.4521484375 0.70849609375 0.451171875 0.70361328125 0.453125 0.70166015625 0.4638671875 0.7021484375 0.4736328125 0.7158203125 0.4775390625 0.720703125 0.4794921875 0.7109375 0.49609375 0.7041015625 0.5146484375 0.70166015625 0.5234375 0.70166015625 0.5400390625 0.69970703125 0.57421875 0.70068359375 0.6142578125 0.70068359375 0.6328125 0.70458984375 0.6376953125 0.7138671875 0.640625 0.716796875 0.638671875 0.716796875 0.6201171875 0.7314453125 0.6318359375 0.73046875 0.650390625 0.73291015625 0.6689453125 0.734375 0.6767578125 0.74072265625 0.6923828125 0.74462890625 0.693359375 0.75927734375 0.6953125 0.76611328125 0.6953125 0.7685546875 0.693359375 0.7734375 0.6826171875 0.77490234375 0.669921875 0.7763671875 0.6572265625 0.8076171875 0.662109375 0.83544921875 0.6474609375
13 0.99951171875 0.287109375 0.9814453125 0.2900390625 0.974609375 0.27734375 0.96630859375 0.2734375 0.94482421875 0.26953125 0.9189453125 0.2763671875 0.9013671875 0.28515625 0.890625 0.302734375 0.87841796875 0.3291015625 0.8740234375 0.3408203125 0.8623046875 0.357421875 0.85693359375 0.3779296875 0.83837890625 0.447265625 0.83447265625 0.4453125 0.82568359375 0.4453125 0.81591796875 0.453125 0.81396484375 0.462890625 0.81396484375 0.47265625 0.81982421875 0.4833984375 0.82666015625 0.484375 0.81982421875 0.5 0.81494140625 0.51171875 0.80908203125 0.5322265625 0.80810546875 0.5625 0.8056640625 0.5859375 0.8037109375 0.6083984375 0.8037109375 0.62109375 0.79638671875 0.6337890625 0.79248046875 0.66015625 0.7919921875 0.69921875 0.796875 0.7275390625 0.80419921875 0.7490234375 0.81005859375 0.763671875 0.8193359375 0.7705078125 0.8291015625 0.7705078125 0.8359375 0.7666015625 0.8427734375 0.7626953125 0.84375 0.7587890625 0.88818359375 0.80078125 0.89111328125 0.8359375 0.89501953125 0.8642578125 0.9033203125 0.8828125 0.91015625 0.900390625 0.9248046875 0.91015625 0.9365234375 0.916015625 0.9453125 0.9140625 0.953125 0.904296875 0.9599609375 0.8857421875 0.962890625 0.8701171875 0.9638671875 0.849609375 0.9755859375 0.849609375 0.9931640625 0.8505859375 0.99951171875 0.853515625
