10 0.0 0.451171875 0.36474609375 0.4287109375 0.69873046875 0.3857421875 0.99951171875 0.4013671875 0.99951171875 0.0 0.0 0.0
0 0.0 0.6123046875 0.37939453125 0.462890625 0.6005859375 0.4482421875 0.99951171875 0.5869140625 0.99951171875 0.9990234375 0.0 0.9990234375
1 0.80029296875 0.9990234375 0.55712890625 0.5400390625 0.5859375 0.4794921875 0.62109375 0.478515625 0.62158203125 0.478515625 0.6416015625 0.48046875 0.65966796875 0.4892578125 0.69580078125 0.5 0.6943359375 0.5 0.69580078125 0.4990234375 0.70458984375 0.5029296875 0.70703125 0.5029296875 0.705078125 0.50390625 0.72216796875 0.5146484375 0.82958984375 0.5439453125 0.8515625 0.55078125 0.875 0.55859375 0.99951171875 0.6044921875 0.99951171875 0.9990234375
1 0.0 0.619140625 0.21240234375 0.5390625 0.3349609375 0.4970703125 0.3583984375 0.490234375 0.375 0.4833984375 0.39794921875 0.4609375 0.3623046875 0.4560546875 0.2890625 0.451171875 0.263671875 0.4560546875 0.2080078125 0.4921875 0.0 0.55078125
2 0.57373046875 0.0 0.5732421875 0.044921875 0.5654296875 0.0458984375 0.56396484375 0.048828125 0.55615234375 0.048828125 0.55615234375 0.056640625 0.56298828125 0.0673828125 0.56494140625 0.0732421875 0.56298828125 0.236328125 0.56298828125 0.484375 0.66259765625 0.5068359375 0.6923828125 0.5166015625 0.70068359375 0.513671875 0.70361328125 0.515625 0.70361328125 0.521484375 0.712890625 0.5244140625 0.720703125 0.5224609375 0.82177734375 0.552734375 0.82177734375 0.5595703125 0.84912109375 0.5751953125 0.87109375 0.572265625 0.99951171875 0.6181640625 0.99951171875 0.0
2 0.0 0.1494140625 0.2373046875 0.1884765625 0.28662109375 0.3056640625 0.3212890625 0.287109375 0.29833984375 0.380859375 0.2666015625 0.458984375 0.0 0.458984375
3 0.2509765625 0.416015625 0.2509765625 0.3251953125 0.28759765625 0.2626953125 0.3349609375 0.2734375 0.33544921875 0.4619140625 0.3037109375 0.4716796875 0.2626953125 0.4521484375
2 0.41552734375 0.21484375 0.43212890625 0.2177734375 0.4345703125 0.2138671875 0.43603515625 0.2119140625 0.43896484375 0.2158203125 0.439453125 0.21875 0.54931640625 0.22265625 0.5458984375 0.4638671875 0.3955078125 0.431640625 0.3974609375 0.2236328125
8 0.357421875 0.408203125 0.357421875 0.43359375 0.35888671875 0.431640625 0.35888671875 0.404296875 0.36572265625 0.4013671875 0.3671875 0.4375 0.3701171875 0.435546875 0.36962890625 0.400390625 0.37890625 0.4052734375 0.37939453125 0.43359375 0.3818359375 0.435546875 0.38134765625 0.3994140625 0.3828125 0.3994140625 0.38330078125 0.4365234375 0.38623046875 0.435546875 0.38525390625 0.3974609375 0.392578125 0.4072265625 0.40673828125 0.4091796875 0.43505859375 0.4169921875 0.45458984375 0.3974609375 0.4873046875 0.40625 0.50537109375 0.3779296875 0.50341796875 0.34375 0.49755859375 0.3173828125 0.4794921875 0.2333984375 0.45703125 0.224609375 0.4404296875 0.228515625 0.43359375 0.2177734375 0.43115234375 0.2158203125 0.43408203125 0.2060546875 0.4306640625 0.1923828125 0.42333984375 0.18359375 0.41455078125 0.1640625 0.40283203125 0.142578125 0.39501953125 0.1318359375 0.392578125 0.1171875 0.375 0.1103515625 0.37646484375 0.1025390625 0.38623046875 0.103515625 0.4033203125 0.126953125 0.40625 0.1220703125 0.404296875 0.115234375 0.4052734375 0.1083984375 0.4033203125 0.09765625 0.3984375 0.087890625 0.38623046875 0.064453125 0.37353515625 0.0556640625 0.36669921875 0.0498046875 0.37451171875 0.048828125 0.37158203125 0.0341796875 0.35498046875 0.0224609375 0.36181640625 0.0107421875 0.3642578125 0.0 0.0 0.0 0.0 0.3857421875 0.0361328125 0.39453125 0.0693359375 0.3916015625 0.0830078125 0.3828125 0.09375 0.37890625 0.1005859375 0.3798828125 0.10595703125 0.408203125 0.13134765625 0.4072265625 0.13671875 0.3857421875 0.13916015625 0.365234375 0.140625 0.3505859375 0.14697265625 0.3505859375 0.15869140625 0.35546875 0.16748046875 0.3759765625 0.18408203125 0.388671875 0.19482421875 0.3994140625 0.19970703125 0.384765625 0.2001953125 0.3759765625 0.2109375 0.3828125 0.21337890625 0.3642578125 0.2158203125 0.3681640625 0.22216796875 0.3740234375 0.23193359375 0.3818359375 0.2314453125 0.3896484375 0.228515625 0.3994140625 0.24267578125 0.3994140625 0.2509765625 0.3955078125 0.25146484375 0.384765625 0.26025390625 0.376953125 0.259765625 0.365234375 0.2626953125 0.357421875 0.27490234375 0.3642578125 0.28125 0.3544921875 0.287109375 0.34765625 0.287109375 0.3359375 0.2958984375 0.3134765625 0.30029296875 0.298828125 0.30712890625 0.3193359375 0.31494140625 0.3193359375 0.32177734375 0.3115234375 0.32568359375 0.30078125 0.33203125 0.30859375 0.33349609375 0.326171875 0.3310546875 0.33984375 0.3359375 0.400390625 0.3544921875 0.40625
3 0.0 0.384765625 0.0341796875 0.3779296875 0.03466796875 0.3935546875 0.17529296875 0.373046875 0.1767578125 0.3818359375 0.21484375 0.3759765625 0.216796875 0.3740234375 0.216796875 0.384765625 0.22802734375 0.3837890625 0.2236328125 0.46484375 0.0 0.4609375
11 0.80859375 0.6328125 0.7998046875 0.6337890625 0.7958984375 0.6328125 0.794921875 0.623046875 0.7939453125 0.6142578125 0.79248046875 0.603515625 0.79150390625 0.58984375 0.7919921875 0.5341796875 0.791015625 0.49609375 0.79052734375 0.4873046875 0.7841796875 0.4853515625 0.77978515625 0.4736328125 0.77978515625 0.462890625 0.77783203125 0.4404296875 0.77783203125 0.390625 0.78076171875 0.345703125 0.78759765625 0.3330078125 0.798828125 0.3212890625 0.798828125 0.3115234375 0.79638671875 0.3046875 0.796875 0.2939453125 0.79736328125 0.2822265625 0.80224609375 0.271484375 0.8095703125 0.271484375 0.8154296875 0.28125 0.81787109375 0.2939453125 0.8154296875 0.2978515625 0.814453125 0.306640625 0.81396484375 0.318359375 0.81298828125 0.3232421875 0.82275390625 0.328125 0.8271484375 0.330078125 0.82958984375 0.3408203125 0.830078125 0.3671875 0.83349609375 0.396484375 0.8369140625 0.421875 0.83740234375 0.439453125 0.837890625 0.443359375 0.8388671875 0.4560546875 0.8388671875 0.4697265625 0.8349609375 0.4775390625 0.83154296875 0.46484375 0.83154296875 0.4560546875 0.8291015625 0.4482421875 0.828125 0.451171875 0.828125 0.4619140625 0.82861328125 0.48046875 0.83154296875 0.521484375 0.8291015625 0.5361328125 0.82080078125 0.5712890625 0.8193359375 0.5859375 0.81982421875 0.59765625 0.8193359375 0.607421875 0.8251953125 0.615234375 0.82666015625 0.6240234375 0.82470703125 0.6298828125 0.81640625 0.62890625 0.81298828125 0.6201171875 0.81103515625 0.611328125 0.8076171875 0.6005859375 0.80615234375 0.587890625 0.81005859375 0.568359375 0.814453125 0.537109375 0.8154296875 0.51953125 0.8115234375 0.490234375 0.8095703125 0.4794921875 0.8076171875 0.484375 0.80712890625 0.49609375 0.8046875 0.5546875 0.8037109375 0.58203125 0.8056640625 0.6025390625 0.80517578125 0.6123046875
11 0.66552734375 0.5263671875 0.6669921875 0.5224609375 0.66259765625 0.5029296875 0.6611328125 0.46875 0.65966796875 0.4404296875 0.65673828125 0.4404296875 0.65673828125 0.435546875 0.6572265625 0.4189453125 0.6513671875 0.4140625 0.65380859375 0.3974609375 0.66015625 0.3828125 0.6640625 0.37890625 0.66259765625 0.3681640625 0.66552734375 0.357421875 0.67138671875 0.357421875 0.673828125 0.3642578125 0.6728515625 0.3740234375 0.6767578125 0.3818359375 0.68017578125 0.390625 0.68359375 0.4072265625 0.68408203125 0.41796875 0.6787109375 0.4169921875 0.6796875 0.4365234375 0.67724609375 0.4375 0.67724609375 0.447265625 0.67529296875 0.462890625 0.67431640625 0.5068359375 0.67333984375 0.5087890625 0.67236328125 0.5283203125
8 0.0 0.556640625 0.04150390625 0.541015625 0.0859375 0.5263671875 0.09423828125 0.525390625 0.10205078125 0.525390625 0.1083984375 0.5224609375 0.119140625 0.51953125 0.126953125 0.515625 0.13525390625 0.5146484375 0.14453125 0.5146484375 0.15478515625 0.5126953125 0.1796875 0.5068359375 0.1865234375 0.5009765625 0.18994140625 0.4951171875 0.19287109375 0.4892578125 0.1953125 0.486328125 0.19287109375 0.4775390625 0.1943359375 0.466796875 0.18896484375 0.4638671875 0.19091796875 0.455078125 0.1943359375 0.4453125 0.19482421875 0.427734375 0.18701171875 0.4267578125 0.189453125 0.4208984375 0.1845703125 0.41796875 0.16796875 0.4150390625 0.14892578125 0.41796875 0.1142578125 0.4140625 0.1201171875 0.4072265625 0.11376953125 0.388671875 0.10546875 0.373046875 0.08740234375 0.365234375 0.0654296875 0.359375 0.03759765625 0.3564453125 0.033203125 0.376953125 0.03515625 0.39453125 0.03759765625 0.404296875 0.0302734375 0.396484375 0.029296875 0.404296875 0.02197265625 0.404296875 0.0 0.3916015625
4 0.4404296875 0.40234375 0.41064453125 0.404296875 0.369140625 0.4052734375 0.3271484375 0.4052734375 0.3271484375 0.396484375 0.32470703125 0.3955078125 0.32470703125 0.4052734375 0.31103515625 0.4052734375 0.2685546875 0.400390625 0.2685546875 0.396484375 0.2666015625 0.3955078125 0.26611328125 0.3974609375 0.21630859375 0.3916015625 0.21337890625 0.4931640625 0.30419921875 0.48828125 0.3154296875 0.48828125 0.3203125 0.48828125 0.3623046875 0.4873046875 0.36279296875 0.4921875 0.3642578125 0.4912109375 0.36376953125 0.486328125 0.369140625 0.4873046875 0.369140625 0.4921875 0.37060546875 0.4921875 0.37060546875 0.4873046875 0.37255859375 0.4873046875 0.37255859375 0.4912109375 0.373046875 0.4912109375 0.37353515625 0.4873046875 0.376953125 0.486328125 0.37744140625 0.490234375 0.37890625 0.490234375 0.37939453125 0.486328125 0.4306640625 0.4814453125
8 0.185546875 0.498046875 0.2255859375 0.49609375 0.24169921875 0.4990234375 0.25537109375 0.490234375 0.26171875 0.4775390625 0.26025390625 0.4609375 0.25341796875 0.453125 0.24755859375 0.4521484375 0.24267578125 0.44921875 0.24609375 0.4423828125 0.244140625 0.435546875 0.23974609375 0.41796875 0.23095703125 0.4052734375 0.2197265625 0.400390625 0.212890625 0.4033203125 0.208984375 0.4091796875 0.2001953125 0.4169921875 0.1904296875 0.4384765625
7 0.5712890625 0.29296875 0.55322265625 0.3544921875 0.59375 0.3525390625
5 0.54541015625 0.0 0.55517578125 0.5400390625 0.5576171875 0.5380859375 0.5478515625 0.0009765625
5 0.0 0.4677734375 0.00341796875 0.5869140625 0.00927734375 0.5859375 0.00732421875 0.466796875
5 0.048828125 0.4658203125 0.05029296875 0.5732421875 0.05712890625 0.5732421875 0.05517578125 0.46484375
5 0.08837890625 0.4619140625 0.0908203125 0.5595703125 0.0966796875 0.5595703125 0.09375 0.4609375
5 0.12255859375 0.4609375 0.12353515625 0.5498046875 0.12841796875 0.5498046875 0.12646484375 0.4599609375
5 0.14892578125 0.326171875 0.154296875 0.521484375 0.15087890625 0.5234375 0.15087890625 0.5390625 0.1572265625 0.5400390625 0.1513671875 0.3173828125
7 0.150390625 0.3369140625 0.14697265625 0.3251953125 0.146484375 0.3046875 0.1474609375 0.2890625 0.14990234375 0.287109375 0.1533203125 0.2900390625 0.15478515625 0.302734375 0.1552734375 0.322265625 0.15380859375 0.333984375
5 0.16650390625 0.0 0.17431640625 0.5341796875 0.1845703125 0.5341796875 0.171875 0.0
5 0.20654296875 0.453125 0.20703125 0.525390625 0.2099609375 0.525390625 0.2099609375 0.4541015625
5 0.2294921875 0.4541015625 0.2294921875 0.5205078125 0.23291015625 0.51953125 0.23291015625 0.451171875
5 0.24462890625 0.4541015625 0.2451171875 0.5126953125 0.24853515625 0.51171875 0.24853515625 0.453125
5 0.25927734375 0.4541015625 0.25927734375 0.509765625 0.26220703125 0.5078125 0.26220703125 0.4521484375
5 0.27197265625 0.4521484375 0.2724609375 0.5029296875 0.2744140625 0.5029296875 0.27490234375 0.4521484375
5 0.326171875 0.3486328125 0.296875 0.45703125 0.29833984375 0.458984375 0.3291015625 0.34375 0.32763671875 0.3427734375
5 0.32470703125 0.3583984375 0.322265625 0.359375 0.3173828125 0.4638671875 0.31982421875 0.4638671875
7 0.32470703125 0.3623046875 0.32080078125 0.361328125 0.31787109375 0.3642578125 0.31640625 0.3681640625 0.3154296875 0.3759765625 0.31689453125 0.384765625 0.3203125 0.3876953125 0.3232421875 0.3876953125 0.3271484375 0.3837890625 0.328125 0.3740234375 0.3271484375 0.3681640625
13 0.4580078125 0.1318359375 0.45458984375 0.1376953125 0.45166015625 0.1494140625 0.44775390625 0.166015625 0.44091796875 0.2216796875 0.43408203125 0.2880859375 0.4287109375 0.37890625 0.4287109375 0.4033203125 0.42529296875 0.4033203125 0.4248046875 0.4130859375 0.42626953125 0.416015625 0.4287109375 0.4169921875 0.4248046875 0.5458984375 0.42822265625 0.57421875 0.4287109375 0.5869140625 0.42822265625 0.638671875 0.4296875 0.6630859375 0.4326171875 0.669921875 0.4501953125 0.669921875 0.4541015625 0.662109375 0.45458984375 0.6123046875 0.484375 0.619140625 0.50244140625 0.6201171875 0.50244140625 0.6279296875 0.505859375 0.6298828125 0.509765625 0.62890625 0.51220703125 0.623046875 0.513671875 0.6201171875 0.517578125 0.62890625 0.52734375 0.630859375 0.53369140625 0.6259765625 0.537109375 0.6220703125 0.544921875 0.62109375 0.55322265625 0.619140625 0.57568359375 0.619140625 0.57568359375 0.6220703125 0.578125 0.623046875 0.57861328125 0.6201171875 0.583984375 0.6171875 0.59716796875 0.6171875 0.5966796875 0.630859375 0.59716796875 0.6533203125 0.59912109375 0.669921875 0.60107421875 0.6748046875 0.60546875 0.6767578125 0.61474609375 0.67578125 0.62109375 0.6748046875 0.6240234375 0.6669921875 0.625 0.6357421875 0.6259765625 0.6005859375 0.62841796875 0.595703125 0.63134765625 0.5732421875 0.634765625 0.5361328125 0.63330078125 0.51953125 0.63232421875 0.5146484375 0.63525390625 0.455078125 0.63330078125 0.431640625 0.634765625 0.4208984375 0.63671875 0.4169921875 0.63818359375 0.412109375 0.63525390625 0.408203125 0.634765625 0.4072265625 0.63134765625 0.31640625 0.62451171875 0.21875 0.611328125 0.138671875 0.60009765625 0.1337890625 0.54150390625 0.126953125 0.501953125 0.126953125 0.47265625 0.1279296875
7 0.419921875 0.478515625 0.41796875 0.4384765625 0.41845703125 0.43359375 0.41796875 0.427734375 0.4189453125 0.421875 0.42138671875 0.421875 0.4228515625 0.4267578125 0.4228515625 0.4306640625 0.42333984375 0.435546875 0.4267578125 0.478515625 0.4228515625 0.4794921875
7 0.4130859375 0.478515625 0.40966796875 0.4384765625 0.40869140625 0.4326171875 0.408203125 0.42578125 0.40869140625 0.421875 0.41064453125 0.4208984375 0.41259765625 0.423828125 0.4130859375 0.4296875 0.4150390625 0.43359375 0.41552734375 0.4375 0.41748046875 0.478515625
7 0.30126953125 0.455078125 0.30810546875 0.419921875 0.3134765625 0.4248046875 0.3095703125 0.455078125 0.30712890625 0.4619140625 0.30419921875 0.4619140625 0.30322265625 0.46484375 0.302734375 0.462890625 0.30322265625 0.4599609375
7 0.31396484375 0.490234375 0.30859375 0.4921875 0.30908203125 0.4951171875 0.31787109375 0.49609375 0.32373046875 0.4951171875 0.3203125 0.490234375 0.31787109375 0.490234375 0.3173828125 0.486328125 0.3193359375 0.484375 0.3193359375 0.439453125 0.31884765625 0.435546875 0.3193359375 0.4287109375 0.31689453125 0.4248046875 0.314453125 0.4248046875 0.31298828125 0.427734375 0.31396484375 0.431640625 0.314453125 0.435546875 0.3134765625 0.4384765625 0.3134765625 0.478515625 0.3134765625 0.4853515625 0.314453125 0.486328125
5 0.28564453125 0.5 0.28564453125 0.4521484375 0.287109375 0.453125 0.2880859375 0.5009765625
5 0.29638671875 0.5 0.29541015625 0.451171875 0.29736328125 0.451171875 0.29833984375 0.5009765625
5 0.30517578125 0.4970703125 0.3046875 0.4501953125 0.30712890625 0.4501953125 0.30810546875 0.498046875
