0 0.677734375 0.3916015625 0.6416015625 0.390625 0.51318359375 0.3974609375 0.0 0.6005859375 0.0 0.9990234375 0.99951171875 0.9990234375 0.99951171875 0.4091796875
2 0.62744140625 0.330078125 0.6767578125 0.3291015625 0.67822265625 0.41015625 0.6533203125 0.41796875 0.6259765625 0.421875
5 0.64208984375 0.408203125 0.64208984375 0.3828125 0.64111328125 0.3818359375 0.64111328125 0.4033203125
1 0.44970703125 0.486328125 0.48779296875 0.4921875 0.517578125 0.484375 0.537109375 0.4736328125 0.53662109375 0.458984375 0.5341796875 0.4560546875 0.51416015625 0.466796875 0.5 0.46484375 0.45751953125 0.455078125
10 0.39794921875 0.0 0.39990234375 0.201171875 0.99951171875 0.19921875 0.99951171875 0.0
2 0.99951171875 0.0 0.740234375 0.0 0.74267578125 0.0234375 0.7236328125 0.0478515625 0.69873046875 0.0458984375 0.66552734375 0.16796875 0.6669921875 0.41015625 0.72509765625 0.4716796875 0.7421875 0.4814453125 0.99951171875 0.587890625
2 0.0 0.5595703125 0.0 0.0009765625 0.00048828125 0.0 0.45947265625 0.0 0.5224609375 0.0849609375 0.54345703125 0.0830078125 0.54296875 0.1044921875 0.544921875 0.10546875 0.55224609375 0.107421875 0.55810546875 0.1162109375 0.5595703125 0.126953125 0.5771484375 0.130859375 0.5791015625 0.1552734375 0.6123046875 0.1865234375 0.61328125 0.19921875 0.63134765625 0.26171875 0.6318359375 0.40234375 0.63330078125 0.40234375 0.6318359375 0.42578125 0.611328125 0.44140625 0.609375 0.4443359375 0.60009765625 0.4453125 0.57861328125 0.4482421875
1 0.6083984375 0.451171875 0.60546875 0.453125 0.59716796875 0.455078125 0.5888671875 0.45703125 0.5849609375 0.45703125 0.58154296875 0.455078125 0.5810546875 0.447265625 0.5830078125 0.4453125 0.591796875 0.4443359375 0.603515625 0.4443359375 0.6083984375 0.443359375
5 0.53466796875 0.431640625 0.53515625 0.3720703125 0.5341796875 0.3720703125 0.53369140625 0.3974609375 0.533203125 0.4287109375
1 0.7158203125 0.51171875 0.7275390625 0.52734375 0.8955078125 0.623046875 0.9296875 0.6416015625 0.98779296875 0.6748046875 0.99951171875 0.6796875 0.99951171875 0.5234375 0.720703125 0.455078125
11 0.02880859375 0.4716796875 0.02587890625 0.4423828125 0.0283203125 0.4326171875 0.03125 0.431640625 0.02880859375 0.419921875 0.03076171875 0.412109375 0.0341796875 0.4052734375 0.0380859375 0.4052734375 0.041015625 0.4052734375 0.0419921875 0.46484375 0.0400390625 0.4736328125
11 0.06982421875 0.40234375 0.0634765625 0.390625 0.0615234375 0.3828125 0.06201171875 0.3681640625 0.0595703125 0.3583984375 0.0537109375 0.35546875 0.04931640625 0.361328125 0.048828125 0.3740234375 0.04833984375 0.384765625 0.04150390625 0.39453125 0.0380859375 0.40234375 0.0361328125 0.419921875 0.0380859375 0.4326171875 0.03662109375 0.4814453125 0.0390625 0.5087890625 0.04345703125 0.5146484375 0.06787109375 0.408203125
13 0.58251953125 0.4375 0.57958984375 0.431640625 0.5771484375 0.4248046875 0.57373046875 0.4248046875 0.57763671875 0.4560546875 0.58203125 0.458984375 0.583984375 0.45703125 0.58349609375 0.453125
13 0.572265625 0.458984375 0.572265625 0.4638671875 0.5751953125 0.4638671875 0.5771484375 0.4619140625 0.57763671875 0.4599609375 0.578125 0.458984375 0.578125 0.4560546875 0.578125 0.453125 0.578125 0.451171875 0.578125 0.443359375 0.578125 0.439453125 0.57666015625 0.435546875 0.572265625 0.419921875 0.55712890625 0.419921875 0.5556640625 0.4208984375 0.5546875 0.423828125 0.55419921875 0.4384765625 0.55712890625 0.4541015625 0.5576171875 0.4609375
8 0.7216796875 0.466796875 0.72607421875 0.431640625 0.7177734375 0.408203125 0.7138671875 0.4072265625 0.708984375 0.40625 0.7060546875 0.4052734375 0.703125 0.40625 0.7001953125 0.408203125 0.6962890625 0.412109375 0.69384765625 0.41015625 0.69287109375 0.408203125 0.69189453125 0.404296875 0.69189453125 0.40234375 0.69189453125 0.400390625 0.69140625 0.39453125 0.689453125 0.390625 0.68701171875 0.3857421875 0.68603515625 0.3828125 0.68798828125 0.3525390625 0.68212890625 0.3525390625 0.677734375 0.376953125 0.669921875 0.3798828125 0.66796875 0.380859375 0.66748046875 0.3837890625 0.6669921875 0.4052734375 0.65966796875 0.4150390625 0.6533203125 0.4150390625 0.65283203125 0.40234375 0.65283203125 0.373046875 0.64892578125 0.37109375 0.6455078125 0.3759765625 0.6435546875 0.37890625 0.6416015625 0.3798828125 0.640625 0.3779296875 0.640625 0.3671875 0.640625 0.3603515625 0.64013671875 0.3564453125 0.64013671875 0.3505859375 0.63671875 0.349609375 0.63232421875 0.349609375 0.6298828125 0.3525390625 0.62353515625 0.3505859375 0.6171875 0.3525390625 0.6083984375 0.3564453125 0.603515625 0.3544921875 0.59765625 0.3544921875 0.595703125 0.35546875 0.59423828125 0.3603515625 0.59423828125 0.361328125 0.58935546875 0.3623046875 0.58544921875 0.3623046875 0.58203125 0.3603515625 0.57958984375 0.359375 0.57958984375 0.4326171875 0.578125 0.4296875 0.578125 0.3642578125 0.57763671875 0.3583984375 0.576171875 0.3544921875 0.56884765625 0.3486328125 0.56689453125 0.3564453125 0.564453125 0.361328125 0.55615234375 0.3662109375 0.55419921875 0.3662109375 0.552734375 0.3916015625 0.552734375 0.43359375 0.548828125 0.4326171875 0.54931640625 0.3828125 0.54931640625 0.3779296875 0.5419921875 0.3876953125 0.53564453125 0.3857421875 0.53173828125 0.3857421875 0.53076171875 0.384765625 0.52783203125 0.3828125 0.52294921875 0.380859375 0.521484375 0.3828125 0.5185546875 0.3828125 0.517578125 0.3896484375 0.5185546875 0.4638671875 0.515625 0.455078125 0.51416015625 0.3701171875 0.51416015625 0.35546875 0.513671875 0.341796875 0.50927734375 0.333984375 0.50439453125 0.3291015625 0.501953125 0.33203125 0.49169921875 0.3359375 0.48779296875 0.337890625 0.48583984375 0.431640625 0.486328125 0.44921875 0.48095703125 0.4482421875 0.4814453125 0.4033203125 0.4755859375 0.3505859375 0.46630859375 0.3603515625 0.4638671875 0.3505859375 0.45361328125 0.34375 0.4501953125 0.341796875 0.44580078125 0.341796875 0.4453125 0.341796875 0.43505859375 0.34375 0.4326171875 0.3447265625 0.43212890625 0.3447265625 0.4228515625 0.337890625 0.4208984375 0.3359375 0.4072265625 0.310546875 0.40673828125 0.2978515625 0.4111328125 0.291015625 0.4091796875 0.27734375 0.39892578125 0.2705078125 0.39453125 0.2548828125 0.39404296875 0.24609375 0.39404296875 0.228515625 0.39404296875 0.2119140625 0.39404296875 0.1953125 0.3955078125 0.185546875 0.39990234375 0.150390625 0.3974609375 0.1337890625 0.400390625 0.1201171875 0.4052734375 0.1064453125 0.41259765625 0.091796875 0.416015625 0.0732421875 0.4208984375 0.060546875 0.4228515625 0.056640625 0.42919921875 0.0458984375 0.4296875 0.0458984375 0.4345703125 0.033203125 0.4423828125 0.0322265625 0.45068359375 0.0234375 0.453125 0.0146484375 0.455078125 0.0068359375 0.45947265625 0.0 0.46435546875 0.0 0.4794921875 0.0 0.486328125 0.0107421875 0.49755859375 0.0126953125 0.49755859375 0.0126953125 0.50244140625 0.0078125 0.50830078125 0.01171875 0.51513671875 0.015625 0.51953125 0.0224609375 0.52783203125 0.0380859375 0.52783203125 0.0390625 0.53076171875 0.0517578125 0.53369140625 0.052734375 0.53515625 0.052734375 0.541015625 0.0556640625 0.544921875 0.0625 0.54736328125 0.0712890625 0.55029296875 0.0751953125 0.54638671875 0.091796875 0.5478515625 0.103515625 0.55615234375 0.109375 0.560546875 0.1279296875 0.56884765625 0.1259765625 0.57470703125 0.123046875 0.57861328125 0.1123046875 0.5810546875 0.095703125 0.58154296875 0.08203125 0.58349609375 0.083984375 0.58251953125 0.068359375 0.5869140625 0.05859375 0.59130859375 0.0556640625 0.595703125 0.0390625 0.6044921875 0.037109375 0.61083984375 0.033203125 0.6123046875 0.009765625 0.61572265625 0.001953125 0.62255859375 0.0 0.623046875 0.0 0.63330078125 0.00390625 0.64111328125 0.0078125 0.65869140625 0.0 0.68408203125 0.0 0.685546875 0.0126953125 0.6953125 0.0107421875 0.6953125 0.0322265625 0.7021484375 0.013671875 0.7080078125 0.0224609375 0.70849609375 0.041015625 0.7080078125 0.0498046875 0.720703125 0.0576171875 0.720703125 0.0673828125 0.71484375 0.0859375 0.720703125 0.087890625 0.72216796875 0.09765625 0.72265625 0.1044921875 0.72119140625 0.119140625 0.72119140625 0.1259765625 0.7236328125 0.14453125 0.7236328125 0.1552734375 0.72998046875 0.1787109375 0.73828125 0.1884765625 0.74658203125 0.189453125 0.7451171875 0.1689453125 0.74658203125 0.1474609375 0.74609375 0.126953125 0.74169921875 0.1201171875 0.740234375 0.1103515625 0.74609375 0.099609375 0.75048828125 0.09375 0.751953125 0.1806640625 0.75244140625 0.2412109375 0.74951171875 0.25 0.748046875 0.2548828125 0.7490234375 0.259765625 0.751953125 0.2685546875 0.75146484375 0.283203125 0.748046875 0.287109375 0.748046875 0.296875 0.75439453125 0.296875 0.75634765625 0.345703125 0.755859375 0.3583984375 0.755859375 0.3662109375 0.75341796875 0.3642578125 0.75341796875 0.3642578125 0.751953125 0.3720703125 0.75390625 0.380859375 0.75439453125 0.3955078125 0.75341796875 0.4033203125 0.751953125 0.4755859375 0.74462890625 0.4765625 0.7392578125 0.4736328125 0.73583984375 0.4736328125 0.72802734375 0.4736328125 0.71875 0.4677734375 0.72021484375 0.4677734375
11 0.48779296875 0.416015625 0.490234375 0.4169921875 0.49072265625 0.419921875 0.4931640625 0.423828125 0.494140625 0.44921875 0.48583984375 0.44921875 0.484375 0.421875 0.48486328125 0.419921875
13 0.56005859375 0.44140625 0.5595703125 0.4375 0.55712890625 0.4375 0.5556640625 0.435546875 0.552734375 0.4248046875 0.53564453125 0.4248046875 0.53125 0.435546875 0.54345703125 0.4619140625 0.54541015625 0.4638671875 0.5517578125 0.46484375 0.5517578125 0.46875 0.55419921875 0.46875 0.55419921875 0.46875 0.55615234375 0.46875 0.5595703125 0.4677734375 0.56005859375 0.46484375 0.56005859375 0.4482421875 0.55859375 0.44140625
13 0.50732421875 0.466796875 0.525390625 0.466796875 0.53466796875 0.466796875 0.53515625 0.46875 0.53515625 0.47265625 0.5390625 0.47265625 0.5400390625 0.4697265625 0.54052734375 0.4677734375 0.5419921875 0.4677734375 0.54296875 0.4716796875 0.5439453125 0.4716796875 0.54638671875 0.4716796875 0.54638671875 0.46484375 0.54638671875 0.44921875 0.5439453125 0.447265625 0.54296875 0.443359375 0.5458984375 0.4423828125 0.5458984375 0.439453125 0.54541015625 0.4375 0.5439453125 0.4375 0.54248046875 0.4384765625 0.5380859375 0.4267578125 0.521484375 0.427734375 0.517578125 0.4296875
5 0.59765625 0.453125 0.59765625 0.4326171875 0.59619140625 0.4326171875 0.59619140625 0.453125
11 0.42529296875 0.421875 0.427734375 0.4169921875 0.4296875 0.4150390625 0.4306640625 0.408203125 0.43115234375 0.404296875 0.43310546875 0.40234375 0.435546875 0.404296875 0.435546875 0.4130859375 0.4384765625 0.416015625 0.439453125 0.4208984375
5 0.4775390625 0.4423828125 0.4755859375 0.33203125 0.47216796875 0.3330078125 0.47607421875 0.4541015625 0.4775390625 0.447265625
7 0.4775390625 0.365234375 0.47509765625 0.3642578125 0.47265625 0.365234375 0.4697265625 0.3701171875 0.47021484375 0.376953125 0.4716796875 0.380859375 0.474609375 0.3837890625 0.4775390625 0.3828125 0.48046875 0.3798828125 0.48095703125 0.3740234375 0.48046875 0.369140625
7 0.474609375 0.3369140625 0.47705078125 0.3349609375 0.478515625 0.3291015625 0.47802734375 0.322265625 0.47607421875 0.318359375 0.4736328125 0.3173828125 0.4697265625 0.3212890625 0.46826171875 0.328125 0.46875 0.3330078125 0.46923828125 0.3359375 0.47119140625 0.3369140625
7 0.4794921875 0.33984375 0.46923828125 0.33984375 0.46923828125 0.349609375 0.47998046875 0.3486328125
7 0.48046875 0.3505859375 0.4697265625 0.3525390625 0.4697265625 0.361328125 0.48046875 0.361328125
11 0.53369140625 0.4140625 0.53076171875 0.4150390625 0.52978515625 0.41796875 0.52880859375 0.4267578125 0.53369140625 0.427734375
5 0.60205078125 0.447265625 0.60205078125 0.3955078125 0.6005859375 0.3955078125 0.6005859375 0.4521484375 0.60205078125 0.4521484375
7 0.60302734375 0.396484375 0.60302734375 0.392578125 0.60205078125 0.390625 0.60107421875 0.3896484375 0.60009765625 0.390625 0.599609375 0.392578125 0.599609375 0.3955078125 0.60009765625 0.3974609375 0.60107421875 0.3974609375
5 0.6533203125 0.4130859375 0.6533203125 0.3525390625 0.650390625 0.353515625 0.65087890625 0.416015625
7 0.6572265625 0.3310546875 0.646484375 0.3310546875 0.646484375 0.3642578125 0.6572265625 0.3623046875
11 0.72607421875 0.4072265625 0.7265625 0.40234375 0.72802734375 0.3974609375 0.73046875 0.3974609375 0.7314453125 0.4013671875 0.7314453125 0.40625 0.73095703125 0.4091796875 0.7333984375 0.4140625 0.73583984375 0.4208984375 0.7373046875 0.4365234375 0.7333984375 0.4384765625 0.7333984375 0.4482421875 0.73193359375 0.4501953125 0.732421875 0.4873046875 0.72802734375 0.4892578125 0.716796875 0.43359375 0.71923828125 0.423828125 0.720703125 0.4150390625 0.7216796875 0.41015625 0.72412109375 0.4091796875
5 0.9208984375 0.291015625 0.91845703125 0.1689453125 0.912109375 0.1708984375 0.91455078125 0.29296875
7 0.921875 0.150390625 0.9091796875 0.15625 0.91015625 0.251953125 0.923828125 0.2470703125
11 0.51611328125 0.4169921875 0.51318359375 0.4169921875 0.51171875 0.423828125 0.51220703125 0.4248046875 0.51025390625 0.4267578125 0.5107421875 0.447265625 0.5166015625 0.4453125
11 0.50146484375 0.453125 0.5 0.4423828125 0.50341796875 0.4384765625 0.50537109375 0.43359375 0.50537109375 0.4267578125 0.50244140625 0.423828125 0.501953125 0.416015625 0.4990234375 0.4140625 0.498046875 0.4189453125 0.49560546875 0.421875 0.49658203125 0.4423828125
13 0.630859375 0.42578125 0.62890625 0.419921875 0.6201171875 0.419921875 0.61767578125 0.4208984375 0.6181640625 0.4453125 0.62646484375 0.4443359375 0.626953125 0.4453125 0.626953125 0.4501953125 0.62890625 0.4521484375 0.63037109375 0.451171875 0.630859375 0.4482421875 0.6318359375 0.4482421875 0.63330078125 0.447265625 0.63427734375 0.4423828125 0.634765625 0.4482421875 0.63525390625 0.44140625 0.63525390625 0.4375 0.6357421875 0.431640625 0.634765625 0.4296875 0.63330078125 0.4287109375 0.63330078125 0.427734375 0.63330078125 0.4267578125 0.6328125 0.42578125
13 0.48388671875 0.4501953125 0.478515625 0.4306640625 0.47705078125 0.4248046875 0.474609375 0.4150390625 0.4716796875 0.4130859375 0.46875 0.4130859375 0.4580078125 0.4130859375 0.4482421875 0.4130859375 0.4365234375 0.4140625 0.43408203125 0.421875 0.4697265625 0.490234375 0.4716796875 0.4990234375 0.4765625 0.498046875 0.4775390625 0.4912109375 0.4775390625 0.48828125 0.48046875 0.4873046875 0.48046875 0.49609375 0.48388671875 0.49609375 0.48486328125 0.4951171875 0.484375 0.455078125
13 0.41748046875 0.427734375 0.42431640625 0.421875 0.45068359375 0.4208984375 0.458984375 0.421875 0.4619140625 0.4296875 0.46630859375 0.4423828125 0.4677734375 0.4365234375 0.47021484375 0.4365234375 0.4716796875 0.4404296875 0.4716796875 0.443359375 0.47021484375 0.4482421875 0.4697265625 0.4521484375 0.47265625 0.4619140625 0.47265625 0.4697265625 0.47265625 0.498046875 0.47119140625 0.5009765625 0.466796875 0.5009765625 0.46337890625 0.50390625 0.458984375 0.50390625 0.45703125 0.50390625 0.45703125 0.4970703125 0.4287109375 0.4970703125
13 0.41796875 0.4140625 0.40869140625 0.412109375 0.3828125 0.4130859375 0.38134765625 0.416015625 0.38037109375 0.41796875 0.38232421875 0.4609375 0.40576171875 0.515625 0.41455078125 0.515625 0.4189453125 0.515625 0.419921875 0.53125 0.4248046875 0.5322265625 0.42822265625 0.5283203125 0.42822265625 0.5234375 0.43212890625 0.521484375 0.43359375 0.513671875 0.43408203125 0.4951171875 0.4306640625 0.4765625 0.4306640625 0.455078125 0.43408203125 0.453125 0.4345703125 0.4453125 0.4326171875 0.44140625 0.4296875 0.44140625 0.427734375 0.443359375 0.42529296875 0.443359375
13 0.34912109375 0.408203125 0.361328125 0.40625 0.37890625 0.408203125 0.3828125 0.4091796875 0.3994140625 0.4375 0.400390625 0.4453125 0.404296875 0.443359375 0.40673828125 0.443359375 0.40966796875 0.447265625 0.40966796875 0.4560546875 0.4072265625 0.458984375 0.40478515625 0.4599609375 0.408203125 0.4697265625 0.4111328125 0.4736328125 0.41064453125 0.537109375 0.4072265625 0.5390625 0.40283203125 0.5400390625 0.400390625 0.5380859375 0.400390625 0.533203125 0.39111328125 0.5322265625 0.39013671875 0.5458984375 0.38720703125 0.55078125 0.3818359375 0.5517578125 0.376953125 0.55078125 0.36962890625 0.548828125
13 0.21826171875 0.3935546875 0.232421875 0.3720703125 0.23876953125 0.365234375 0.2421875 0.3603515625 0.24853515625 0.3583984375 0.2568359375 0.359375 0.26220703125 0.361328125 0.3095703125 0.361328125 0.31103515625 0.357421875 0.31689453125 0.35546875 0.333984375 0.357421875 0.341796875 0.37109375 0.34765625 0.384765625 0.35107421875 0.3994140625 0.35693359375 0.416015625 0.3623046875 0.4150390625 0.36572265625 0.41796875 0.36767578125 0.421875 0.36767578125 0.431640625 0.36572265625 0.4365234375 0.3642578125 0.4384765625 0.36474609375 0.4423828125 0.369140625 0.4482421875 0.37451171875 0.4609375 0.37646484375 0.4697265625 0.37646484375 0.5576171875 0.3740234375 0.5673828125 0.36669921875 0.5693359375 0.35888671875 0.568359375 0.35791015625 0.552734375 0.3486328125 0.552734375 0.34765625 0.5849609375 0.34423828125 0.58984375 0.33740234375 0.59375 0.33154296875 0.59375 0.32763671875 0.591796875 0.32080078125 0.56640625 0.271484375 0.5712890625
13 0.083984375 0.3720703125 0.1025390625 0.3662109375 0.19287109375 0.365234375 0.2041015625 0.3662109375 0.21875 0.3720703125 0.2314453125 0.388671875 0.25 0.4296875 0.25537109375 0.4482421875 0.26318359375 0.4482421875 0.267578125 0.453125 0.26806640625 0.4658203125 0.2626953125 0.4697265625 0.2685546875 0.4853515625 0.27001953125 0.4931640625 0.27197265625 0.5029296875 0.27294921875 0.5087890625 0.27734375 0.5166015625 0.279296875 0.53125 0.28076171875 0.6025390625 0.27978515625 0.6162109375 0.27783203125 0.6240234375 0.2724609375 0.6298828125 0.2607421875 0.62890625 0.25927734375 0.6083984375 0.22216796875 0.623046875 0.220703125 0.6376953125 0.21826171875 0.654296875 0.212890625 0.6669921875 0.2060546875 0.6708984375 0.1884765625 0.6689453125 0.18115234375 0.66015625 0.1728515625 0.623046875 0.06298828125 0.6435546875 0.06201171875 0.6435546875 0.0341796875 0.5546875 0.037109375 0.5166015625 0.0390625 0.4951171875 0.041015625 0.4736328125 0.0439453125 0.466796875 0.06982421875 0.3837890625
13 0.68798828125 0.4091796875 0.66162109375 0.408203125 0.66162109375 0.3994140625 0.6494140625 0.3994140625 0.6494140625 0.40625 0.650390625 0.40625 0.650390625 0.4091796875 0.6474609375 0.41015625 0.6455078125 0.4169921875 0.6435546875 0.4287109375 0.6416015625 0.4375 0.64111328125 0.4384765625 0.640625 0.4375 0.63818359375 0.435546875 0.63525390625 0.435546875 0.63330078125 0.4365234375 0.6328125 0.4404296875 0.6328125 0.4443359375 0.63427734375 0.447265625 0.63525390625 0.447265625 0.63720703125 0.4482421875 0.6376953125 0.4482421875 0.63623046875 0.4541015625 0.6357421875 0.4609375 0.63525390625 0.4677734375 0.63525390625 0.4775390625 0.63623046875 0.498046875 0.63623046875 0.5087890625 0.6376953125 0.5087890625 0.64013671875 0.5087890625 0.64013671875 0.51171875 0.6416015625 0.513671875 0.646484375 0.513671875
13 0.0 0.5126953125 0.0322265625 0.5302734375 0.060546875 0.5478515625 0.07177734375 0.55859375 0.08837890625 0.5966796875 0.09521484375 0.6396484375 0.09716796875 0.693359375 0.091796875 0.7265625 0.0869140625 0.7373046875 0.08349609375 0.7626953125 0.076171875 0.7880859375 0.06640625 0.80078125 0.0556640625 0.8046875 0.04638671875 0.8017578125 0.037109375 0.794921875 0.033203125 0.7802734375 0.01416015625 0.794921875 0.0 0.8046875 0.0 0.794921875
13 0.703125 0.412109375 0.69091796875 0.412109375 0.6787109375 0.412109375 0.67724609375 0.3974609375 0.66259765625 0.3994140625 0.66259765625 0.408203125 0.6640625 0.412109375 0.66015625 0.416015625 0.65478515625 0.4306640625 0.6513671875 0.4453125 0.6484375 0.4404296875 0.6435546875 0.44140625 0.64306640625 0.4453125 0.64306640625 0.451171875 0.646484375 0.453125 0.64892578125 0.4521484375 0.64697265625 0.46484375 0.6455078125 0.4814453125 0.64501953125 0.50390625 0.64501953125 0.5166015625 0.646484375 0.5205078125 0.64892578125 0.5205078125 0.64892578125 0.5068359375 0.6494140625 0.5078125 0.6494140625 0.5234375 0.6494140625 0.5302734375 0.6572265625 0.5322265625 0.66015625 0.53125 0.6611328125 0.5244140625 0.662109375 0.5205078125 0.70458984375 0.521484375 0.70654296875 0.52734375 0.71044921875 0.5283203125 0.712890625 0.525390625 0.7138671875 0.5205078125 0.71533203125 0.51953125 0.7158203125 0.5224609375 0.71630859375 0.52734375 0.7177734375 0.5341796875 0.72119140625 0.5341796875 0.72607421875 0.533203125 0.72705078125 0.525390625 0.72705078125 0.498046875 0.7265625 0.4609375 0.72216796875 0.4443359375 0.71484375 0.4208984375 0.7109375 0.4140625
13 0.99609375 0.6513671875 0.99951171875 0.6376953125 0.99951171875 0.3251953125 0.99560546875 0.3095703125 0.98876953125 0.2978515625 0.97509765625 0.29296875 0.92529296875 0.28515625 0.86181640625 0.287109375 0.83935546875 0.294921875 0.81396484375 0.3076171875 0.78955078125 0.3212890625 0.77392578125 0.333984375 0.76416015625 0.369140625 0.7568359375 0.40625 0.75390625 0.40625 0.75390625 0.392578125 0.74951171875 0.3896484375 0.73876953125 0.3896484375 0.73583984375 0.39453125 0.736328125 0.4072265625 0.7373046875 0.4150390625 0.73779296875 0.419921875 0.7548828125 0.421875 0.74755859375 0.44140625 0.74462890625 0.458984375 0.7431640625 0.4912109375 0.74267578125 0.5126953125 0.7392578125 0.5244140625 0.73974609375 0.5400390625 0.74072265625 0.5517578125 0.74365234375 0.568359375 0.744140625 0.607421875 0.74609375 0.6220703125 0.75244140625 0.62890625 0.75927734375 0.6259765625 0.763671875 0.6259765625 0.7666015625 0.6201171875 0.7685546875 0.58984375 0.80029296875 0.6044921875 0.80224609375 0.6279296875 0.80419921875 0.6455078125 0.80908203125 0.662109375 0.81201171875 0.671875 0.8212890625 0.6767578125 0.830078125 0.67578125 0.84130859375 0.67578125 0.84521484375 0.6748046875 0.853515625 0.6533203125 0.8544921875 0.626953125 0.95654296875 0.6298828125 0.95849609375 0.658203125 0.96533203125 0.677734375 0.97412109375 0.6826171875 0.98388671875 0.685546875 0.98828125 0.6826171875 0.99267578125 0.671875
13 0.63134765625 0.400390625 0.640625 0.400390625 0.642578125 0.40625 0.64404296875 0.408203125 0.64453125 0.4150390625 0.64404296875 0.41796875 0.64306640625 0.4189453125 0.642578125 0.4169921875 0.640625 0.4169921875 0.63916015625 0.4189453125 0.63818359375 0.419921875 0.6376953125 0.41796875 0.63330078125 0.4169921875 0.6328125 0.419921875 0.63134765625 0.419921875
6 0.63916015625 0.37890625 0.63525390625 0.37890625 0.63525390625 0.3798828125 0.634765625 0.380859375 0.63525390625 0.3837890625 0.6357421875 0.384765625 0.63916015625 0.384765625 0.63916015625 0.3818359375
7 0.6416015625 0.384765625 0.642578125 0.384765625 0.6435546875 0.3828125 0.6435546875 0.3779296875 0.642578125 0.376953125 0.6416015625 0.3759765625 0.640625 0.376953125 0.64013671875 0.3779296875 0.64013671875 0.380859375 0.64013671875 0.3828125 0.640625 0.3837890625
11 0.6142578125 0.40234375 0.61279296875 0.40625 0.61279296875 0.4091796875 0.61279296875 0.4130859375 0.6123046875 0.4150390625 0.61181640625 0.4169921875 0.60986328125 0.419921875 0.6083984375 0.4208984375 0.607421875 0.423828125 0.60693359375 0.4365234375 0.60693359375 0.44140625 0.60693359375 0.443359375 0.60791015625 0.4443359375 0.60791015625 0.4599609375 0.60888671875 0.4599609375 0.609375 0.4609375 0.60986328125 0.4716796875 0.60986328125 0.4765625 0.60986328125 0.50390625 0.60986328125 0.509765625 0.61376953125 0.509765625 0.61669921875 0.5107421875 0.619140625 0.509765625 0.62255859375 0.5107421875 0.62353515625 0.509765625 0.62353515625 0.5087890625 0.62109375 0.5048828125 0.62109375 0.501953125 0.62158203125 0.498046875 0.62158203125 0.4921875 0.62255859375 0.4853515625 0.62255859375 0.48046875 0.62158203125 0.4765625 0.62060546875 0.4755859375 0.62060546875 0.4638671875 0.62158203125 0.4619140625 0.62353515625 0.4599609375 0.62353515625 0.453125 0.6259765625 0.455078125 0.626953125 0.4541015625 0.62744140625 0.451171875 0.626953125 0.4501953125 0.62646484375 0.4482421875 0.62451171875 0.447265625 0.62353515625 0.4443359375 0.62255859375 0.443359375 0.62158203125 0.439453125 0.62109375 0.4296875 0.619140625 0.421875 0.619140625 0.4189453125 0.619140625 0.4150390625 0.619140625 0.408203125 0.619140625 0.404296875 0.61865234375 0.4033203125 0.61767578125 0.40234375
