1 0.0 0.5244140625 0.1298828125 0.4287109375 0.15087890625 0.44140625 0.19140625 0.42578125 0.125 0.52734375 0.0185546875 0.603515625 0.0 0.60546875
10 0.052734375 0.0 0.07275390625 0.2041015625 0.1474609375 0.2744140625 0.36767578125 0.2958984375 0.40087890625 0.0
10 0.052734375 0.0 0.07275390625 0.2041015625 0.1474609375 0.2744140625 0.36767578125 0.2958984375 0.40087890625 0.0
10 0.052734375 0.0 0.07275390625 0.2041015625 0.1474609375 0.2744140625 0.36767578125 0.2958984375 0.40087890625 0.0
8 0.087890625 0.2021484375 0.1025390625 0.208984375 0.10693359375 0.216796875 0.11572265625 0.208984375 0.126953125 0.2001953125 0.13330078125 0.2216796875 0.142578125 0.2236328125 0.146484375 0.2275390625 0.14013671875 0.2373046875 0.15869140625 0.248046875 0.17236328125 0.248046875 0.1787109375 0.2421875 0.18701171875 0.2548828125 0.205078125 0.259765625 0.2197265625 0.2646484375 0.2265625 0.2470703125 0.23583984375 0.2412109375 0.24609375 0.23046875 0.263671875 0.2333984375 0.275390625 0.2421875 0.29150390625 0.2451171875 0.29931640625 0.2509765625 0.29833984375 0.2646484375 0.31298828125 0.26953125 0.3271484375 0.2734375 0.3466796875 0.2763671875 0.349609375 0.3564453125 0.29638671875 0.4052734375 0.2607421875 0.4365234375 0.20849609375 0.43359375 0.1494140625 0.416015625 0.08935546875 0.453125 0.08447265625 0.37109375
2 0.537109375 0.0 0.37744140625 0.0 0.37255859375 0.0009765625 0.37158203125 0.060546875 0.3564453125 0.091796875 0.35595703125 0.1259765625 0.36181640625 0.1337890625 0.359375 0.28125 0.33544921875 0.2802734375 0.33447265625 0.2841796875 0.3447265625 0.2880859375 0.345703125 0.345703125 0.3095703125 0.345703125 0.2880859375 0.357421875 0.294921875 0.3662109375 0.34423828125 0.3671875 0.34326171875 0.3857421875 0.33740234375 0.388671875 0.3369140625 0.3994140625 0.34130859375 0.4013671875 0.341796875 0.4677734375 0.3583984375 0.541015625 0.6044921875 0.6416015625 0.841796875 0.7001953125 0.947265625 0.728515625 0.98828125 0.7216796875 0.99951171875 0.7158203125 0.99951171875 0.0
2 0.537109375 0.0 0.37744140625 0.0 0.37255859375 0.0009765625 0.37158203125 0.060546875 0.3564453125 0.091796875 0.35595703125 0.1259765625 0.36181640625 0.1337890625 0.359375 0.28125 0.33544921875 0.2802734375 0.33447265625 0.2841796875 0.3447265625 0.2880859375 0.345703125 0.345703125 0.3095703125 0.345703125 0.2880859375 0.357421875 0.294921875 0.3662109375 0.34423828125 0.3671875 0.34326171875 0.3857421875 0.33740234375 0.388671875 0.3369140625 0.3994140625 0.34130859375 0.4013671875 0.341796875 0.4677734375 0.3583984375 0.541015625 0.6044921875 0.6416015625 0.841796875 0.7001953125 0.947265625 0.728515625 0.98828125 0.7216796875 0.99951171875 0.7158203125 0.99951171875 0.0
2 0.537109375 0.0 0.37744140625 0.0 0.37255859375 0.0009765625 0.37158203125 0.060546875 0.3564453125 0.091796875 0.35595703125 0.1259765625 0.36181640625 0.1337890625 0.359375 0.28125 0.33544921875 0.2802734375 0.33447265625 0.2841796875 0.3447265625 0.2880859375 0.345703125 0.345703125 0.3095703125 0.345703125 0.2880859375 0.357421875 0.294921875 0.3662109375 0.34423828125 0.3671875 0.34326171875 0.3857421875 0.33740234375 0.388671875 0.3369140625 0.3994140625 0.34130859375 0.4013671875 0.341796875 0.4677734375 0.3583984375 0.541015625 0.6044921875 0.6416015625 0.841796875 0.7001953125 0.947265625 0.728515625 0.98828125 0.7216796875 0.99951171875 0.7158203125 0.99951171875 0.0
2 0.0634765625 0.0546875 0.0615234375 0.0009765625 0.0 0.0 0.0 0.54296875 0.029296875 0.51953125 0.0498046875 0.4990234375 0.0654296875 0.4833984375 0.0751953125 0.4697265625 0.0927734375 0.4609375 0.0927734375 0.443359375 0.09033203125 0.439453125 0.0908203125 0.3935546875 0.0966796875 0.388671875 0.09619140625 0.3720703125 0.09130859375 0.37109375 0.08935546875 0.1064453125 0.09765625 0.10546875 0.0986328125 0.09765625
5 0.32763671875 0.5068359375 0.32958984375 0.2587890625 0.32958984375 0.228515625 0.32861328125 0.224609375 0.30615234375 0.2197265625 0.2919921875 0.2158203125 0.2861328125 0.216796875 0.28173828125 0.216796875 0.27880859375 0.216796875 0.27734375 0.216796875 0.2763671875 0.2109375 0.27783203125 0.208984375 0.2822265625 0.2060546875 0.2861328125 0.20703125 0.29052734375 0.212890625 0.33251953125 0.2216796875 0.33203125 0.30078125 0.33154296875 0.390625 0.33154296875 0.4755859375 0.33154296875 0.5009765625
0 0.0 0.576171875 0.0 0.9990234375 0.99951171875 0.9990234375 0.99951171875 0.7685546875 0.33740234375 0.5576171875 0.2705078125 0.4248046875 0.189453125 0.423828125 0.17724609375 0.44140625 0.1689453125 0.4541015625 0.15380859375 0.4765625 0.12548828125 0.515625 0.1044921875 0.5439453125 0.078125 0.5498046875 0.02490234375 0.56640625
1 0.3076171875 0.51171875 0.31494140625 0.5107421875 0.3154296875 0.521484375 0.31982421875 0.5283203125 0.32568359375 0.53125 0.32763671875 0.5283203125 0.3330078125 0.5458984375 0.33837890625 0.552734375 0.34375 0.5517578125 0.3427734375 0.546875 0.36669921875 0.5458984375 0.36767578125 0.5517578125 0.375 0.5517578125 0.37890625 0.5498046875 0.37890625 0.5400390625 0.37890625 0.5322265625 0.3759765625 0.51953125 0.37548828125 0.5146484375 0.380859375 0.5205078125 0.38525390625 0.5283203125 0.38916015625 0.5302734375 0.3955078125 0.53125 0.40283203125 0.5361328125 0.41259765625 0.5390625 0.42041015625 0.546875 0.4521484375 0.564453125 0.47412109375 0.576171875 0.48876953125 0.5810546875 0.51708984375 0.58984375 0.5244140625 0.591796875 0.53662109375 0.603515625 0.5693359375 0.6142578125 0.5771484375 0.611328125 0.6015625 0.6328125 0.61376953125 0.630859375 0.7802734375 0.6787109375 0.85498046875 0.6982421875 0.8916015625 0.70703125 0.9560546875 0.7138671875 0.99951171875 0.71484375 0.99951171875 0.80078125 0.97412109375 0.80078125 0.89013671875 0.7861328125 0.8037109375 0.7666015625 0.77294921875 0.7568359375 0.71923828125 0.736328125 0.63623046875 0.6982421875 0.56689453125 0.669921875 0.55908203125 0.6630859375 0.54248046875 0.658203125 0.5244140625 0.6474609375 0.5 0.6357421875 0.44482421875 0.6083984375 0.3955078125 0.5810546875 0.38720703125 0.5751953125 0.376953125 0.5703125 0.37060546875 0.568359375 0.3564453125 0.5634765625 0.34521484375 0.5615234375 0.33447265625 0.55859375 0.32763671875 0.5546875 0.31982421875 0.544921875 0.3115234375 0.5302734375
1 0.3076171875 0.51171875 0.31494140625 0.5107421875 0.3154296875 0.521484375 0.31982421875 0.5283203125 0.32568359375 0.53125 0.32763671875 0.5283203125 0.3330078125 0.5458984375 0.33837890625 0.552734375 0.34375 0.5517578125 0.3427734375 0.546875 0.36669921875 0.5458984375 0.36767578125 0.5517578125 0.375 0.5517578125 0.37890625 0.5498046875 0.37255859375 0.5478515625 0.37353515625 0.5341796875 0.36962890625 0.5185546875 0.37548828125 0.5146484375 0.380859375 0.5205078125 0.38525390625 0.5283203125 0.38916015625 0.5302734375 0.3955078125 0.53125 0.40283203125 0.5361328125 0.41259765625 0.5390625 0.42041015625 0.546875 0.4521484375 0.564453125 0.47412109375 0.576171875 0.48876953125 0.5810546875 0.51708984375 0.58984375 0.5244140625 0.591796875 0.53662109375 0.603515625 0.5693359375 0.6142578125 0.5771484375 0.611328125 0.6015625 0.6328125 0.61376953125 0.630859375 0.7802734375 0.6787109375 0.85498046875 0.6982421875 0.8916015625 0.70703125 0.9560546875 0.7138671875 0.99951171875 0.71484375 0.99951171875 0.80078125 0.97412109375 0.80078125 0.89013671875 0.7861328125 0.8037109375 0.7666015625 0.77294921875 0.7568359375 0.71923828125 0.736328125 0.63623046875 0.6982421875 0.56689453125 0.669921875 0.55908203125 0.6630859375 0.54248046875 0.658203125 0.5244140625 0.6474609375 0.5 0.6357421875 0.44482421875 0.6083984375 0.3955078125 0.5810546875 0.38720703125 0.5751953125 0.376953125 0.5703125 0.37060546875 0.568359375 0.3564453125 0.5634765625 0.34521484375 0.5615234375 0.33447265625 0.55859375 0.32763671875 0.5546875 0.31982421875 0.544921875 0.3115234375 0.5302734375
6 0.99951171875 0.0634765625 0.982421875 0.06640625 0.97509765625 0.0673828125 0.96875 0.0732421875 0.9638671875 0.0791015625 0.95458984375 0.08203125 0.9443359375 0.0859375 0.94091796875 0.09375 0.93994140625 0.1044921875 0.94091796875 0.1083984375 0.947265625 0.1123046875 0.9541015625 0.1171875 0.96044921875 0.119140625 0.9619140625 0.1025390625 0.9697265625 0.107421875 0.9697265625 0.130859375 0.962890625 0.1357421875 0.94873046875 0.140625 0.94091796875 0.1435546875 0.93798828125 0.1474609375 0.93603515625 0.1591796875 0.93701171875 0.166015625 0.9462890625 0.171875 0.95947265625 0.177734375 0.9599609375 0.16015625 0.96923828125 0.1669921875 0.96923828125 0.185546875 0.96630859375 0.1923828125 0.95849609375 0.193359375 0.9443359375 0.197265625 0.93994140625 0.201171875 0.9384765625 0.2138671875 0.93798828125 0.2236328125 0.94091796875 0.2275390625 0.95947265625 0.2353515625 0.9619140625 0.224609375 0.9677734375 0.2294921875 0.96826171875 0.2421875 0.98046875 0.248046875 0.9892578125 0.24609375 0.99462890625 0.24609375 0.99609375 0.1806640625 0.99658203125 0.1572265625 0.99951171875 0.1474609375
11 0.31298828125 0.44140625 0.31298828125 0.435546875 0.31396484375 0.4296875 0.31494140625 0.4296875 0.31494140625 0.423828125 0.31591796875 0.419921875 0.31787109375 0.4189453125 0.31884765625 0.42578125 0.3203125 0.4326171875 0.3212890625 0.4404296875
7 0.32373046875 0.431640625 0.3232421875 0.41796875 0.32568359375 0.4169921875 0.32568359375 0.39453125 0.33251953125 0.3935546875 0.3330078125 0.41796875 0.33447265625 0.4169921875 0.33447265625 0.4326171875
13 0.2548828125 0.4189453125 0.24072265625 0.4189453125 0.23974609375 0.41796875 0.23974609375 0.4091796875 0.24169921875 0.408203125 0.2421875 0.4033203125 0.251953125 0.4033203125 0.25390625 0.408203125 0.2548828125 0.41015625
13 0.25439453125 0.42578125 0.24072265625 0.4248046875 0.23974609375 0.41796875 0.23974609375 0.4091796875 0.24169921875 0.408203125 0.2421875 0.4033203125 0.251953125 0.4033203125 0.25390625 0.408203125 0.2548828125 0.41015625
13 0.23681640625 0.43359375 0.23681640625 0.4482421875 0.23681640625 0.4541015625 0.23974609375 0.4541015625 0.23974609375 0.451171875 0.251953125 0.451171875 0.251953125 0.4541015625 0.25244140625 0.455078125 0.25537109375 0.455078125 0.255859375 0.4541015625 0.255859375 0.44140625 0.25537109375 0.439453125 0.25537109375 0.435546875 0.25732421875 0.435546875 0.25732421875 0.4306640625 0.25537109375 0.431640625 0.25390625 0.4306640625 0.251953125 0.421875 0.24658203125 0.421875 0.23974609375 0.421875 0.23828125 0.42578125 0.23828125 0.4287109375 0.23828125 0.4306640625 0.23681640625 0.4306640625 0.23583984375 0.4306640625 0.234375 0.4306640625 0.234375 0.43359375
13 0.21875 0.513671875 0.21875 0.525390625 0.21875 0.5283203125 0.2197265625 0.5302734375 0.22265625 0.53125 0.224609375 0.5283203125 0.22509765625 0.5205078125 0.2255859375 0.5205078125 0.22607421875 0.521484375 0.24560546875 0.521484375 0.24560546875 0.5244140625 0.24609375 0.5302734375 0.248046875 0.533203125 0.25341796875 0.533203125 0.25439453125 0.53125 0.2548828125 0.51953125 0.2548828125 0.5107421875 0.2548828125 0.50390625 0.25439453125 0.4970703125 0.2578125 0.4951171875 0.25830078125 0.48828125 0.25390625 0.48828125 0.251953125 0.486328125 0.24951171875 0.474609375 0.2255859375 0.4736328125 0.22216796875 0.486328125 0.21923828125 0.486328125 0.2177734375 0.4892578125 0.21875 0.4921875 0.22021484375 0.4921875 0.21923828125 0.4990234375
18 0.32763671875 0.53125 0.32080078125 0.53125 0.3173828125 0.53125 0.31591796875 0.525390625 0.31494140625 0.521484375 0.3154296875 0.515625 0.31591796875 0.513671875 0.31689453125 0.509765625 0.3193359375 0.5068359375 0.32373046875 0.5068359375 0.3251953125 0.5048828125 0.3232421875 0.5 0.32275390625 0.4970703125 0.3271484375 0.4970703125 0.33154296875 0.49609375 0.33349609375 0.49609375 0.33203125 0.5048828125 0.3310546875 0.5146484375
7 0.22265625 0.3955078125 0.22265625 0.4033203125 0.2275390625 0.4033203125 0.2275390625 0.3955078125
13 0.2890625 0.4404296875 0.29150390625 0.4326171875 0.298828125 0.4306640625 0.3076171875 0.4306640625 0.30859375 0.435546875 0.3115234375 0.443359375 0.3037109375 0.451171875 0.2978515625 0.45703125 0.29345703125 0.45703125 0.2939453125 0.4638671875 0.291015625 0.4658203125 0.2890625 0.4638671875 0.287109375 0.4560546875 0.287109375 0.44921875
7 0.25244140625 0.3974609375 0.25244140625 0.4033203125 0.25390625 0.40625 0.25732421875 0.40625 0.25732421875 0.3974609375
13 0.29736328125 0.453125 0.30029296875 0.4423828125 0.31787109375 0.4423828125 0.3193359375 0.447265625 0.30859375 0.466796875 0.3037109375 0.4677734375 0.296875 0.4736328125 0.29638671875 0.4599609375
13 0.30126953125 0.47265625 0.30126953125 0.4677734375 0.30224609375 0.462890625 0.3046875 0.462890625 0.3076171875 0.4501953125 0.3232421875 0.4482421875 0.326171875 0.4521484375 0.33203125 0.46484375 0.3134765625 0.4755859375 0.3056640625 0.4833984375 0.30615234375 0.4931640625 0.30419921875 0.4931640625 0.3037109375 0.486328125 0.30126953125 0.478515625
13 0.3076171875 0.49609375 0.3076171875 0.48046875 0.31005859375 0.4794921875 0.31298828125 0.4619140625 0.33349609375 0.4619140625 0.33447265625 0.4677734375 0.3359375 0.474609375 0.3359375 0.4794921875 0.337890625 0.48046875 0.33837890625 0.4892578125 0.3330078125 0.5048828125 0.31884765625 0.5048828125 0.31494140625 0.50390625 0.31494140625 0.509765625 0.31494140625 0.513671875 0.3115234375 0.513671875 0.31005859375 0.513671875 0.30908203125 0.51171875 0.30810546875 0.5078125
18 0.3291015625 0.525390625 0.326171875 0.53125 0.32080078125 0.53125 0.31689453125 0.5302734375 0.31591796875 0.525390625 0.31494140625 0.521484375 0.3154296875 0.515625 0.31591796875 0.513671875 0.31689453125 0.509765625 0.3193359375 0.5068359375 0.32373046875 0.5068359375 0.3251953125 0.5048828125 0.3232421875 0.5 0.32275390625 0.4970703125 0.3271484375 0.4970703125 0.33154296875 0.49609375 0.33349609375 0.49609375 0.33203125 0.5048828125 0.330078125 0.5166015625
5 0.32763671875 0.5068359375 0.32958984375 0.2587890625 0.32958984375 0.228515625 0.32861328125 0.224609375 0.30615234375 0.2197265625 0.2919921875 0.2158203125 0.2861328125 0.216796875 0.28173828125 0.216796875 0.27880859375 0.216796875 0.27734375 0.216796875 0.2763671875 0.2109375 0.27783203125 0.208984375 0.2822265625 0.2060546875 0.2861328125 0.20703125 0.29052734375 0.212890625 0.33251953125 0.2216796875 0.33203125 0.30078125 0.33154296875 0.390625 0.33154296875 0.4755859375 0.33154296875 0.5009765625
18 0.3291015625 0.525390625 0.326171875 0.53125 0.32080078125 0.53125 0.31689453125 0.5302734375 0.31591796875 0.525390625 0.31494140625 0.521484375 0.3154296875 0.515625 0.31591796875 0.513671875 0.31689453125 0.509765625 0.3193359375 0.5068359375 0.32373046875 0.5068359375 0.3251953125 0.5048828125 0.3232421875 0.5 0.32275390625 0.4970703125 0.3271484375 0.4970703125 0.33154296875 0.49609375 0.33349609375 0.49609375 0.33203125 0.5048828125 0.330078125 0.5166015625
4 0.0947265625 0.4404296875 0.107421875 0.4296875 0.11474609375 0.4306640625 0.11474609375 0.4248046875 0.12841796875 0.4169921875 0.14208984375 0.408203125 0.15673828125 0.4013671875 0.1513671875 0.42578125 0.12158203125 0.4482421875 0.11572265625 0.4482421875 0.11474609375 0.451171875 0.11376953125 0.4521484375 0.1123046875 0.4443359375 0.1083984375 0.4453125 0.1064453125 0.447265625 0.09912109375 0.455078125 0.09375 0.4560546875 0.09326171875 0.4443359375 0.09326171875 0.44140625
7 0.32373046875 0.431640625 0.3232421875 0.41796875 0.32568359375 0.4169921875 0.32568359375 0.39453125 0.33251953125 0.3935546875 0.3330078125 0.41796875 0.33447265625 0.4169921875 0.33447265625 0.4326171875
13 0.1298828125 0.439453125 0.13134765625 0.431640625 0.13232421875 0.4296875 0.1357421875 0.4287109375 0.14306640625 0.4287109375 0.14794921875 0.4296875 0.1494140625 0.4296875 0.150390625 0.4306640625 0.15087890625 0.43359375 0.1513671875 0.4365234375 0.1513671875 0.439453125 0.1513671875 0.4423828125 0.1533203125 0.443359375 0.154296875 0.443359375 0.154296875 0.4482421875 0.1513671875 0.447265625 0.15283203125 0.4560546875 0.1533203125 0.4619140625 0.1533203125 0.466796875 0.1533203125 0.4716796875 0.1513671875 0.4716796875 0.15087890625 0.4736328125 0.14990234375 0.4736328125 0.1484375 0.4736328125 0.1484375 0.4697265625 0.13427734375 0.46875 0.13427734375 0.4716796875 0.13427734375 0.4736328125 0.13232421875 0.4736328125 0.130859375 0.4736328125 0.12841796875 0.4658203125 0.126953125 0.4541015625 0.12744140625 0.4501953125 0.12744140625 0.4482421875 0.12890625 0.4482421875 0.12890625 0.4443359375 0.12744140625 0.4443359375 0.12548828125 0.4443359375 0.125 0.443359375 0.125 0.44140625 0.12548828125 0.4404296875 0.126953125 0.4404296875
18 0.3291015625 0.525390625 0.326171875 0.53125 0.32080078125 0.53125 0.31689453125 0.5302734375 0.31591796875 0.525390625 0.31494140625 0.521484375 0.3154296875 0.515625 0.31591796875 0.513671875 0.31689453125 0.509765625 0.3193359375 0.5068359375 0.32373046875 0.5068359375 0.3251953125 0.5048828125 0.3232421875 0.5 0.32275390625 0.4970703125 0.3271484375 0.4970703125 0.33154296875 0.49609375 0.33349609375 0.49609375 0.33203125 0.5048828125 0.330078125 0.5166015625
13 0.3310546875 0.5166015625 0.3310546875 0.5244140625 0.33154296875 0.52734375 0.33154296875 0.5322265625 0.3310546875 0.53515625 0.33154296875 0.54296875 0.33154296875 0.548828125 0.33251953125 0.5498046875 0.33447265625 0.5498046875 0.3349609375 0.5478515625 0.33447265625 0.541015625 0.3359375 0.5439453125 0.3359375 0.5498046875 0.3359375 0.5517578125 0.33837890625 0.552734375 0.3408203125 0.552734375 0.34130859375 0.5498046875 0.34130859375 0.546875 0.34521484375 0.546875 0.3671875 0.544921875 0.369140625 0.5439453125 0.36962890625 0.548828125 0.3701171875 0.552734375 0.373046875 0.552734375 0.37548828125 0.552734375 0.376953125 0.5517578125 0.376953125 0.546875 0.376953125 0.53515625 0.37646484375 0.5244140625 0.37548828125 0.5205078125 0.375 0.5185546875 0.3740234375 0.5107421875 0.37353515625 0.5068359375 0.37451171875 0.5068359375 0.375 0.501953125 0.37451171875 0.4990234375 0.373046875 0.4990234375 0.3701171875 0.4892578125 0.3681640625 0.484375 0.36767578125 0.4814453125 0.36474609375 0.4833984375 0.33984375 0.484375 0.3388671875 0.486328125 0.3369140625 0.4921875 0.33544921875 0.5 0.3349609375 0.5048828125 0.33349609375 0.5078125 0.33203125 0.509765625 0.3310546875 0.5126953125
13 0.1376953125 0.439453125 0.138671875 0.427734375 0.14111328125 0.4267578125 0.1513671875 0.427734375 0.15283203125 0.41796875 0.1552734375 0.42578125 0.15576171875 0.4189453125 0.15625 0.427734375 0.1611328125 0.41796875 0.1630859375 0.4384765625 0.158203125 0.4501953125 0.158203125 0.462890625 0.158203125 0.46484375 0.1572265625 0.46484375 0.15673828125 0.46484375 0.15576171875 0.4677734375 0.15380859375 0.466796875 0.15380859375 0.4609375 0.15087890625 0.44140625
13 0.1298828125 0.439453125 0.13134765625 0.431640625 0.13232421875 0.4296875 0.13623046875 0.4287109375 0.14306640625 0.4287109375 0.14794921875 0.4296875 0.1494140625 0.4296875 0.150390625 0.4306640625 0.15087890625 0.43359375 0.1513671875 0.4365234375 0.1513671875 0.439453125 0.1513671875 0.443359375 0.1533203125 0.443359375 0.154296875 0.443359375 0.1552734375 0.4453125 0.1552734375 0.447265625 0.15283203125 0.44921875 0.15283203125 0.4560546875 0.1533203125 0.4619140625 0.1533203125 0.466796875 0.1533203125 0.4716796875 0.15234375 0.4736328125 0.15087890625 0.4736328125 0.14990234375 0.4736328125 0.1484375 0.4736328125 0.1484375 0.4697265625 0.13427734375 0.46875 0.13427734375 0.4716796875 0.13427734375 0.4736328125 0.13232421875 0.4736328125 0.130859375 0.4736328125 0.12841796875 0.4658203125 0.126953125 0.4541015625 0.12744140625 0.4501953125 0.12744140625 0.4482421875 0.12890625 0.4482421875 0.12890625 0.4443359375 0.12744140625 0.4443359375 0.12548828125 0.4443359375 0.125 0.443359375 0.125 0.44140625 0.12548828125 0.4404296875 0.126953125 0.4404296875
13 0.0966796875 0.46484375 0.11083984375 0.4658203125 0.11328125 0.46875 0.11474609375 0.4736328125 0.11572265625 0.4765625 0.11669921875 0.48046875 0.11767578125 0.4853515625 0.1181640625 0.4912109375 0.11865234375 0.4990234375 0.119140625 0.5048828125 0.119140625 0.5126953125 0.1181640625 0.5146484375 0.1171875 0.5146484375 0.1171875 0.51171875 0.11669921875 0.5087890625 0.1142578125 0.51171875 0.11376953125 0.5126953125 0.11376953125 0.5146484375 0.1142578125 0.5185546875 0.1123046875 0.521484375 0.109375 0.521484375 0.109375 0.513671875 0.10888671875 0.5087890625 0.10693359375 0.5087890625 0.099609375 0.50390625
13 0.0966796875 0.462890625 0.099609375 0.4560546875 0.12109375 0.4560546875 0.12451171875 0.4609375 0.12451171875 0.4697265625 0.12451171875 0.47265625 0.12744140625 0.47265625 0.12939453125 0.474609375 0.12890625 0.4765625 0.1259765625 0.4775390625 0.12744140625 0.5 0.1259765625 0.5029296875 0.125 0.5029296875 0.12548828125 0.5087890625 0.125 0.51171875 0.1240234375 0.5126953125 0.12109375 0.5126953125 0.12109375 0.5107421875 0.12060546875 0.5029296875 0.12109375 0.49609375 0.12109375 0.4921875 0.11962890625 0.4931640625 0.107421875 0.490234375
13 0.1025390625 0.458984375 0.10546875 0.44921875 0.10888671875 0.4453125 0.12451171875 0.447265625 0.126953125 0.4482421875 0.12841796875 0.4560546875 0.1298828125 0.462890625 0.13037109375 0.4658203125 0.13134765625 0.4736328125 0.13134765625 0.4794921875 0.1318359375 0.486328125 0.13134765625 0.4931640625 0.130859375 0.49609375 0.1298828125 0.49609375 0.12939453125 0.4990234375 0.12890625 0.5048828125 0.12744140625 0.5068359375 0.1259765625 0.5068359375 0.12451171875 0.5068359375 0.125 0.490234375 0.125 0.484375
13 0.0966796875 0.462890625 0.099609375 0.4560546875 0.12109375 0.4560546875 0.12451171875 0.4609375 0.12646484375 0.466796875 0.12646484375 0.4697265625 0.12744140625 0.47265625 0.12939453125 0.474609375 0.13037109375 0.4775390625 0.1298828125 0.484375 0.1298828125 0.4931640625 0.12939453125 0.5009765625 0.12890625 0.5048828125 0.12646484375 0.5048828125 0.12548828125 0.5087890625 0.125 0.51171875 0.1240234375 0.5126953125 0.12109375 0.5126953125 0.1201171875 0.509765625 0.1201171875 0.5048828125 0.11474609375 0.5068359375 0.11083984375 0.5048828125 0.10791015625 0.5029296875 0.107421875 0.490234375
13 0.0966796875 0.46484375 0.11083984375 0.4658203125 0.11328125 0.46875 0.11474609375 0.4736328125 0.11572265625 0.4765625 0.11669921875 0.4814453125 0.11767578125 0.4873046875 0.1181640625 0.4912109375 0.11865234375 0.4990234375 0.119140625 0.5048828125 0.119140625 0.5126953125 0.1181640625 0.5146484375 0.1171875 0.515625 0.11572265625 0.513671875 0.115234375 0.5107421875 0.1142578125 0.51171875 0.11376953125 0.5126953125 0.11376953125 0.5146484375 0.11376953125 0.51953125 0.11279296875 0.5224609375 0.109375 0.5224609375 0.10888671875 0.5146484375 0.1005859375 0.515625 0.099609375 0.50390625
1 0.3076171875 0.51171875 0.31494140625 0.5107421875 0.32080078125 0.5087890625 0.32080078125 0.521484375 0.32373046875 0.5234375 0.32763671875 0.5283203125 0.3330078125 0.5283203125 0.33447265625 0.5244140625 0.33837890625 0.533203125 0.34326171875 0.5234375 0.361328125 0.525390625 0.3681640625 0.5234375 0.3701171875 0.5322265625 0.37451171875 0.537109375 0.37353515625 0.5283203125 0.37353515625 0.5244140625 0.36962890625 0.5185546875 0.37646484375 0.5205078125 0.380859375 0.5205078125 0.38525390625 0.5283203125 0.38916015625 0.5302734375 0.3955078125 0.53125 0.40283203125 0.5361328125 0.41259765625 0.5390625 0.42041015625 0.546875 0.4521484375 0.564453125 0.47412109375 0.576171875 0.48876953125 0.5810546875 0.51708984375 0.58984375 0.5244140625 0.591796875 0.53662109375 0.603515625 0.5693359375 0.6142578125 0.5771484375 0.611328125 0.6015625 0.6328125 0.61376953125 0.630859375 0.7802734375 0.6787109375 0.85498046875 0.6982421875 0.8916015625 0.70703125 0.9560546875 0.7138671875 0.99951171875 0.71484375 0.99951171875 0.80078125 0.97412109375 0.80078125 0.89013671875 0.7861328125 0.8037109375 0.7666015625 0.77294921875 0.7568359375 0.71923828125 0.736328125 0.63623046875 0.6982421875 0.56689453125 0.669921875 0.55908203125 0.6630859375 0.54248046875 0.658203125 0.5244140625 0.6474609375 0.5 0.6357421875 0.44482421875 0.6083984375 0.3955078125 0.5810546875 0.38720703125 0.5751953125 0.376953125 0.5703125 0.37060546875 0.568359375 0.3564453125 0.5634765625 0.34521484375 0.5615234375 0.33447265625 0.55859375 0.32763671875 0.5546875 0.31982421875 0.544921875 0.3115234375 0.5302734375
7 0.337890625 0.412109375 0.337890625 0.4072265625 0.3388671875 0.4072265625 0.3388671875 0.400390625 0.3388671875 0.396484375 0.3427734375 0.396484375 0.3427734375 0.412109375
13 0.29736328125 0.453125 0.30029296875 0.4423828125 0.31787109375 0.4423828125 0.3193359375 0.447265625 0.30859375 0.466796875 0.3037109375 0.4677734375 0.296875 0.4736328125 0.29638671875 0.4599609375
13 0.29736328125 0.453125 0.30029296875 0.4423828125 0.31787109375 0.4423828125 0.3193359375 0.447265625 0.30859375 0.466796875 0.3037109375 0.4677734375 0.296875 0.4736328125 0.29638671875 0.4599609375
13 0.2890625 0.4404296875 0.29150390625 0.4326171875 0.298828125 0.4306640625 0.3076171875 0.4306640625 0.30859375 0.435546875 0.3115234375 0.443359375 0.3037109375 0.451171875 0.2978515625 0.45703125 0.29345703125 0.45703125 0.2939453125 0.4638671875 0.291015625 0.4658203125 0.2890625 0.4638671875 0.287109375 0.4560546875 0.287109375 0.44921875
13 0.3310546875 0.5166015625 0.3310546875 0.5244140625 0.33154296875 0.52734375 0.33154296875 0.5322265625 0.3310546875 0.53515625 0.33154296875 0.54296875 0.33154296875 0.548828125 0.33251953125 0.5498046875 0.33447265625 0.5498046875 0.3349609375 0.5478515625 0.33447265625 0.541015625 0.3359375 0.5439453125 0.3359375 0.5498046875 0.3359375 0.5517578125 0.33837890625 0.552734375 0.3408203125 0.552734375 0.34130859375 0.5498046875 0.34130859375 0.546875 0.34521484375 0.546875 0.3671875 0.544921875 0.369140625 0.5439453125 0.36962890625 0.548828125 0.3701171875 0.552734375 0.373046875 0.552734375 0.37548828125 0.552734375 0.376953125 0.5517578125 0.376953125 0.546875 0.376953125 0.53515625 0.37646484375 0.5244140625 0.37548828125 0.5205078125 0.375 0.5185546875 0.3740234375 0.5107421875 0.37353515625 0.5068359375 0.37451171875 0.5068359375 0.375 0.501953125 0.37451171875 0.4990234375 0.373046875 0.4990234375 0.3701171875 0.4892578125 0.3681640625 0.484375 0.36767578125 0.4814453125 0.36474609375 0.4833984375 0.33984375 0.484375 0.3388671875 0.486328125 0.3369140625 0.4921875 0.33544921875 0.5 0.3349609375 0.5048828125 0.33349609375 0.5078125 0.33203125 0.509765625 0.3310546875 0.5126953125
5 0.2978515625 0.27734375 0.29736328125 0.431640625 0.29931640625 0.431640625 0.2998046875 0.2705078125 0.294921875 0.26953125 0.29248046875 0.26953125 0.291015625 0.26953125 0.291015625 0.271484375 0.2919921875 0.2734375 0.29345703125 0.2724609375 0.2958984375 0.2734375 0.296875 0.2734375 0.29736328125 0.2744140625
13 0.30126953125 0.47265625 0.30126953125 0.4677734375 0.30224609375 0.462890625 0.3046875 0.462890625 0.3076171875 0.4501953125 0.3232421875 0.4482421875 0.326171875 0.4521484375 0.33203125 0.46484375 0.3134765625 0.4755859375 0.3056640625 0.4833984375 0.30615234375 0.4931640625 0.30419921875 0.4931640625 0.3037109375 0.486328125 0.30126953125 0.478515625
5 0.32763671875 0.5068359375 0.32958984375 0.2587890625 0.32958984375 0.228515625 0.32861328125 0.224609375 0.30615234375 0.2197265625 0.2919921875 0.2158203125 0.2861328125 0.216796875 0.28173828125 0.216796875 0.27880859375 0.216796875 0.27734375 0.216796875 0.2763671875 0.2109375 0.27783203125 0.208984375 0.2822265625 0.2060546875 0.2861328125 0.20703125 0.29052734375 0.212890625 0.33251953125 0.2216796875 0.33203125 0.30078125 0.33154296875 0.390625 0.33154296875 0.4755859375 0.33154296875 0.5009765625
13 0.3076171875 0.49609375 0.3076171875 0.48046875 0.31005859375 0.4794921875 0.31298828125 0.4619140625 0.33349609375 0.4619140625 0.33447265625 0.4677734375 0.3359375 0.474609375 0.3359375 0.4794921875 0.337890625 0.48046875 0.33837890625 0.4892578125 0.3330078125 0.5048828125 0.31884765625 0.5048828125 0.31494140625 0.50390625 0.31494140625 0.509765625 0.31494140625 0.513671875 0.3115234375 0.513671875 0.31005859375 0.513671875 0.30908203125 0.51171875 0.30810546875 0.5078125
7 0.32373046875 0.431640625 0.3232421875 0.41796875 0.32568359375 0.4169921875 0.32568359375 0.39453125 0.33251953125 0.3935546875 0.3330078125 0.41796875 0.33447265625 0.4169921875 0.33447265625 0.4326171875
13 0.2890625 0.4404296875 0.29150390625 0.4326171875 0.298828125 0.4306640625 0.3076171875 0.4306640625 0.30859375 0.435546875 0.3115234375 0.443359375 0.3037109375 0.451171875 0.2978515625 0.45703125 0.29345703125 0.45703125 0.2939453125 0.4638671875 0.291015625 0.4658203125 0.2890625 0.4638671875 0.287109375 0.4560546875 0.287109375 0.44921875
18 0.3291015625 0.525390625 0.326171875 0.53125 0.32080078125 0.53125 0.31689453125 0.5302734375 0.31591796875 0.525390625 0.31494140625 0.521484375 0.3154296875 0.515625 0.31591796875 0.513671875 0.31689453125 0.509765625 0.3193359375 0.5068359375 0.32373046875 0.5068359375 0.3251953125 0.5048828125 0.3232421875 0.5 0.32275390625 0.4970703125 0.3271484375 0.4970703125 0.33154296875 0.49609375 0.33349609375 0.49609375 0.33203125 0.5048828125 0.330078125 0.5166015625
13 0.29736328125 0.453125 0.30029296875 0.4423828125 0.31787109375 0.4423828125 0.3193359375 0.447265625 0.30859375 0.466796875 0.3037109375 0.4677734375 0.296875 0.4736328125 0.29638671875 0.4599609375
5 0.2978515625 0.27734375 0.29736328125 0.431640625 0.29931640625 0.431640625 0.2998046875 0.2705078125 0.294921875 0.26953125 0.29248046875 0.26953125 0.291015625 0.26953125 0.291015625 0.271484375 0.2919921875 0.2734375 0.29345703125 0.2724609375 0.2958984375 0.2734375 0.296875 0.2734375 0.29736328125 0.2744140625
13 0.29736328125 0.453125 0.30029296875 0.4423828125 0.31787109375 0.4423828125 0.3193359375 0.447265625 0.30859375 0.466796875 0.3037109375 0.4677734375 0.296875 0.4736328125 0.29638671875 0.4599609375
5 0.25439453125 0.3955078125 0.26513671875 0.39453125 0.2685546875 0.400390625 0.2685546875 0.4130859375 0.26708984375 0.4130859375 0.26708984375 0.4033203125 0.26611328125 0.400390625 0.263671875 0.3994140625 0.25830078125 0.3994140625 0.25439453125 0.400390625
2 0.537109375 0.0 0.37744140625 0.0 0.37255859375 0.0009765625 0.37158203125 0.060546875 0.3564453125 0.091796875 0.35595703125 0.1259765625 0.36181640625 0.1337890625 0.359375 0.28125 0.33544921875 0.2802734375 0.33447265625 0.2841796875 0.3447265625 0.2880859375 0.345703125 0.345703125 0.3095703125 0.345703125 0.2880859375 0.357421875 0.294921875 0.3662109375 0.34423828125 0.3671875 0.34326171875 0.3857421875 0.33740234375 0.388671875 0.3369140625 0.3994140625 0.34130859375 0.4013671875 0.341796875 0.4677734375 0.3583984375 0.541015625 0.6044921875 0.6416015625 0.841796875 0.7001953125 0.947265625 0.728515625 0.98828125 0.7216796875 0.99951171875 0.7158203125 0.99951171875 0.0
13 0.30126953125 0.47265625 0.30126953125 0.4677734375 0.30224609375 0.462890625 0.3046875 0.462890625 0.3076171875 0.4501953125 0.3232421875 0.4482421875 0.326171875 0.4521484375 0.33203125 0.46484375 0.3134765625 0.4755859375 0.3056640625 0.4833984375 0.30615234375 0.4931640625 0.30419921875 0.4931640625 0.3037109375 0.486328125 0.30126953125 0.478515625
13 0.3076171875 0.49609375 0.3076171875 0.48046875 0.31005859375 0.4794921875 0.31298828125 0.4619140625 0.33349609375 0.4619140625 0.33447265625 0.4677734375 0.3359375 0.474609375 0.3359375 0.4794921875 0.337890625 0.48046875 0.33837890625 0.4892578125 0.3330078125 0.5048828125 0.31884765625 0.5048828125 0.31494140625 0.50390625 0.31494140625 0.509765625 0.31494140625 0.513671875 0.3115234375 0.513671875 0.31005859375 0.513671875 0.30908203125 0.51171875 0.30810546875 0.5078125
13 0.3310546875 0.5166015625 0.3310546875 0.5244140625 0.33154296875 0.52734375 0.33154296875 0.5322265625 0.3310546875 0.53515625 0.33154296875 0.54296875 0.33154296875 0.548828125 0.33251953125 0.5498046875 0.33447265625 0.5498046875 0.3349609375 0.5478515625 0.33447265625 0.541015625 0.3359375 0.5439453125 0.3359375 0.5498046875 0.3359375 0.5517578125 0.33837890625 0.552734375 0.3408203125 0.552734375 0.34130859375 0.5498046875 0.34130859375 0.546875 0.34521484375 0.546875 0.3671875 0.544921875 0.369140625 0.5439453125 0.36962890625 0.548828125 0.3701171875 0.552734375 0.373046875 0.552734375 0.37548828125 0.552734375 0.376953125 0.5517578125 0.376953125 0.546875 0.376953125 0.53515625 0.37646484375 0.5244140625 0.37548828125 0.5205078125 0.375 0.5185546875 0.3740234375 0.5107421875 0.37353515625 0.5068359375 0.37451171875 0.5068359375 0.375 0.501953125 0.37451171875 0.4990234375 0.373046875 0.4990234375 0.3701171875 0.4892578125 0.3681640625 0.484375 0.36767578125 0.4814453125 0.36474609375 0.4833984375 0.33984375 0.484375 0.3388671875 0.486328125 0.3369140625 0.4921875 0.33544921875 0.5 0.3349609375 0.5048828125 0.33349609375 0.5078125 0.33203125 0.509765625 0.3310546875 0.5126953125
7 0.32373046875 0.431640625 0.3232421875 0.41796875 0.32568359375 0.4169921875 0.32568359375 0.39453125 0.33251953125 0.3935546875 0.3330078125 0.41796875 0.33447265625 0.4169921875 0.33447265625 0.4326171875
18 0.3291015625 0.525390625 0.326171875 0.53125 0.32080078125 0.53125 0.31689453125 0.5302734375 0.31591796875 0.525390625 0.31494140625 0.521484375 0.3154296875 0.515625 0.31591796875 0.513671875 0.31689453125 0.509765625 0.3193359375 0.5068359375 0.32373046875 0.5068359375 0.3251953125 0.5048828125 0.3232421875 0.5 0.32275390625 0.4970703125 0.3271484375 0.4970703125 0.33154296875 0.49609375 0.33349609375 0.49609375 0.33203125 0.5048828125 0.330078125 0.5166015625
5 0.208984375 0.4013671875 0.21044921875 0.3974609375 0.212890625 0.3935546875 0.21484375 0.3935546875 0.2265625 0.392578125 0.2265625 0.3955078125 0.2158203125 0.3955078125 0.21337890625 0.396484375 0.21240234375 0.3994140625 0.2109375 0.40234375
5 0.32763671875 0.5068359375 0.32958984375 0.2587890625 0.32958984375 0.228515625 0.32861328125 0.224609375 0.30615234375 0.2197265625 0.2919921875 0.2158203125 0.2861328125 0.216796875 0.28173828125 0.216796875 0.27880859375 0.216796875 0.27734375 0.216796875 0.2763671875 0.2109375 0.27783203125 0.208984375 0.2822265625 0.2060546875 0.2861328125 0.20703125 0.29052734375 0.212890625 0.33251953125 0.2216796875 0.33203125 0.30078125 0.33154296875 0.390625 0.33154296875 0.4755859375 0.33154296875 0.5009765625
7 0.22265625 0.3955078125 0.22265625 0.4033203125 0.2275390625 0.4033203125 0.2275390625 0.3955078125
7 0.25244140625 0.3974609375 0.25244140625 0.4033203125 0.25390625 0.40625 0.25732421875 0.40625 0.25732421875 0.3974609375
13 0.2890625 0.4404296875 0.29150390625 0.4326171875 0.298828125 0.4306640625 0.3076171875 0.4306640625 0.30859375 0.435546875 0.3115234375 0.443359375 0.3037109375 0.451171875 0.2978515625 0.45703125 0.29345703125 0.45703125 0.2939453125 0.4638671875 0.291015625 0.4658203125 0.2890625 0.4638671875 0.287109375 0.4560546875 0.287109375 0.44921875
13 0.29736328125 0.453125 0.30029296875 0.4423828125 0.31787109375 0.4423828125 0.3193359375 0.447265625 0.30859375 0.466796875 0.3037109375 0.4677734375 0.296875 0.4736328125 0.29638671875 0.4599609375
2 0.0634765625 0.0546875 0.0615234375 0.0 0.0 0.0 0.0 0.552734375 0.02587890625 0.5283203125 0.0302734375 0.53125 0.05029296875 0.51171875 0.06884765625 0.4951171875 0.07080078125 0.4853515625 0.0751953125 0.4697265625 0.0927734375 0.4609375 0.0927734375 0.443359375 0.09033203125 0.439453125 0.0908203125 0.3935546875 0.0966796875 0.388671875 0.09619140625 0.3720703125 0.09130859375 0.37109375 0.08935546875 0.1064453125 0.09765625 0.10546875 0.0986328125 0.09765625
2 0.537109375 0.0 0.37744140625 0.0 0.37255859375 0.0009765625 0.37158203125 0.060546875 0.3564453125 0.091796875 0.35595703125 0.1259765625 0.36181640625 0.1337890625 0.359375 0.28125 0.33544921875 0.2802734375 0.33447265625 0.2841796875 0.3447265625 0.2880859375 0.345703125 0.345703125 0.3095703125 0.345703125 0.2880859375 0.357421875 0.294921875 0.3662109375 0.34423828125 0.3671875 0.34326171875 0.3857421875 0.33740234375 0.388671875 0.3369140625 0.3994140625 0.34130859375 0.4013671875 0.341796875 0.4677734375 0.3583984375 0.541015625 0.6044921875 0.6416015625 0.841796875 0.7001953125 0.947265625 0.728515625 0.98828125 0.7216796875 0.99951171875 0.7158203125 0.99951171875 0.0
2 0.537109375 0.0 0.37744140625 0.0 0.37255859375 0.0009765625 0.37158203125 0.060546875 0.3564453125 0.091796875 0.35595703125 0.1259765625 0.36181640625 0.1337890625 0.359375 0.28125 0.33544921875 0.2802734375 0.33447265625 0.2841796875 0.3447265625 0.2880859375 0.345703125 0.345703125 0.3095703125 0.345703125 0.2880859375 0.357421875 0.294921875 0.3662109375 0.34423828125 0.3671875 0.34326171875 0.3857421875 0.33740234375 0.388671875 0.3369140625 0.3994140625 0.34130859375 0.4013671875 0.341796875 0.4677734375 0.3583984375 0.541015625 0.6044921875 0.6416015625 0.841796875 0.7001953125 0.947265625 0.728515625 0.98828125 0.7216796875 0.99951171875 0.7158203125 0.99951171875 0.0
2 0.537109375 0.0 0.37744140625 0.0 0.37109375 0.0 0.37158203125 0.060546875 0.3564453125 0.091796875 0.35595703125 0.1259765625 0.36181640625 0.1337890625 0.359375 0.28125 0.33544921875 0.2802734375 0.33447265625 0.2841796875 0.3447265625 0.2880859375 0.345703125 0.345703125 0.3095703125 0.345703125 0.2880859375 0.357421875 0.29345703125 0.40625 0.3232421875 0.404296875 0.32958984375 0.412109375 0.3330078125 0.43359375 0.34033203125 0.431640625 0.34033203125 0.447265625 0.337890625 0.4501953125 0.337890625 0.4560546875 0.33984375 0.4560546875 0.3388671875 0.4619140625 0.337890625 0.46875 0.337890625 0.4736328125 0.337890625 0.4833984375 0.3486328125 0.484375 0.3583984375 0.541015625 0.6044921875 0.6416015625 0.841796875 0.7001953125 0.947265625 0.728515625 0.98828125 0.7216796875 0.99951171875 0.7158203125 0.99951171875 0.0
8 0.29931640625 0.4013671875 0.30224609375 0.4013671875 0.30224609375 0.39453125 0.3017578125 0.392578125 0.30126953125 0.3896484375 0.30224609375 0.3857421875 0.30419921875 0.3837890625 0.30712890625 0.3818359375 0.3076171875 0.3798828125 0.30908203125 0.37890625 0.30908203125 0.3759765625 0.310546875 0.373046875 0.31201171875 0.373046875 0.31591796875 0.373046875 0.31689453125 0.3740234375 0.3173828125 0.3779296875 0.31982421875 0.3779296875 0.322265625 0.3779296875 0.3251953125 0.3779296875 0.3271484375 0.37890625 0.33154296875 0.37890625 0.33251953125 0.3857421875 0.3330078125 0.3916015625 0.33349609375 0.3974609375 0.337890625 0.3974609375 0.34130859375 0.396484375 0.341796875 0.4169921875 0.341796875 0.42578125 0.34130859375 0.4267578125 0.34033203125 0.427734375 0.33544921875 0.4267578125 0.3330078125 0.4267578125 0.3203125 0.4248046875 0.31201171875 0.4189453125 0.29541015625 0.412109375 0.29541015625 0.4013671875
5 0.2705078125 0.4130859375 0.2705078125 0.34765625 0.2724609375 0.34765625 0.27294921875 0.4140625
13 0.06201171875 0.5009765625 0.064453125 0.4912109375 0.0654296875 0.4873046875 0.06640625 0.48046875 0.06982421875 0.466796875 0.0732421875 0.46484375 0.099609375 0.4658203125 0.1015625 0.4677734375 0.10205078125 0.4736328125 0.10302734375 0.478515625 0.1044921875 0.4833984375 0.10498046875 0.486328125 0.10595703125 0.4912109375 0.10595703125 0.5009765625 0.10595703125 0.5068359375 0.10693359375 0.509765625 0.107421875 0.513671875 0.107421875 0.51953125 0.107421875 0.5263671875 0.10595703125 0.5283203125 0.1044921875 0.5283203125 0.103515625 0.5244140625 0.10302734375 0.521484375 0.10205078125 0.5234375 0.10205078125 0.5283203125 0.10205078125 0.5341796875 0.099609375 0.53515625 0.0966796875 0.5341796875 0.095703125 0.5263671875 0.0947265625 0.525390625 0.0927734375 0.525390625 0.08935546875 0.525390625 0.0869140625 0.525390625 0.0693359375 0.5244140625 0.06884765625 0.5283203125 0.06884765625 0.5322265625 0.06884765625 0.5341796875 0.0673828125 0.5361328125 0.06494140625 0.537109375 0.06298828125 0.5361328125 0.06103515625 0.5322265625 0.060546875 0.5234375 0.060546875 0.5146484375 0.06103515625 0.5048828125
18 0.328125 0.5302734375 0.3251953125 0.53125 0.32080078125 0.53125 0.3173828125 0.5283203125 0.31591796875 0.5244140625 0.3154296875 0.5205078125 0.3154296875 0.515625 0.31591796875 0.513671875 0.31689453125 0.509765625 0.3193359375 0.5068359375 0.32177734375 0.5048828125 0.32373046875 0.50390625 0.32373046875 0.4990234375 0.32373046875 0.49609375 0.3251953125 0.4921875 0.3271484375 0.4921875 0.328125 0.4951171875 0.3271484375 0.4990234375 0.33447265625 0.4990234375 0.337890625 0.4990234375 0.3369140625 0.5078125 0.33447265625 0.515625 0.33154296875 0.5166015625 0.3310546875 0.521484375 0.32958984375 0.525390625
7 0.3251953125 0.39453125 0.3251953125 0.404296875 0.3251953125 0.4150390625 0.3251953125 0.4169921875 0.33251953125 0.4169921875 0.33251953125 0.39453125
7 0.337890625 0.4052734375 0.337890625 0.4130859375 0.34326171875 0.4130859375 0.34326171875 0.4052734375
4 0.302734375 0.4091796875 0.30615234375 0.4091796875 0.3134765625 0.4140625 0.32275390625 0.4208984375 0.3349609375 0.4267578125 0.33984375 0.427734375 0.33984375 0.443359375 0.337890625 0.484375 0.3232421875 0.453125 0.31201171875 0.43359375 0.30908203125 0.427734375 0.3056640625 0.4248046875 0.30322265625 0.423828125 0.29931640625 0.423828125 0.2958984375 0.4189453125 0.2958984375 0.4091796875 0.2998046875 0.41015625
7 0.337890625 0.4052734375 0.337890625 0.4130859375 0.34326171875 0.4130859375 0.34326171875 0.4052734375
7 0.3251953125 0.39453125 0.3251953125 0.4169921875 0.33251953125 0.4169921875 0.33251953125 0.39453125
7 0.33837890625 0.3935546875 0.33837890625 0.4052734375 0.34326171875 0.4052734375 0.34326171875 0.3935546875
5 0.3388671875 0.4130859375 0.3388671875 0.4482421875 0.34130859375 0.4482421875 0.34130859375 0.4130859375
7 0.337890625 0.4052734375 0.337890625 0.4130859375 0.34326171875 0.4130859375 0.34326171875 0.4052734375
5 0.10888671875 0.384765625 0.10888671875 0.4482421875 0.11181640625 0.4482421875 0.111328125 0.3740234375 0.10888671875 0.3740234375
1 0.3076171875 0.51171875 0.31787109375 0.5009765625 0.32666015625 0.5068359375 0.32080078125 0.521484375 0.32373046875 0.5234375 0.3271484375 0.51171875 0.32958984375 0.515625 0.33447265625 0.5244140625 0.33984375 0.5244140625 0.29736328125 0.43359375 0.29638671875 0.42578125 0.298828125 0.4248046875 0.30615234375 0.4248046875 0.30859375 0.427734375 0.31298828125 0.435546875 0.32958984375 0.4541015625 0.33349609375 0.466796875 0.337890625 0.466796875 0.33740234375 0.4716796875 0.3388671875 0.478515625 0.3427734375 0.478515625 0.3642578125 0.5048828125 0.37646484375 0.5205078125 0.380859375 0.5205078125 0.38525390625 0.5283203125 0.38916015625 0.5302734375 0.3955078125 0.53125 0.40283203125 0.5361328125 0.41259765625 0.5390625 0.42041015625 0.546875 0.4521484375 0.564453125 0.47412109375 0.576171875 0.48876953125 0.5810546875 0.51708984375 0.58984375 0.5244140625 0.591796875 0.53662109375 0.603515625 0.5693359375 0.6142578125 0.5771484375 0.611328125 0.6015625 0.6328125 0.61376953125 0.630859375 0.7802734375 0.6787109375 0.85498046875 0.6982421875 0.8916015625 0.70703125 0.9560546875 0.7138671875 0.99951171875 0.71484375 0.99951171875 0.80078125 0.97412109375 0.80078125 0.89013671875 0.7861328125 0.8037109375 0.7666015625 0.77294921875 0.7568359375 0.71923828125 0.736328125 0.63623046875 0.6982421875 0.56689453125 0.669921875 0.55908203125 0.6630859375 0.54248046875 0.658203125 0.5244140625 0.6474609375 0.5 0.6357421875 0.44482421875 0.6083984375 0.3955078125 0.5810546875 0.38720703125 0.5751953125 0.376953125 0.5703125 0.37060546875 0.568359375 0.3564453125 0.5634765625 0.34521484375 0.5615234375 0.33447265625 0.55859375 0.32763671875 0.5546875 0.31982421875 0.544921875 0.3115234375 0.5302734375
6 0.99951171875 0.052734375 0.984375 0.0556640625 0.98095703125 0.0625 0.966796875 0.0634765625 0.9658203125 0.0712890625 0.96240234375 0.072265625 0.96044921875 0.0810546875 0.93798828125 0.087890625 0.93798828125 0.109375 0.9599609375 0.12109375 0.95849609375 0.1396484375 0.94091796875 0.146484375 0.939453125 0.1650390625 0.9599609375 0.1787109375 0.95947265625 0.197265625 0.93994140625 0.2021484375 0.939453125 0.2255859375 0.9580078125 0.2333984375 0.958984375 0.26171875 0.99951171875 0.2607421875
6 0.99951171875 0.068359375 0.9755859375 0.072265625 0.96533203125 0.078125 0.9609375 0.095703125 0.9609375 0.09765625 0.9658203125 0.103515625 0.97216796875 0.1103515625 0.9716796875 0.1337890625 0.96484375 0.1376953125 0.9599609375 0.146484375 0.958984375 0.1572265625 0.97021484375 0.173828125 0.970703125 0.1923828125 0.95947265625 0.2021484375 0.95947265625 0.2177734375 0.96533203125 0.2333984375 0.97216796875 0.23828125 0.97607421875 0.248046875 0.99267578125 0.25 0.99951171875 0.109375
5 0.57568359375 0.0 0.57470703125 0.12890625 0.5732421875 0.294921875 0.57177734375 0.552734375 0.5712890625 0.6162109375 0.5751953125 0.6171875 0.57568359375 0.6005859375 0.57958984375 0.6005859375 0.5810546875 0.4033203125 0.57666015625 0.3994140625 0.57666015625 0.3857421875 0.580078125 0.384765625 0.5810546875 0.294921875 0.580078125 0.1259765625 0.5810546875 0.0
11 0.48291015625 0.5234375 0.482421875 0.5146484375 0.482421875 0.5078125 0.48291015625 0.5009765625 0.4833984375 0.4921875 0.48388671875 0.4853515625 0.484375 0.48046875 0.486328125 0.4775390625 0.48876953125 0.4736328125 0.49169921875 0.4716796875 0.49365234375 0.4697265625 0.49462890625 0.46875 0.49560546875 0.4658203125 0.49560546875 0.4609375 0.49658203125 0.4560546875 0.49853515625 0.455078125 0.50048828125 0.455078125 0.50244140625 0.4560546875 0.50390625 0.458984375 0.50439453125 0.4619140625 0.50439453125 0.4658203125 0.50390625 0.4697265625 0.50390625 0.4716796875 0.505859375 0.474609375 0.50732421875 0.4755859375 0.50830078125 0.4775390625 0.50927734375 0.4833984375 0.509765625 0.4912109375 0.51025390625 0.5 0.5107421875 0.5048828125 0.51123046875 0.5107421875 0.51123046875 0.515625 0.51123046875 0.5205078125 0.51025390625 0.525390625 0.50830078125 0.5341796875 0.50634765625 0.5361328125 0.505859375 0.5361328125 0.50537109375 0.5380859375 0.50537109375 0.5400390625 0.50439453125 0.541015625 0.50390625 0.5439453125 0.50341796875 0.546875 0.50341796875 0.5517578125 0.50244140625 0.556640625 0.501953125 0.560546875 0.50146484375 0.5625 0.5009765625 0.5673828125 0.5009765625 0.576171875 0.5009765625 0.587890625 0.50048828125 0.5966796875 0.5 0.599609375 0.5 0.6025390625 0.5009765625 0.603515625 0.50146484375 0.60546875 0.50146484375 0.6064453125 0.4990234375 0.6064453125 0.49609375 0.6064453125 0.49560546875 0.607421875 0.49365234375 0.6083984375 0.4921875 0.6083984375 0.49072265625 0.6064453125 0.49169921875 0.6025390625 0.49072265625 0.599609375 0.490234375 0.5986328125 0.48974609375 0.5947265625 0.48974609375 0.591796875 0.4892578125 0.5859375 0.4892578125 0.580078125 0.4892578125 0.57421875 0.48974609375 0.5673828125 0.490234375 0.5615234375 0.49072265625 0.5546875 0.490234375 0.5498046875 0.4892578125 0.5458984375 0.48876953125 0.54296875 0.48828125 0.5390625 0.48779296875 0.5380859375 0.48486328125 0.537109375 0.48388671875 0.5361328125 0.4833984375 0.5341796875
11 0.51220703125 0.5517578125 0.5126953125 0.568359375 0.5126953125 0.57421875 0.51220703125 0.58203125 0.51220703125 0.5859375 0.5126953125 0.5859375 0.5126953125 0.591796875 0.51171875 0.5927734375 0.51171875 0.6025390625 0.51171875 0.60546875 0.5126953125 0.6064453125 0.51416015625 0.6064453125 0.515625 0.6064453125 0.51611328125 0.60546875 0.51611328125 0.5927734375 0.515625 0.591796875 0.515625 0.5869140625 0.51708984375 0.5869140625 0.51806640625 0.58984375 0.5205078125 0.58984375 0.5205078125 0.5947265625 0.52001953125 0.5947265625 0.52001953125 0.603515625 0.52001953125 0.60546875 0.5205078125 0.607421875 0.5224609375 0.6083984375 0.52392578125 0.6083984375 0.52490234375 0.6083984375 0.52587890625 0.6064453125 0.52587890625 0.603515625 0.52587890625 0.6005859375 0.5244140625 0.6005859375 0.5244140625 0.5966796875 0.52490234375 0.5947265625 0.52490234375 0.576171875 0.52490234375 0.568359375 0.52587890625 0.5615234375 0.52587890625 0.5546875 0.5263671875 0.548828125 0.52783203125 0.546875 0.52880859375 0.54296875 0.529296875 0.5341796875 0.52880859375 0.5263671875 0.52783203125 0.5224609375 0.5263671875 0.51953125 0.525390625 0.5185546875 0.525390625 0.515625 0.52587890625 0.5107421875 0.52587890625 0.5068359375 0.525390625 0.501953125 0.52392578125 0.4990234375 0.5205078125 0.4990234375 0.517578125 0.5 0.5166015625 0.501953125 0.51611328125 0.5068359375 0.51611328125 0.509765625 0.5166015625 0.513671875 0.51708984375 0.515625 0.51513671875 0.515625 0.5126953125 0.5185546875 0.51171875 0.521484375 0.5107421875 0.5224609375 0.509765625 0.525390625 0.50927734375 0.5263671875 0.50830078125 0.5302734375 0.50830078125 0.533203125 0.50830078125 0.5361328125 0.50927734375 0.5390625 0.51025390625 0.5400390625 0.51220703125 0.5400390625 0.5126953125 0.5400390625
5 0.2978515625 0.27734375 0.29736328125 0.431640625 0.29931640625 0.431640625 0.2998046875 0.2705078125 0.294921875 0.26953125 0.29248046875 0.26953125 0.291015625 0.26953125 0.291015625 0.271484375 0.2919921875 0.2734375 0.29345703125 0.2724609375 0.2958984375 0.2734375 0.296875 0.2734375 0.29736328125 0.2744140625
13 0.2890625 0.4404296875 0.29150390625 0.4326171875 0.298828125 0.4306640625 0.3076171875 0.4306640625 0.30859375 0.435546875 0.3115234375 0.443359375 0.3037109375 0.451171875 0.30126953125 0.4599609375 0.29638671875 0.466796875 0.29296875 0.4677734375 0.291015625 0.4658203125 0.2890625 0.4638671875 0.287109375 0.4560546875 0.287109375 0.44921875
11 0.31298828125 0.44140625 0.31298828125 0.435546875 0.31396484375 0.4296875 0.31494140625 0.4296875 0.31494140625 0.423828125 0.31591796875 0.419921875 0.31787109375 0.4189453125 0.31884765625 0.42578125 0.3203125 0.4326171875 0.3193359375 0.4482421875
13 0.29736328125 0.453125 0.30029296875 0.4423828125 0.31787109375 0.4423828125 0.3193359375 0.447265625 0.30859375 0.466796875 0.3037109375 0.4677734375 0.296875 0.4736328125 0.29638671875 0.4599609375
13 0.30126953125 0.47265625 0.30126953125 0.4677734375 0.30224609375 0.462890625 0.3046875 0.462890625 0.3076171875 0.4501953125 0.3232421875 0.4482421875 0.326171875 0.4521484375 0.33203125 0.46484375 0.3134765625 0.4755859375 0.3056640625 0.4833984375 0.30615234375 0.4931640625 0.30419921875 0.4931640625 0.3037109375 0.486328125 0.30126953125 0.478515625
13 0.3076171875 0.49609375 0.3076171875 0.48046875 0.31005859375 0.4794921875 0.31298828125 0.4619140625 0.33349609375 0.4619140625 0.33447265625 0.4677734375 0.3349609375 0.47265625 0.3359375 0.4794921875 0.337890625 0.48046875 0.33837890625 0.4892578125 0.3330078125 0.5048828125 0.32080078125 0.51171875 0.31787109375 0.5126953125 0.31640625 0.5146484375 0.31494140625 0.513671875 0.3115234375 0.513671875 0.31005859375 0.513671875 0.30908203125 0.51171875 0.30810546875 0.5078125
5 0.32763671875 0.5068359375 0.32958984375 0.2587890625 0.32958984375 0.228515625 0.32861328125 0.224609375 0.30615234375 0.2197265625 0.2919921875 0.2158203125 0.2861328125 0.216796875 0.28173828125 0.216796875 0.27880859375 0.216796875 0.27734375 0.216796875 0.2763671875 0.2109375 0.27783203125 0.208984375 0.2822265625 0.2060546875 0.2861328125 0.20703125 0.29052734375 0.212890625 0.33251953125 0.2216796875 0.33203125 0.30078125 0.33154296875 0.390625 0.33154296875 0.4755859375 0.33154296875 0.5009765625
18 0.328125 0.5302734375 0.3251953125 0.53125 0.32080078125 0.53125 0.3173828125 0.5283203125 0.31591796875 0.5244140625 0.3154296875 0.5205078125 0.3154296875 0.515625 0.31591796875 0.513671875 0.31689453125 0.509765625 0.3193359375 0.5068359375 0.32177734375 0.5048828125 0.32373046875 0.50390625 0.32373046875 0.4990234375 0.32373046875 0.49609375 0.3251953125 0.4921875 0.3271484375 0.4921875 0.328125 0.4951171875 0.3271484375 0.4990234375 0.33447265625 0.4990234375 0.337890625 0.4990234375 0.3369140625 0.5078125 0.33447265625 0.515625 0.33154296875 0.5166015625 0.3310546875 0.521484375 0.32958984375 0.525390625
11 0.2900390625 0.5166015625 0.28662109375 0.5185546875 0.2861328125 0.5166015625 0.2841796875 0.515625 0.283203125 0.5126953125 0.28466796875 0.5068359375 0.2861328125 0.4931640625 0.28759765625 0.4853515625 0.28955078125 0.4765625 0.2900390625 0.4716796875 0.291015625 0.4677734375 0.29296875 0.4658203125 0.29296875 0.4638671875 0.29345703125 0.4609375 0.29541015625 0.4599609375 0.29736328125 0.4599609375 0.2978515625 0.4638671875 0.2978515625 0.4658203125 0.29931640625 0.4697265625 0.3017578125 0.4794921875 0.302734375 0.486328125 0.30322265625 0.4951171875 0.2998046875 0.4970703125 0.2998046875 0.4892578125 0.298828125 0.4873046875 0.29833984375 0.4912109375 0.2978515625 0.49609375 0.2978515625 0.5009765625 0.296875 0.5078125 0.29638671875 0.51171875 0.29638671875 0.5185546875 0.29638671875 0.5224609375 0.29345703125 0.5224609375 0.29248046875 0.515625
13 0.3310546875 0.5166015625 0.3310546875 0.5244140625 0.33154296875 0.52734375 0.33154296875 0.5322265625 0.3310546875 0.53515625 0.33154296875 0.54296875 0.33154296875 0.548828125 0.33251953125 0.5498046875 0.33447265625 0.5498046875 0.3349609375 0.5478515625 0.33544921875 0.546875 0.3359375 0.5478515625 0.3359375 0.5498046875 0.3359375 0.5517578125 0.33837890625 0.552734375 0.3408203125 0.552734375 0.34130859375 0.5498046875 0.34130859375 0.546875 0.34423828125 0.5458984375 0.36572265625 0.544921875 0.36669921875 0.548828125 0.3681640625 0.5517578125 0.3701171875 0.552734375 0.373046875 0.552734375 0.37548828125 0.552734375 0.376953125 0.5517578125 0.376953125 0.546875 0.376953125 0.53515625 0.37646484375 0.5244140625 0.37548828125 0.5205078125 0.375 0.5185546875 0.3740234375 0.5107421875 0.37353515625 0.5068359375 0.37451171875 0.5068359375 0.375 0.501953125 0.37451171875 0.4990234375 0.373046875 0.4990234375 0.3701171875 0.4892578125 0.3681640625 0.486328125 0.36669921875 0.484375 0.36474609375 0.4833984375 0.33984375 0.484375 0.3388671875 0.486328125 0.3369140625 0.4921875 0.33544921875 0.5 0.3349609375 0.5048828125 0.33349609375 0.5078125 0.33203125 0.509765625 0.3310546875 0.5126953125
7 0.3251953125 0.39453125 0.3251953125 0.41796875 0.33251953125 0.41796875 0.33251953125 0.39453125
5 0.0703125 0.3974609375 0.0703125 0.4658203125 0.0703125 0.5400390625 0.072265625 0.5400390625 0.07177734375 0.369140625 0.06982421875 0.369140625
7 0.32373046875 0.41796875 0.32373046875 0.431640625 0.333984375 0.431640625 0.333984375 0.41796875
5 0.19580078125 0.3583984375 0.19580078125 0.40625 0.19775390625 0.4072265625 0.19775390625 0.359375
