2 0.37841796875 0.0 0.7861328125 0.0 0.99951171875 0.0 0.99951171875 0.9990234375 0.0 0.9990234375 0.0 0.0
0 0.0 0.646484375 0.2138671875 0.5634765625 0.43896484375 0.4765625 0.50439453125 0.46875 0.52587890625 0.4697265625 0.63330078125 0.47265625 0.99951171875 0.7822265625 0.99951171875 0.9990234375 0.0 0.9990234375
1 0.44873046875 0.478515625 0.47216796875 0.4775390625 0.537109375 0.47265625 0.56103515625 0.4736328125 0.58984375 0.47265625 0.6328125 0.47265625 0.64404296875 0.474609375 0.63427734375 0.4541015625 0.59912109375 0.451171875 0.58251953125 0.4521484375 0.55908203125 0.455078125 0.54052734375 0.4501953125 0.458984375 0.4638671875 0.44775390625 0.46484375
1 0.00048828125 0.73828125 0.04296875 0.712890625 0.109375 0.6689453125 0.13427734375 0.654296875 0.14453125 0.6474609375 0.1708984375 0.6337890625 0.19970703125 0.615234375 0.22021484375 0.6005859375 0.23828125 0.59375 0.25732421875 0.5830078125 0.28955078125 0.5625 0.35791015625 0.521484375 0.3017578125 0.5068359375 0.2822265625 0.5126953125 0.19189453125 0.5439453125 0.0 0.6103515625
1 0.94580078125 0.998046875 0.90380859375 0.943359375 0.814453125 0.822265625 0.73046875 0.7119140625 0.6728515625 0.6328125 0.61181640625 0.548828125 0.5673828125 0.4912109375 0.57275390625 0.4853515625 0.58447265625 0.4853515625 0.6357421875 0.4794921875 0.6640625 0.4892578125 0.67138671875 0.5029296875 0.67822265625 0.5068359375 0.6884765625 0.5068359375 0.76708984375 0.5380859375 0.99951171875 0.65234375 0.99951171875 0.9990234375 0.9521484375 0.9990234375
5 0.53564453125 0.390625 0.53564453125 0.4306640625 0.53759765625 0.4306640625 0.53759765625 0.416015625 0.53759765625 0.3916015625 0.53759765625 0.3896484375 0.537109375 0.3857421875 0.5361328125 0.384765625 0.53564453125 0.3876953125
18 0.5390625 0.44140625 0.54296875 0.4384765625 0.54248046875 0.43359375 0.54248046875 0.4306640625 0.5439453125 0.4287109375 0.544921875 0.4287109375 0.544921875 0.431640625 0.544921875 0.431640625 0.5458984375 0.431640625 0.5458984375 0.42578125 0.546875 0.4248046875 0.54833984375 0.421875 0.54931640625 0.421875 0.54931640625 0.42578125 0.548828125 0.42578125 0.54833984375 0.4248046875 0.54736328125 0.4267578125 0.5478515625 0.4384765625 0.548828125 0.439453125 0.54931640625 0.44140625 0.55029296875 0.44140625 0.552734375 0.443359375 0.55419921875 0.4453125 0.55517578125 0.44921875 0.55615234375 0.4541015625 0.55615234375 0.4599609375 0.5556640625 0.4638671875 0.5546875 0.4658203125 0.55322265625 0.4677734375 0.55029296875 0.4677734375 0.548828125 0.466796875 0.54736328125 0.46484375 0.5458984375 0.462890625 0.54345703125 0.4541015625 0.54296875 0.4501953125 0.544921875 0.4443359375 0.54638671875 0.4423828125 0.5458984375 0.44140625 0.54296875 0.4423828125
11 0.482421875 0.408203125 0.482421875 0.4033203125 0.48388671875 0.4013671875 0.486328125 0.4013671875 0.48681640625 0.4033203125 0.48681640625 0.4072265625 0.48828125 0.408203125 0.48876953125 0.4140625 0.4892578125 0.41796875 0.48876953125 0.4248046875 0.48876953125 0.427734375 0.48828125 0.4404296875 0.4873046875 0.44921875 0.48388671875 0.44921875 0.4833984375 0.4453125 0.48291015625 0.4423828125 0.48193359375 0.4326171875 0.4814453125 0.4248046875 0.48095703125 0.41796875 0.4814453125 0.4140625 0.482421875 0.4130859375 0.48291015625 0.412109375 0.48291015625 0.41015625 0.48291015625 0.4091796875
11 0.4921875 0.408203125 0.49267578125 0.404296875 0.494140625 0.404296875 0.49560546875 0.40625 0.49560546875 0.41015625 0.4951171875 0.4130859375 0.49609375 0.4169921875 0.49609375 0.423828125 0.49560546875 0.4306640625 0.49462890625 0.43359375 0.4951171875 0.4375 0.49072265625 0.4443359375 0.490234375 0.439453125 0.48974609375 0.4326171875 0.490234375 0.427734375 0.49072265625 0.4169921875 0.49072265625 0.4130859375
13 0.4677734375 0.4521484375 0.47412109375 0.44921875 0.48486328125 0.4453125 0.48828125 0.443359375 0.49072265625 0.439453125 0.49560546875 0.4326171875 0.49951171875 0.427734375 0.5107421875 0.42578125 0.53369140625 0.42578125 0.53759765625 0.427734375 0.54052734375 0.431640625 0.54296875 0.4375 0.5439453125 0.44140625 0.544921875 0.4501953125 0.546875 0.4521484375 0.5458984375 0.4658203125 0.541015625 0.4677734375 0.5400390625 0.47265625 0.5390625 0.4755859375 0.537109375 0.4775390625 0.53564453125 0.4775390625 0.53369140625 0.4775390625 0.53173828125 0.474609375 0.53125 0.47265625 0.52978515625 0.47265625 0.529296875 0.4755859375 0.5283203125 0.478515625 0.52734375 0.4794921875 0.525390625 0.48046875 0.52392578125 0.48046875 0.5205078125 0.48046875 0.5185546875 0.478515625 0.51708984375 0.4765625 0.51611328125 0.4736328125 0.48046875 0.4765625 0.4794921875 0.4794921875 0.47705078125 0.4814453125 0.47509765625 0.4833984375 0.47265625 0.4833984375 0.470703125 0.4814453125 0.46923828125 0.4794921875 0.466796875 0.4755859375 0.4658203125 0.4736328125 0.46484375 0.466796875 0.46533203125 0.462890625 0.4658203125 0.458984375 0.4658203125 0.455078125
13 0.43701171875 0.427734375 0.4482421875 0.4375 0.45166015625 0.4443359375 0.45361328125 0.4541015625 0.4541015625 0.458984375 0.45361328125 0.4638671875 0.45263671875 0.46875 0.4521484375 0.47265625 0.4521484375 0.4765625 0.451171875 0.4794921875 0.44970703125 0.48046875 0.44775390625 0.48046875 0.44677734375 0.478515625 0.4384765625 0.443359375
5 0.4384765625 0.3115234375 0.439453125 0.419921875 0.43798828125 0.419921875 0.43701171875 0.3955078125 0.43603515625 0.3193359375 0.43505859375 0.318359375 0.43505859375 0.3095703125
11 0.435546875 0.416015625 0.43505859375 0.4091796875 0.43505859375 0.4052734375 0.435546875 0.40234375 0.43798828125 0.4013671875 0.44091796875 0.40234375 0.44140625 0.40625 0.4404296875 0.4130859375 0.44140625 0.416015625 0.4443359375 0.4189453125 0.4462890625 0.42578125 0.44775390625 0.4306640625 0.4482421875 0.4384765625 0.44677734375 0.443359375 0.44580078125 0.447265625 0.4462890625 0.45703125 0.4443359375 0.4619140625 0.43505859375 0.43359375
13 0.41259765625 0.4091796875 0.421875 0.4091796875 0.43017578125 0.41015625 0.4326171875 0.412109375 0.43603515625 0.41796875 0.4404296875 0.4375 0.44189453125 0.447265625 0.4443359375 0.4609375 0.4443359375 0.46875 0.44580078125 0.4736328125 0.447265625 0.48046875 0.447265625 0.4912109375 0.4462890625 0.4970703125 0.44482421875 0.5009765625 0.4423828125 0.5009765625 0.4404296875 0.4970703125 0.44091796875 0.5009765625 0.43994140625 0.50390625 0.43798828125 0.5048828125 0.43505859375 0.5048828125 0.43310546875 0.50390625 0.427734375 0.4794921875 0.41259765625 0.4208984375 0.41064453125 0.416015625
13 0.38916015625 0.412109375 0.39697265625 0.412109375 0.40478515625 0.41015625 0.40673828125 0.4091796875 0.41162109375 0.408203125 0.41552734375 0.4130859375 0.419921875 0.421875 0.4248046875 0.43359375 0.42626953125 0.4404296875 0.4267578125 0.44140625 0.427734375 0.439453125 0.4296875 0.4384765625 0.43115234375 0.4384765625 0.4345703125 0.439453125 0.43701171875 0.4482421875 0.4345703125 0.453125 0.43212890625 0.4541015625 0.4306640625 0.455078125 0.4326171875 0.46875 0.4326171875 0.4853515625 0.43310546875 0.4990234375 0.43310546875 0.50390625 0.4326171875 0.509765625 0.43017578125 0.5107421875 0.427734375 0.5107421875 0.4267578125 0.5078125 0.42626953125 0.5 0.42529296875 0.50390625 0.42529296875 0.509765625 0.42529296875 0.5146484375 0.42431640625 0.5185546875 0.42236328125 0.5185546875 0.4208984375 0.5185546875 0.41845703125 0.5166015625 0.41748046875 0.5126953125 0.41748046875 0.5068359375 0.41015625 0.5078125 0.40283203125 0.4609375 0.3916015625 0.431640625
13 0.36865234375 0.40625 0.38134765625 0.40625 0.38720703125 0.40625 0.39013671875 0.4072265625 0.39453125 0.4169921875 0.39990234375 0.4326171875 0.40283203125 0.44140625 0.404296875 0.44140625 0.40380859375 0.4365234375 0.4052734375 0.435546875 0.408203125 0.435546875 0.41064453125 0.4375 0.4111328125 0.4453125 0.40478515625 0.44921875 0.4052734375 0.4541015625 0.40625 0.4599609375 0.4091796875 0.4638671875 0.4111328125 0.4677734375 0.41259765625 0.4736328125 0.412109375 0.478515625 0.4111328125 0.4814453125 0.41162109375 0.4912109375 0.41259765625 0.5009765625 0.41259765625 0.5078125 0.412109375 0.515625 0.412109375 0.5234375 0.4111328125 0.52734375 0.408203125 0.5302734375 0.4052734375 0.5302734375 0.4033203125 0.52734375 0.40234375 0.521484375 0.39794921875 0.521484375 0.39794921875 0.525390625 0.39794921875 0.53125 0.39794921875 0.5341796875 0.3974609375 0.537109375 0.3955078125 0.5380859375 0.39306640625 0.5380859375 0.36767578125 0.421875
13 0.30517578125 0.4091796875 0.32373046875 0.4052734375 0.34521484375 0.4013671875 0.36376953125 0.400390625 0.37109375 0.4052734375 0.37548828125 0.4169921875 0.38232421875 0.4384765625 0.38525390625 0.439453125 0.38916015625 0.4423828125 0.390625 0.4501953125 0.38916015625 0.4560546875 0.38720703125 0.458984375 0.3876953125 0.4638671875 0.392578125 0.4833984375 0.39306640625 0.4990234375 0.39306640625 0.51171875 0.3935546875 0.5244140625 0.3935546875 0.53515625 0.39306640625 0.5439453125 0.39111328125 0.5478515625 0.38818359375 0.548828125 0.38671875 0.548828125 0.38525390625 0.546875 0.38427734375 0.5439453125 0.38330078125 0.5380859375 0.38037109375 0.5390625 0.380859375 0.546875 0.380859375 0.5546875 0.3798828125 0.55859375 0.37646484375 0.5615234375 0.373046875 0.5615234375 0.36962890625 0.55859375 0.36865234375 0.54296875 0.35986328125 0.5439453125 0.3583984375 0.54296875 0.32177734375 0.544921875 0.32080078125 0.548828125 0.31884765625 0.5517578125 0.31591796875 0.5517578125 0.31396484375 0.55078125 0.31298828125 0.5478515625 0.3115234375 0.546875 0.30126953125 0.546875 0.30126953125 0.556640625 0.2998046875 0.5634765625 0.296875 0.5673828125 0.29345703125 0.5673828125 0.29150390625 0.56640625 0.2900390625 0.5615234375 0.2880859375 0.5546875 0.2880859375 0.5400390625 0.28662109375 0.5234375 0.2861328125 0.498046875 0.2880859375 0.4697265625 0.29296875 0.4501953125 0.30029296875 0.4208984375
5 0.2490234375 0.0 0.25390625 0.5234375 0.26123046875 0.5224609375 0.26025390625 0.474609375 0.2578125 0.37890625 0.255859375 0.2802734375 0.25390625 0.10546875 0.25390625 0.0009765625 0.251953125 0.0 0.25048828125 0.0
5 0.2666015625 0.0 0.26806640625 0.0107421875 0.26806640625 0.0205078125 0.26904296875 0.087890625 0.27294921875 0.51953125 0.27587890625 0.5205078125 0.27978515625 0.51953125 0.27978515625 0.4931640625 0.2783203125 0.4072265625 0.2734375 0.10546875 0.2734375 0.0
5 0.2119140625 0.216796875 0.20947265625 0.5703125 0.21337890625 0.5712890625 0.2177734375 0.5703125 0.216796875 0.40234375 0.21533203125 0.2099609375
7 0.205078125 0.1923828125 0.20654296875 0.1826171875 0.21044921875 0.177734375 0.21533203125 0.1767578125 0.21923828125 0.1787109375 0.2236328125 0.1865234375 0.2265625 0.201171875 0.22607421875 0.2109375 0.2236328125 0.22265625 0.21875 0.2255859375 0.21240234375 0.2255859375 0.20703125 0.21484375 0.20361328125 0.201171875
11 0.56396484375 0.404296875 0.56494140625 0.3974609375 0.56689453125 0.3955078125 0.56982421875 0.396484375 0.57080078125 0.4013671875 0.56982421875 0.4072265625 0.5693359375 0.4130859375 0.5703125 0.4150390625 0.5712890625 0.427734375 0.572265625 0.44140625 0.57177734375 0.4521484375 0.5712890625 0.45703125 0.5732421875 0.462890625 0.5751953125 0.4716796875 0.57666015625 0.4765625 0.57861328125 0.478515625 0.5810546875 0.48046875 0.5810546875 0.484375 0.5791015625 0.486328125 0.5732421875 0.4873046875 0.57275390625 0.4853515625 0.56689453125 0.462890625 0.56591796875 0.45703125 0.56591796875 0.45703125 0.5654296875 0.4560546875 0.564453125 0.458984375 0.56201171875 0.4658203125 0.560546875 0.474609375 0.55908203125 0.486328125 0.56005859375 0.4873046875 0.56103515625 0.48828125 0.560546875 0.490234375 0.55810546875 0.490234375 0.55419921875 0.4873046875 0.5546875 0.4833984375 0.55810546875 0.4658203125 0.560546875 0.455078125 0.5595703125 0.4482421875 0.55908203125 0.4248046875 0.55908203125 0.419921875 0.56103515625 0.4140625 0.56396484375 0.41015625
11 0.591796875 0.4755859375 0.59423828125 0.47265625 0.5986328125 0.4658203125 0.59765625 0.4599609375 0.59619140625 0.4599609375 0.595703125 0.4560546875 0.59619140625 0.451171875 0.5986328125 0.43359375 0.59765625 0.427734375 0.5966796875 0.423828125 0.59619140625 0.4150390625 0.59716796875 0.4072265625 0.59716796875 0.4013671875 0.6005859375 0.39453125 0.60205078125 0.392578125 0.60205078125 0.384765625 0.60302734375 0.3798828125 0.60595703125 0.37890625 0.60791015625 0.3818359375 0.6083984375 0.3876953125 0.609375 0.384765625 0.611328125 0.3828125 0.61376953125 0.384765625 0.61474609375 0.3896484375 0.61474609375 0.39453125 0.6181640625 0.3994140625 0.6201171875 0.400390625 0.62109375 0.4189453125 0.62109375 0.4326171875 0.61962890625 0.435546875 0.61962890625 0.439453125 0.6201171875 0.4482421875 0.61962890625 0.4501953125 0.61865234375 0.4501953125 0.6181640625 0.453125 0.61865234375 0.458984375 0.61865234375 0.46484375 0.61767578125 0.4697265625 0.6181640625 0.4775390625 0.6181640625 0.4853515625 0.6171875 0.4794921875 0.61669921875 0.4853515625 0.6142578125 0.4853515625 0.61376953125 0.4833984375 0.61474609375 0.4794921875 0.61474609375 0.45703125 0.6142578125 0.451171875 0.61181640625 0.451171875 0.6123046875 0.4638671875 0.61279296875 0.4765625 0.61328125 0.4814453125 0.61181640625 0.4853515625 0.60986328125 0.4833984375 0.6083984375 0.47265625 0.60791015625 0.458984375 0.60693359375 0.451171875 0.6064453125 0.451171875 0.60595703125 0.455078125 0.6064453125 0.46484375 0.60791015625 0.4833984375 0.60791015625 0.486328125 0.60595703125 0.4873046875 0.60302734375 0.4873046875 0.60205078125 0.4873046875 0.6025390625 0.4853515625 0.603515625 0.4794921875 0.6025390625 0.4677734375 0.60009765625 0.4697265625 0.59716796875 0.4755859375 0.5966796875 0.4814453125 0.595703125 0.484375 0.59423828125 0.4833984375
11 0.62744140625 0.40234375 0.626953125 0.3935546875 0.626953125 0.3857421875 0.62890625 0.3798828125 0.6318359375 0.3779296875 0.63330078125 0.3779296875 0.63671875 0.384765625 0.63720703125 0.3935546875 0.63671875 0.40234375 0.64111328125 0.408203125 0.64208984375 0.423828125 0.64794921875 0.4375 0.64990234375 0.47265625 0.6484375 0.4736328125 0.64794921875 0.4833984375 0.6474609375 0.4970703125 0.6435546875 0.498046875 0.64208984375 0.498046875 0.6416015625 0.4921875 0.6416015625 0.47265625 0.64013671875 0.4697265625 0.63916015625 0.474609375 0.638671875 0.48046875 0.63818359375 0.49609375 0.63720703125 0.5 0.6376953125 0.5068359375 0.63671875 0.5107421875 0.63818359375 0.5166015625 0.63818359375 0.51953125 0.63427734375 0.5185546875 0.6318359375 0.5146484375 0.63134765625 0.5107421875 0.6318359375 0.5 0.63232421875 0.4912109375 0.6328125 0.4794921875 0.63134765625 0.4814453125 0.630859375 0.4951171875 0.63037109375 0.5078125 0.6298828125 0.5146484375 0.62841796875 0.5166015625 0.6259765625 0.5146484375 0.62548828125 0.5068359375 0.62548828125 0.5 0.62548828125 0.4833984375 0.6259765625 0.4697265625 0.625 0.4599609375 0.625 0.453125 0.625 0.4453125 0.625 0.4384765625 0.62255859375 0.43359375 0.61962890625 0.4365234375 0.6171875 0.4326171875 0.6171875 0.4267578125 0.61767578125 0.4248046875 0.619140625 0.423828125 0.62060546875 0.4208984375 0.62255859375 0.4150390625 0.62451171875 0.4091796875
5 0.6201171875 0.3193359375 0.62109375 0.4619140625 0.623046875 0.462890625 0.62158203125 0.3173828125
8 0.49951171875 0.271484375 0.5009765625 0.26171875 0.50439453125 0.2626953125 0.50537109375 0.2626953125 0.5068359375 0.259765625 0.5078125 0.2587890625 0.5107421875 0.2587890625 0.51513671875 0.26171875 0.5166015625 0.26171875 0.517578125 0.2626953125 0.52001953125 0.2626953125 0.52197265625 0.2626953125 0.52392578125 0.2626953125 0.52734375 0.263671875 0.52734375 0.2666015625 0.52783203125 0.2685546875 0.52880859375 0.26953125 0.52880859375 0.265625 0.529296875 0.2626953125 0.53076171875 0.259765625 0.5322265625 0.2578125 0.53515625 0.2578125 0.53759765625 0.2626953125 0.53955078125 0.265625 0.54296875 0.2666015625 0.544921875 0.265625 0.55322265625 0.2529296875 0.55126953125 0.2451171875 0.552734375 0.23828125 0.5556640625 0.23828125 0.560546875 0.2431640625 0.5634765625 0.2431640625 0.56640625 0.24609375 0.56884765625 0.2470703125 0.57080078125 0.248046875 0.572265625 0.248046875 0.57763671875 0.248046875 0.578125 0.2412109375 0.57763671875 0.23828125 0.57763671875 0.2333984375 0.57275390625 0.228515625 0.572265625 0.228515625 0.56689453125 0.2216796875 0.56689453125 0.2216796875 0.56591796875 0.21484375 0.56494140625 0.2099609375 0.56396484375 0.2060546875 0.56103515625 0.201171875 0.56005859375 0.2001953125 0.55908203125 0.1953125 0.5595703125 0.18359375 0.56005859375 0.1826171875 0.56201171875 0.1826171875 0.5634765625 0.1826171875 0.564453125 0.1787109375 0.56396484375 0.1767578125 0.5615234375 0.171875 0.56103515625 0.169921875 0.560546875 0.1640625 0.5556640625 0.1650390625 0.55517578125 0.1640625 0.55615234375 0.1572265625 0.5576171875 0.154296875 0.56005859375 0.1513671875 0.56103515625 0.150390625 0.5634765625 0.1494140625 0.564453125 0.1494140625 0.5654296875 0.1494140625 0.56884765625 0.1494140625 0.5703125 0.1494140625 0.57177734375 0.1494140625 0.57275390625 0.142578125 0.5693359375 0.140625 0.56494140625 0.1328125 0.56201171875 0.1318359375 0.55859375 0.126953125 0.5576171875 0.1259765625 0.5556640625 0.119140625 0.55615234375 0.115234375 0.5576171875 0.1142578125 0.56005859375 0.1162109375 0.56201171875 0.119140625 0.56298828125 0.119140625 0.56591796875 0.1279296875 0.56884765625 0.1298828125 0.572265625 0.1328125 0.5751953125 0.1376953125 0.57666015625 0.1337890625 0.5751953125 0.12890625 0.57470703125 0.126953125 0.57470703125 0.1220703125 0.57373046875 0.1181640625 0.5732421875 0.111328125 0.57177734375 0.111328125 0.5712890625 0.1083984375 0.56787109375 0.1025390625 0.56689453125 0.1005859375 0.56689453125 0.099609375 0.56494140625 0.099609375 0.5634765625 0.099609375 0.5615234375 0.099609375 0.56787109375 0.0869140625 0.56396484375 0.080078125 0.56298828125 0.080078125 0.5595703125 0.068359375 0.55859375 0.06640625 0.55810546875 0.072265625 0.55810546875 0.0810546875 0.5556640625 0.08984375 0.55517578125 0.076171875 0.55322265625 0.068359375 0.54736328125 0.0703125 0.54736328125 0.076171875 0.54736328125 0.08203125 0.54736328125 0.0869140625 0.54541015625 0.0859375 0.54052734375 0.072265625 0.53955078125 0.0703125 0.5361328125 0.0693359375 0.53564453125 0.0693359375 0.5341796875 0.0703125 0.5322265625 0.0732421875 0.53076171875 0.0732421875 0.5283203125 0.0732421875 0.5283203125 0.0732421875 0.5263671875 0.07421875 0.525390625 0.07421875 0.5244140625 0.07421875 0.52392578125 0.076171875 0.52294921875 0.078125 0.51953125 0.078125 0.51904296875 0.078125 0.5185546875 0.078125 0.51708984375 0.0791015625 0.517578125 0.08203125 0.517578125 0.0869140625 0.51708984375 0.091796875 0.51708984375 0.091796875 0.51123046875 0.080078125 0.5107421875 0.0791015625 0.50927734375 0.083984375 0.5078125 0.0849609375 0.50244140625 0.080078125 0.501953125 0.078125 0.49853515625 0.0732421875 0.49853515625 0.0732421875 0.49462890625 0.0595703125 0.49462890625 0.056640625 0.49462890625 0.0546875 0.4990234375 0.052734375 0.50146484375 0.0556640625 0.5048828125 0.056640625 0.50732421875 0.056640625 0.51123046875 0.056640625 0.51513671875 0.0546875 0.5234375 0.0556640625 0.52783203125 0.0556640625 0.53759765625 0.0576171875 0.54052734375 0.0576171875 0.5458984375 0.0556640625 0.5546875 0.0546875 0.56787109375 0.0498046875 0.56982421875 0.0498046875 0.57568359375 0.0498046875 0.57763671875 0.048828125 0.5810546875 0.046875 0.5869140625 0.0439453125 0.5888671875 0.044921875 0.58935546875 0.0400390625 0.58984375 0.033203125 0.59033203125 0.0283203125 0.58837890625 0.0185546875 0.5830078125 0.0107421875 0.58203125 0.0029296875 0.5810546875 0.0 0.5888671875 0.0 0.591796875 0.0068359375 0.5927734375 0.0126953125 0.59619140625 0.0146484375 0.59765625 0.013671875 0.5986328125 0.0078125 0.599609375 0.0068359375 0.60107421875 0.0029296875 0.6015625 0.0 0.62060546875 0.0 0.62353515625 0.2353515625 0.61767578125 0.2431640625 0.61376953125 0.24609375 0.60791015625 0.2451171875 0.60546875 0.2431640625 0.60498046875 0.2421875 0.60302734375 0.240234375 0.60302734375 0.240234375 0.60107421875 0.2392578125 0.6005859375 0.2392578125 0.59716796875 0.2392578125 0.5947265625 0.2451171875 0.59423828125 0.248046875 0.59423828125 0.2578125 0.59423828125 0.2578125 0.59423828125 0.2607421875 0.59423828125 0.2607421875 0.59326171875 0.263671875 0.591796875 0.2646484375 0.591796875 0.2646484375 0.59130859375 0.2685546875 0.59130859375 0.271484375 0.59130859375 0.271484375 0.59130859375 0.271484375 0.591796875 0.2734375 0.5927734375 0.275390625 0.59130859375 0.287109375 0.5908203125 0.2880859375 0.59033203125 0.2900390625 0.58837890625 0.2958984375 0.587890625 0.296875 0.5869140625 0.296875 0.5859375 0.296875 0.58154296875 0.2958984375 0.57861328125 0.2890625 0.57568359375 0.287109375 0.57177734375 0.283203125 0.57470703125 0.2783203125 0.578125 0.2802734375 0.58251953125 0.28125 0.58154296875 0.2724609375 0.578125 0.26953125 0.57763671875 0.26953125 0.57568359375 0.2685546875 0.57373046875 0.2685546875 0.5732421875 0.2685546875 0.572265625 0.2685546875 0.5712890625 0.2685546875 0.5703125 0.26953125 0.56982421875 0.2705078125 0.5693359375 0.271484375 0.56689453125 0.2724609375 0.55908203125 0.2724609375 0.55908203125 0.2724609375 0.55712890625 0.2724609375 0.55224609375 0.2724609375 0.54833984375 0.2724609375 0.546875 0.2724609375 0.54345703125 0.2724609375 0.5400390625 0.2744140625 0.5380859375 0.2744140625 0.533203125 0.275390625 0.53125 0.2763671875 0.5302734375 0.2763671875 0.52880859375 0.2763671875 0.52197265625 0.2763671875 0.5166015625 0.2744140625 0.5126953125 0.2744140625 0.5078125 0.2744140625 0.501953125 0.275390625 0.498046875 0.2763671875
11 0.65576171875 0.3916015625 0.658203125 0.3837890625 0.66015625 0.3798828125 0.662109375 0.3701171875 0.66552734375 0.359375 0.66845703125 0.357421875 0.6708984375 0.3583984375 0.6748046875 0.3681640625 0.677734375 0.3818359375 0.6796875 0.392578125 0.68212890625 0.4140625 0.6826171875 0.4326171875 0.6826171875 0.439453125 0.6806640625 0.4404296875 0.68017578125 0.439453125 0.67919921875 0.4365234375 0.67822265625 0.4326171875 0.677734375 0.4404296875 0.67529296875 0.451171875 0.67333984375 0.4609375 0.67236328125 0.466796875 0.67236328125 0.4765625 0.671875 0.486328125 0.669921875 0.501953125 0.6708984375 0.509765625 0.671875 0.513671875 0.6708984375 0.5146484375 0.66845703125 0.515625 0.6640625 0.5185546875 0.6611328125 0.5185546875 0.66064453125 0.5146484375 0.65966796875 0.513671875 0.658203125 0.51171875 0.658203125 0.509765625 0.66064453125 0.5048828125 0.662109375 0.498046875 0.662109375 0.486328125 0.66162109375 0.4765625 0.66162109375 0.466796875 0.6591796875 0.4423828125 0.658203125 0.4423828125 0.65625 0.447265625 0.654296875 0.4443359375 0.65380859375 0.4326171875 0.654296875 0.4052734375
11 0.6083984375 0.3876953125 0.6083984375 0.39453125 0.6123046875 0.40234375 0.61279296875 0.4072265625 0.61376953125 0.4169921875 0.61474609375 0.42578125 0.615234375 0.4365234375 0.615234375 0.439453125 0.61376953125 0.4423828125 0.61328125 0.44140625 0.61279296875 0.4384765625 0.61279296875 0.43359375 0.6123046875 0.4306640625 0.611328125 0.4267578125 0.61083984375 0.44921875 0.6103515625 0.4833984375 0.61181640625 0.4853515625 0.61328125 0.4814453125 0.61279296875 0.4765625 0.61181640625 0.451171875 0.6142578125 0.451171875 0.61474609375 0.45703125 0.61474609375 0.4794921875 0.61376953125 0.4833984375 0.6142578125 0.4853515625 0.61669921875 0.4853515625 0.6171875 0.4794921875 0.6181640625 0.4853515625 0.6181640625 0.4775390625 0.61767578125 0.4697265625 0.61865234375 0.46484375 0.61865234375 0.458984375 0.6181640625 0.453125 0.61865234375 0.4501953125 0.61962890625 0.4501953125 0.6201171875 0.4482421875 0.61962890625 0.439453125 0.61962890625 0.435546875 0.62109375 0.4326171875 0.62109375 0.4189453125 0.6201171875 0.400390625 0.6181640625 0.3994140625 0.61474609375 0.39453125 0.61474609375 0.3896484375 0.61376953125 0.384765625 0.611328125 0.3828125 0.609375 0.384765625 0.6083984375 0.3876953125
11 0.59814453125 0.4365234375 0.59912109375 0.4423828125 0.60205078125 0.4658203125 0.6025390625 0.4677734375 0.60009765625 0.4697265625 0.59716796875 0.4755859375 0.5966796875 0.4814453125 0.595703125 0.484375 0.59423828125 0.4833984375 0.591796875 0.4755859375 0.59423828125 0.47265625 0.5986328125 0.4658203125 0.59765625 0.4599609375 0.59619140625 0.4599609375 0.595703125 0.4560546875 0.59619140625 0.451171875 0.59814453125 0.4365234375 0.6025390625 0.46875 0.6025390625 0.46875 0.6025390625 0.46875 0.6025390625 0.46875 0.59814453125 0.4365234375
