0 0.0 0.6806640625 0.38330078125 0.466796875 0.333984375 0.4267578125 0.32666015625 0.3828125 0.40576171875 0.333984375 0.4130859375 0.3466796875 0.41259765625 0.423828125 0.6142578125 0.4208984375 0.732421875 0.47265625 0.99951171875 0.59375 0.99951171875 0.9990234375 0.0 0.9990234375
1 0.00048828125 0.5390625 0.15478515625 0.498046875 0.2783203125 0.4599609375 0.3564453125 0.455078125 0.39013671875 0.451171875 0.41015625 0.4541015625 0.42626953125 0.4609375 0.423828125 0.4697265625 0.40869140625 0.478515625 0.39111328125 0.4892578125 0.38623046875 0.498046875 0.37744140625 0.5009765625 0.36083984375 0.5126953125 0.28759765625 0.5595703125 0.1962890625 0.62890625 0.1904296875 0.6376953125 0.18017578125 0.6416015625 0.1435546875 0.666015625 0.0 0.7666015625
10 0.25341796875 0.0 0.32177734375 0.2958984375 0.49853515625 0.2958984375 0.62841796875 0.0
2 0.00390625 0.0009765625 0.16650390625 0.0 0.34912109375 0.0 0.35009765625 0.1123046875 0.35107421875 0.2158203125 0.3515625 0.21875 0.3583984375 0.21875 0.35986328125 0.21875 0.36083984375 0.2216796875 0.36083984375 0.2275390625 0.36328125 0.2314453125 0.365234375 0.2314453125 0.365234375 0.2294921875 0.3701171875 0.2294921875 0.38427734375 0.2490234375 0.38525390625 0.25 0.39794921875 0.25 0.39794921875 0.2470703125 0.3994140625 0.24609375 0.39990234375 0.25 0.4072265625 0.25 0.40576171875 0.0732421875 0.39990234375 0.0556640625 0.3984375 0.0498046875 0.39794921875 0.04296875 0.40576171875 0.04296875 0.40625 0.0400390625 0.40625 0.0234375 0.4052734375 0.021484375 0.4052734375 0.015625 0.41259765625 0.0146484375 0.41259765625 0.009765625 0.42236328125 0.009765625 0.42236328125 0.0078125 0.42041015625 0.0 0.99951171875 0.0 0.99951171875 0.42578125 0.63525390625 0.4365234375 0.61962890625 0.4365234375 0.451171875 0.4375 0.4091796875 0.4326171875 0.4091796875 0.3671875 0.38818359375 0.359375 0.3740234375 0.365234375 0.353515625 0.37890625 0.353515625 0.431640625 0.35888671875 0.42578125 0.36279296875 0.435546875 0.36376953125 0.4384765625 0.36279296875 0.44140625 0.3623046875 0.4423828125 0.36328125 0.4453125 0.36328125 0.4482421875 0.361328125 0.4453125 0.36181640625 0.455078125 0.35693359375 0.455078125 0.3095703125 0.4716796875 0.24462890625 0.4931640625 0.234375 0.4912109375 0.23388671875 0.5029296875 0.2216796875 0.50390625 0.19775390625 0.5068359375 0.18359375 0.5078125 0.173828125 0.51953125 0.1708984375 0.5205078125 0.1142578125 0.5205078125 0.0 0.55859375 0.0 0.0
1 0.66455078125 0.451171875 0.63525390625 0.466796875 0.619140625 0.453125 0.60546875 0.4453125 0.5791015625 0.4453125 0.54931640625 0.4482421875 0.5390625 0.4365234375 0.55224609375 0.439453125 0.5908203125 0.4365234375 0.64453125 0.435546875 0.68798828125 0.4375
8 0.35205078125 0.265625 0.35693359375 0.2744140625 0.35791015625 0.27734375 0.35986328125 0.2763671875 0.36181640625 0.2724609375 0.36474609375 0.2724609375 0.36767578125 0.275390625 0.37109375 0.27734375 0.37109375 0.28515625 0.37353515625 0.2900390625 0.37744140625 0.294921875 0.3818359375 0.2998046875 0.38232421875 0.3056640625 0.384765625 0.298828125 0.3857421875 0.29296875 0.38916015625 0.291015625 0.3916015625 0.283203125 0.396484375 0.275390625 0.39990234375 0.271484375 0.40283203125 0.2685546875 0.4033203125 0.26953125 0.4033203125 0.26171875 0.40673828125 0.2587890625 0.408203125 0.259765625 0.40869140625 0.3466796875 0.40576171875 0.3447265625 0.4052734375 0.349609375 0.4052734375 0.3671875 0.4033203125 0.3681640625 0.40380859375 0.345703125 0.40234375 0.345703125 0.40087890625 0.3662109375 0.400390625 0.34765625 0.3984375 0.3466796875 0.3974609375 0.34765625 0.39697265625 0.365234375 0.39453125 0.365234375 0.39404296875 0.35546875 0.39501953125 0.3486328125 0.396484375 0.34375 0.3935546875 0.34375 0.39306640625 0.35546875 0.39208984375 0.376953125 0.390625 0.3662109375 0.3916015625 0.35546875 0.39208984375 0.3447265625 0.388671875 0.345703125 0.38671875 0.34375 0.38525390625 0.345703125 0.384765625 0.3720703125 0.3828125 0.3720703125 0.38330078125 0.345703125 0.380859375 0.345703125 0.38037109375 0.361328125 0.376953125 0.3642578125 0.37646484375 0.3486328125 0.37548828125 0.3505859375 0.3740234375 0.3564453125 0.37255859375 0.3828125 0.37060546875 0.380859375 0.3740234375 0.34765625 0.37060546875 0.345703125 0.36669921875 0.3779296875 0.3642578125 0.3740234375 0.36767578125 0.3486328125 0.36474609375 0.341796875 0.36328125 0.33984375 0.36376953125 0.3642578125 0.36279296875 0.3671875 0.36279296875 0.3798828125 0.35986328125 0.3798828125 0.35986328125 0.3671875 0.3583984375 0.365234375 0.35302734375 0.3623046875 0.35302734375 0.3095703125
5 0.4091796875 0.33203125 0.4013671875 0.3291015625 0.40087890625 0.33203125 0.4091796875 0.3369140625
13 0.3916015625 0.3671875 0.39111328125 0.3623046875 0.38916015625 0.359375 0.3857421875 0.359375 0.38330078125 0.359375 0.38427734375 0.3720703125 0.38720703125 0.3720703125 0.3876953125 0.3759765625 0.388671875 0.3759765625 0.39013671875 0.373046875 0.3916015625 0.3720703125
13 0.3740234375 0.359375 0.37890625 0.359375 0.38330078125 0.3603515625 0.3857421875 0.3623046875 0.38525390625 0.376953125 0.37890625 0.3779296875 0.37158203125 0.380859375 0.37158203125 0.3740234375 0.37109375 0.3720703125 0.37109375 0.3671875
13 0.359375 0.373046875 0.35986328125 0.369140625 0.3623046875 0.3681640625 0.3642578125 0.3671875 0.36767578125 0.3671875 0.36962890625 0.3701171875 0.37060546875 0.373046875 0.37109375 0.37890625 0.37060546875 0.3818359375 0.36962890625 0.3837890625 0.3681640625 0.3837890625 0.36669921875 0.3837890625 0.36376953125 0.384765625 0.35986328125 0.384765625
5 0.6806640625 0.234375 0.68017578125 0.205078125 0.68359375 0.205078125 0.68505859375 0.3896484375 0.68310546875 0.3896484375
13 0.35302734375 0.369140625 0.3583984375 0.369140625 0.35986328125 0.37109375 0.361328125 0.3740234375 0.36328125 0.373046875 0.36572265625 0.373046875 0.36669921875 0.3818359375 0.365234375 0.3818359375 0.365234375 0.384765625 0.35986328125 0.3857421875 0.35693359375 0.3857421875 0.353515625 0.3857421875
5 0.82861328125 0.3779296875 0.828125 0.3232421875 0.82763671875 0.234375 0.833984375 0.234375 0.83447265625 0.3779296875
11 0.63427734375 0.4375 0.63330078125 0.419921875 0.63232421875 0.416015625 0.6318359375 0.4072265625 0.6318359375 0.4013671875 0.63330078125 0.3994140625 0.63427734375 0.396484375 0.634765625 0.3935546875 0.634765625 0.3916015625 0.63525390625 0.390625 0.6357421875 0.3896484375 0.63720703125 0.3896484375 0.6376953125 0.390625 0.63818359375 0.3935546875 0.63818359375 0.396484375 0.64013671875 0.400390625 0.6416015625 0.404296875 0.64208984375 0.4091796875 0.64208984375 0.4150390625 0.64208984375 0.4169921875 0.6416015625 0.4208984375 0.64111328125 0.431640625
18 0.5439453125 0.4208984375 0.546875 0.416015625 0.54345703125 0.4140625 0.5517578125 0.412109375 0.54833984375 0.4150390625 0.5478515625 0.421875 0.5498046875 0.4248046875 0.55322265625 0.423828125 0.55224609375 0.416015625 0.560546875 0.416015625 0.56103515625 0.423828125 0.56298828125 0.427734375 0.5634765625 0.4326171875 0.56201171875 0.4384765625 0.56103515625 0.4423828125 0.55859375 0.443359375 0.5556640625 0.443359375 0.55322265625 0.4404296875 0.54345703125 0.439453125
13 0.3544921875 0.384765625 0.35595703125 0.380859375 0.35693359375 0.3798828125 0.35888671875 0.3798828125 0.36083984375 0.3798828125 0.3623046875 0.3798828125 0.3642578125 0.380859375 0.365234375 0.384765625 0.36669921875 0.3896484375 0.36669921875 0.39453125 0.3642578125 0.396484375 0.3623046875 0.396484375 0.3583984375 0.396484375 0.35595703125 0.396484375 0.3544921875 0.3955078125
13 0.37646484375 0.3828125 0.376953125 0.3759765625 0.37939453125 0.3759765625 0.3828125 0.3759765625 0.38525390625 0.3759765625 0.38671875 0.3798828125 0.38720703125 0.3828125 0.38720703125 0.3896484375 0.38720703125 0.3916015625 0.3857421875 0.392578125 0.38330078125 0.3935546875 0.38134765625 0.3935546875 0.376953125 0.3935546875
5 0.73388671875 0.3779296875 0.73388671875 0.2998046875 0.73388671875 0.2783203125 0.73681640625 0.2783203125 0.736328125 0.3798828125
13 0.3818359375 0.41796875 0.38134765625 0.4072265625 0.38037109375 0.40625 0.38037109375 0.40234375 0.3818359375 0.4013671875 0.38232421875 0.39453125 0.384765625 0.392578125 0.39306640625 0.392578125 0.39404296875 0.39453125 0.39501953125 0.396484375 0.39501953125 0.400390625 0.3974609375 0.400390625 0.39794921875 0.4033203125 0.3955078125 0.4033203125 0.39697265625 0.4072265625 0.39697265625 0.4130859375 0.3974609375 0.416015625 0.3955078125 0.4189453125 0.39208984375 0.419921875 0.3857421875 0.4189453125
11 0.64208984375 0.419921875 0.642578125 0.4091796875 0.642578125 0.4052734375 0.64306640625 0.40234375 0.6435546875 0.396484375 0.64404296875 0.3935546875 0.64453125 0.3916015625 0.6455078125 0.390625 0.64697265625 0.3916015625 0.64794921875 0.3935546875 0.6484375 0.3955078125 0.6484375 0.3974609375 0.6494140625 0.3974609375 0.650390625 0.4013671875 0.6513671875 0.40625 0.6513671875 0.41015625 0.6513671875 0.4140625 0.650390625 0.4169921875 0.64990234375 0.421875 0.64453125 0.4248046875
11 0.92041015625 0.34375 0.9228515625 0.3408203125 0.92431640625 0.33984375 0.92724609375 0.3408203125 0.92822265625 0.3427734375 0.9287109375 0.345703125 0.9287109375 0.349609375 0.927734375 0.3544921875 0.92919921875 0.3564453125 0.9306640625 0.3583984375 0.93115234375 0.361328125 0.91845703125 0.3642578125 0.92041015625 0.3564453125 0.92041015625 0.353515625 0.92041015625 0.3486328125 0.919921875 0.3466796875
11 0.94775390625 0.3623046875 0.9482421875 0.357421875 0.95068359375 0.3505859375 0.95458984375 0.3447265625 0.9560546875 0.3427734375 0.955078125 0.33984375 0.95361328125 0.33203125 0.95361328125 0.330078125 0.95458984375 0.330078125 0.95458984375 0.3251953125 0.9560546875 0.322265625 0.95654296875 0.3212890625 0.95849609375 0.3193359375 0.9599609375 0.3193359375 0.96240234375 0.3212890625 0.96337890625 0.32421875 0.96435546875 0.3291015625 0.9638671875 0.3330078125 0.962890625 0.3369140625 0.9658203125 0.3408203125 0.96826171875 0.3427734375 0.97412109375 0.3505859375 0.97216796875 0.359375
13 0.44677734375 0.4189453125 0.44970703125 0.4091796875 0.451171875 0.4072265625 0.4560546875 0.4052734375 0.4599609375 0.4052734375 0.46923828125 0.4052734375 0.4765625 0.4052734375 0.48291015625 0.4072265625 0.48779296875 0.4130859375 0.49072265625 0.4169921875 0.4951171875 0.423828125 0.4990234375 0.431640625 0.49951171875 0.4404296875 0.498046875 0.4482421875 0.49609375 0.451171875 0.4931640625 0.451171875 0.490234375 0.4501953125 0.48974609375 0.4482421875 0.48828125 0.447265625 0.4697265625 0.4453125 0.4697265625 0.4501953125 0.4677734375 0.451171875 0.46533203125 0.451171875 0.462890625 0.4501953125 0.46240234375 0.4482421875 0.4619140625 0.447265625 0.45361328125 0.4453125 0.4462890625 0.431640625
13 0.37158203125 0.3798828125 0.37744140625 0.37890625 0.37939453125 0.3818359375 0.380859375 0.3837890625 0.38134765625 0.3896484375 0.38134765625 0.3935546875 0.37890625 0.3955078125 0.375 0.396484375 0.37255859375 0.396484375 0.36962890625 0.396484375 0.36962890625 0.392578125 0.369140625 0.390625 0.369140625 0.3876953125 0.37060546875 0.3857421875
13 0.5693359375 0.4501953125 0.5693359375 0.4404296875 0.56982421875 0.4326171875 0.5693359375 0.427734375 0.57080078125 0.421875 0.572265625 0.419921875 0.57177734375 0.4130859375 0.5751953125 0.412109375 0.57666015625 0.404296875 0.580078125 0.3935546875 0.58349609375 0.390625 0.607421875 0.3896484375 0.61083984375 0.3916015625 0.61376953125 0.3994140625 0.61474609375 0.4052734375 0.61767578125 0.412109375 0.61865234375 0.4169921875 0.619140625 0.427734375 0.61962890625 0.4306640625 0.6201171875 0.4560546875 0.6181640625 0.45703125 0.615234375 0.45703125 0.61376953125 0.4560546875 0.61328125 0.451171875 0.6083984375 0.4521484375 0.6083984375 0.4560546875 0.60693359375 0.45703125 0.6044921875 0.458984375 0.60205078125 0.4521484375 0.587890625 0.4521484375 0.5869140625 0.45703125 0.58447265625 0.458984375 0.58251953125 0.45703125 0.5810546875 0.455078125 0.580078125 0.4541015625 0.5771484375 0.4541015625 0.576171875 0.45703125 0.5732421875 0.45703125 0.5712890625 0.4560546875
11 0.96484375 0.353515625 0.966796875 0.3486328125 0.96923828125 0.34765625 0.96826171875 0.3447265625 0.96923828125 0.341796875 0.970703125 0.337890625 0.97265625 0.33203125 0.97509765625 0.328125 0.97705078125 0.3251953125 0.9794921875 0.32421875 0.98095703125 0.3251953125 0.98291015625 0.328125 0.984375 0.3310546875 0.98583984375 0.33203125 0.98583984375 0.3369140625 0.98486328125 0.341796875 0.9833984375 0.3447265625 0.986328125 0.3447265625 0.9873046875 0.3466796875 0.986328125 0.3505859375 0.984375 0.35546875 0.9833984375 0.357421875 0.9638671875 0.3701171875
13 0.677734375 0.3994140625 0.66064453125 0.4033203125 0.6513671875 0.4189453125 0.64892578125 0.4208984375 0.6376953125 0.423828125 0.63525390625 0.427734375 0.63330078125 0.4375 0.63427734375 0.4541015625 0.6328125 0.4560546875 0.6318359375 0.47265625 0.6357421875 0.4873046875 0.64453125 0.486328125 0.646484375 0.4931640625 0.6484375 0.498046875 0.65234375 0.501953125 0.65478515625 0.50390625 0.66015625 0.50390625 0.669921875 0.4970703125 0.67626953125 0.474609375
13 0.7509765625 0.3759765625 0.7333984375 0.376953125 0.7314453125 0.373046875 0.73046875 0.3759765625 0.69873046875 0.3798828125 0.6962890625 0.3779296875 0.69482421875 0.3779296875 0.69091796875 0.3623046875 0.69287109375 0.380859375 0.66845703125 0.388671875 0.66552734375 0.3916015625 0.66455078125 0.39453125 0.66552734375 0.3974609375 0.66064453125 0.4052734375 0.65478515625 0.419921875 0.65234375 0.435546875 0.650390625 0.4541015625 0.64892578125 0.458984375 0.650390625 0.4677734375 0.650390625 0.478515625 0.65380859375 0.48828125 0.65625 0.4970703125 0.66015625 0.5048828125 0.6630859375 0.5107421875 0.66748046875 0.513671875 0.671875 0.5126953125 0.67626953125 0.509765625 0.68017578125 0.501953125 0.68115234375 0.49609375 0.69384765625 0.4951171875 0.6962890625 0.50390625 0.69873046875 0.5126953125 0.701171875 0.5185546875 0.7060546875 0.521484375 0.708984375 0.5224609375 0.71240234375 0.521484375 0.71875 0.5146484375 0.74072265625 0.484375 0.74951171875 0.45703125
13 0.7978515625 0.3701171875 0.78125 0.3720703125 0.76123046875 0.3740234375 0.74658203125 0.37890625 0.736328125 0.3896484375 0.7255859375 0.400390625 0.716796875 0.412109375 0.71044921875 0.4189453125 0.70751953125 0.4208984375 0.7001953125 0.421875 0.69384765625 0.423828125 0.69287109375 0.4287109375 0.6904296875 0.4326171875 0.68896484375 0.439453125 0.68798828125 0.447265625 0.68798828125 0.4521484375 0.68701171875 0.4638671875 0.685546875 0.4716796875 0.68408203125 0.474609375 0.68408203125 0.4794921875 0.68505859375 0.4892578125 0.68701171875 0.50390625 0.689453125 0.5048828125 0.69287109375 0.5087890625 0.6962890625 0.5107421875 0.708984375 0.5107421875 0.71240234375 0.5205078125 0.71484375 0.52734375 0.71875 0.5341796875 0.7216796875 0.5380859375 0.72607421875 0.5390625 0.72998046875 0.5380859375 0.73388671875 0.5361328125 0.73779296875 0.5302734375 0.73974609375 0.5234375 0.74169921875 0.5166015625 0.80615234375 0.513671875 0.80322265625 0.3818359375
13 0.833984375 0.3720703125 0.81884765625 0.369140625 0.80810546875 0.37109375 0.79931640625 0.3720703125 0.79296875 0.3837890625 0.78173828125 0.412109375 0.77294921875 0.431640625 0.76953125 0.439453125 0.7685546875 0.4443359375 0.7685546875 0.4541015625 0.76806640625 0.4658203125 0.7666015625 0.4716796875 0.76513671875 0.4736328125 0.76513671875 0.5087890625 0.76513671875 0.51171875 0.76513671875 0.5185546875 0.767578125 0.5224609375 0.771484375 0.5224609375 0.771484375 0.533203125 0.77294921875 0.54296875 0.77734375 0.5498046875 0.78076171875 0.5556640625 0.7861328125 0.556640625 0.79052734375 0.5556640625 0.7939453125 0.552734375 0.8330078125 0.5234375
13 0.94140625 0.3623046875 0.9404296875 0.3583984375 0.9287109375 0.359375 0.92822265625 0.35546875 0.91064453125 0.3583984375 0.88525390625 0.3603515625 0.8525390625 0.3642578125 0.82373046875 0.3681640625 0.81982421875 0.3701171875 0.8154296875 0.373046875 0.8115234375 0.3798828125 0.81103515625 0.3828125 0.8046875 0.3974609375 0.7939453125 0.431640625 0.79052734375 0.451171875 0.7880859375 0.466796875 0.7890625 0.4775390625 0.78955078125 0.4873046875 0.78759765625 0.4912109375 0.7861328125 0.498046875 0.7861328125 0.5078125 0.78662109375 0.5224609375 0.7890625 0.5400390625 0.79296875 0.55078125 0.794921875 0.5546875 0.79541015625 0.5625 0.796875 0.572265625 0.79931640625 0.580078125 0.8037109375 0.587890625 0.80859375 0.5908203125 0.814453125 0.5908203125 0.81982421875 0.587890625 0.82470703125 0.583984375 0.82763671875 0.5751953125 0.82861328125 0.568359375 0.8349609375 0.5634765625 0.8544921875 0.5615234375 0.86279296875 0.56640625 0.88623046875 0.5634765625 0.958984375 0.384765625
5 0.39794921875 0.4306640625 0.3974609375 0.390625 0.3994140625 0.3896484375 0.39990234375 0.43359375 0.3974609375 0.4365234375
13 0.99951171875 0.35546875 0.98583984375 0.353515625 0.9755859375 0.3525390625 0.96044921875 0.3544921875 0.9453125 0.359375 0.93212890625 0.3642578125 0.919921875 0.3720703125 0.912109375 0.3779296875 0.9052734375 0.3916015625 0.90234375 0.4033203125 0.8974609375 0.4140625 0.89111328125 0.4296875 0.88623046875 0.4453125 0.88232421875 0.46484375 0.88037109375 0.4794921875 0.8798828125 0.4892578125 0.87841796875 0.4990234375 0.876953125 0.51171875 0.87744140625 0.5224609375 0.87451171875 0.5234375 0.87353515625 0.53125 0.8740234375 0.54296875 0.87548828125 0.5546875 0.88037109375 0.55859375 0.8818359375 0.5693359375 0.88330078125 0.580078125 0.88525390625 0.58984375 0.88720703125 0.6025390625 0.888671875 0.6123046875 0.89208984375 0.6201171875 0.896484375 0.6279296875 0.900390625 0.6318359375 0.908203125 0.634765625 0.91552734375 0.634765625 0.92041015625 0.6318359375 0.923828125 0.6259765625 0.92724609375 0.6162109375 0.92919921875 0.607421875 0.9345703125 0.6064453125 0.9384765625 0.607421875 0.94091796875 0.611328125 0.94189453125 0.6142578125 0.94775390625 0.6123046875 0.95263671875 0.6123046875 0.9521484375 0.6083984375 0.994140625 0.611328125 0.99609375 0.6171875 0.9990234375 0.6201171875 0.99951171875 0.6201171875 0.99951171875 0.3671875
5 0.37841796875 0.44921875 0.376953125 0.359375 0.37939453125 0.359375 0.380859375 0.453125 0.37890625 0.4541015625
5 0.04638671875 0.6318359375 0.04833984375 0.6220703125 0.04833984375 0.6064453125 0.0478515625 0.576171875 0.048828125 0.55078125 0.04833984375 0.5205078125 0.05029296875 0.5185546875 0.05029296875 0.48046875 0.04736328125 0.478515625 0.0517578125 0.474609375 0.0517578125 0.4638671875 0.0537109375 0.4638671875 0.05712890625 0.4638671875 0.05810546875 0.4658203125 0.05859375 0.47265625 0.06201171875 0.4765625 0.06201171875 0.4794921875 0.06005859375 0.4814453125 0.060546875 0.521484375 0.0615234375 0.525390625 0.060546875 0.5302734375 0.0595703125 0.5322265625 0.06005859375 0.5673828125 0.06201171875 0.5703125 0.0615234375 0.5751953125 0.060546875 0.58203125 0.060546875 0.6171875 0.06298828125 0.619140625 0.06396484375 0.6240234375 0.06591796875 0.6328125 0.06396484375 0.634765625 0.05517578125 0.6376953125 0.046875 0.638671875 0.0439453125 0.6376953125
5 0.119140625 0.59765625 0.12109375 0.58984375 0.12109375 0.5576171875 0.11962890625 0.5546875 0.1201171875 0.5498046875 0.12158203125 0.546875 0.12353515625 0.5390625 0.12255859375 0.51953125 0.12109375 0.5146484375 0.12353515625 0.51171875 0.12353515625 0.4775390625 0.12060546875 0.4736328125 0.12353515625 0.47265625 0.12353515625 0.46484375 0.12451171875 0.46484375 0.12744140625 0.4638671875 0.1298828125 0.4638671875 0.13037109375 0.46875 0.134765625 0.4736328125 0.1318359375 0.4755859375 0.13037109375 0.509765625 0.13134765625 0.5146484375 0.13134765625 0.5185546875 0.13037109375 0.5224609375 0.130859375 0.546875 0.1328125 0.55078125 0.1328125 0.552734375 0.13232421875 0.556640625 0.130859375 0.5595703125 0.13037109375 0.591796875 0.13232421875 0.599609375 0.134765625 0.6064453125 0.123046875 0.607421875 0.1171875 0.6083984375 0.115234375 0.607421875
5 0.21337890625 0.55859375 0.21533203125 0.548828125 0.2158203125 0.54296875 0.21630859375 0.5283203125 0.2158203125 0.51953125 0.21630859375 0.51171875 0.216796875 0.49609375 0.21826171875 0.4736328125 0.21875 0.462890625 0.21630859375 0.4599609375 0.21875 0.4560546875 0.21923828125 0.451171875 0.2236328125 0.451171875 0.2236328125 0.45703125 0.2255859375 0.458984375 0.2255859375 0.46484375 0.22265625 0.46484375 0.22412109375 0.525390625 0.2236328125 0.55859375
5 0.17236328125 0.578125 0.173828125 0.5673828125 0.1748046875 0.55859375 0.1748046875 0.54296875 0.17333984375 0.5341796875 0.1748046875 0.52734375 0.17431640625 0.50390625 0.17333984375 0.4990234375 0.17529296875 0.4951171875 0.17529296875 0.46875 0.17236328125 0.46484375 0.17529296875 0.4619140625 0.17529296875 0.455078125 0.17724609375 0.4541015625 0.1787109375 0.455078125 0.17919921875 0.4609375 0.1787109375 0.462890625 0.18115234375 0.46484375 0.1796875 0.4677734375 0.18017578125 0.498046875 0.1826171875 0.5009765625 0.1796875 0.5048828125 0.1806640625 0.5283203125 0.18212890625 0.533203125 0.18115234375 0.537109375 0.1806640625 0.5390625 0.18115234375 0.5673828125 0.18310546875 0.568359375 0.1845703125 0.5751953125 0.18212890625 0.5791015625 0.177734375 0.580078125
5 0.23974609375 0.5439453125 0.24169921875 0.5380859375 0.24267578125 0.5341796875 0.24267578125 0.513671875 0.24169921875 0.5078125 0.24267578125 0.50390625 0.2421875 0.4814453125 0.24267578125 0.45703125 0.24072265625 0.4541015625 0.2421875 0.4521484375 0.2431640625 0.4482421875 0.2451171875 0.447265625 0.24658203125 0.44921875 0.24658203125 0.451171875 0.2490234375 0.4560546875 0.24658203125 0.4560546875 0.248046875 0.4833984375 0.24853515625 0.5048828125 0.24951171875 0.5078125 0.24853515625 0.5107421875 0.24853515625 0.5361328125 0.24951171875 0.5390625 0.2509765625 0.544921875 0.24560546875 0.5458984375
7 0.392578125 0.390625 0.392578125 0.384765625 0.392578125 0.3828125 0.40673828125 0.3828125 0.40673828125 0.39453125 0.392578125 0.39453125
5 0.2724609375 0.5283203125 0.2734375 0.5205078125 0.2744140625 0.5107421875 0.2744140625 0.4970703125 0.2744140625 0.486328125 0.2744140625 0.474609375 0.27490234375 0.4658203125 0.275390625 0.44921875 0.27392578125 0.4482421875 0.27587890625 0.4443359375 0.2763671875 0.44140625 0.2783203125 0.4404296875 0.27978515625 0.44140625 0.2802734375 0.4443359375 0.28173828125 0.447265625 0.27978515625 0.4501953125 0.279296875 0.46875 0.2802734375 0.47265625 0.27978515625 0.4755859375 0.27978515625 0.4921875 0.28076171875 0.4970703125 0.27978515625 0.5 0.279296875 0.5205078125 0.28173828125 0.5283203125 0.2763671875 0.5302734375
5 0.29296875 0.5205078125 0.2939453125 0.51171875 0.294921875 0.49609375 0.294921875 0.46875 0.294921875 0.447265625 0.294921875 0.443359375 0.2958984375 0.4404296875 0.29736328125 0.439453125 0.29833984375 0.44140625 0.2998046875 0.4443359375 0.2998046875 0.447265625 0.29931640625 0.4482421875 0.29931640625 0.4638671875 0.29931640625 0.4814453125 0.29931640625 0.4990234375 0.29931640625 0.5107421875 0.30029296875 0.515625 0.2998046875 0.51953125
5 0.310546875 0.5107421875 0.31201171875 0.50390625 0.31201171875 0.4892578125 0.31201171875 0.4765625 0.31201171875 0.46484375 0.31298828125 0.447265625 0.3115234375 0.4443359375 0.31201171875 0.4404296875 0.3134765625 0.4384765625 0.3154296875 0.4375 0.31640625 0.44140625 0.3173828125 0.443359375 0.31591796875 0.447265625 0.31689453125 0.4677734375 0.31640625 0.5048828125 0.3193359375 0.51171875
5 0.32568359375 0.501953125 0.32666015625 0.49609375 0.3271484375 0.48046875 0.3271484375 0.4521484375 0.3271484375 0.4443359375 0.32666015625 0.4404296875 0.328125 0.4365234375 0.330078125 0.4365234375 0.33203125 0.44140625 0.33154296875 0.4443359375 0.3310546875 0.4970703125 0.33251953125 0.50390625
5 0.33837890625 0.4990234375 0.33935546875 0.4931640625 0.33984375 0.4814453125 0.33935546875 0.4638671875 0.33984375 0.4423828125 0.33984375 0.4404296875 0.34033203125 0.4365234375 0.3427734375 0.435546875 0.34375 0.439453125 0.34375 0.4423828125 0.34375 0.46875 0.34375 0.4951171875 0.34423828125 0.4990234375
5 0.35107421875 0.4921875 0.3515625 0.486328125 0.35107421875 0.474609375 0.3505859375 0.4619140625 0.349609375 0.4482421875 0.34912109375 0.439453125 0.349609375 0.43359375 0.35107421875 0.435546875 0.35205078125 0.4384765625 0.35205078125 0.4423828125 0.3544921875 0.466796875 0.35546875 0.486328125 0.35693359375 0.4921875
5 0.5439453125 0.4208984375 0.5439453125 0.390625 0.5439453125 0.357421875 0.546875 0.357421875 0.54736328125 0.3974609375 0.54736328125 0.423828125 0.54736328125 0.427734375 0.544921875 0.427734375
5 0.44580078125 0.4150390625 0.44580078125 0.3740234375 0.447265625 0.3740234375 0.4482421875 0.4208984375 0.4462890625 0.4208984375
5 0.359375 0.419921875 0.359375 0.3525390625 0.361328125 0.3505859375 0.36181640625 0.421875
5 0.376953125 0.3642578125 0.37646484375 0.32421875 0.3740234375 0.177734375 0.3740234375 0.16015625 0.37109375 0.16015625 0.3701171875 0.162109375 0.3671875 0.162109375 0.365234375 0.16015625 0.365234375 0.15625 0.3671875 0.1552734375 0.375 0.15625 0.37548828125 0.1923828125 0.37744140625 0.271484375 0.37939453125 0.3671875 0.37841796875 0.369140625
7 0.67431640625 0.3203125 0.67431640625 0.28515625 0.67724609375 0.2822265625 0.68798828125 0.2822265625 0.6884765625 0.3193359375
7 0.6748046875 0.2861328125 0.67431640625 0.2646484375 0.68701171875 0.263671875 0.6884765625 0.265625 0.6884765625 0.2861328125
7 0.6748046875 0.2685546875 0.6748046875 0.2333984375 0.68798828125 0.2333984375 0.68798828125 0.265625 0.68798828125 0.2685546875
7 0.73486328125 0.2841796875 0.73486328125 0.29296875 0.73779296875 0.291015625 0.73828125 0.2939453125 0.75244140625 0.2939453125 0.751953125 0.2890625 0.75341796875 0.2890625 0.75390625 0.28125 0.736328125 0.2802734375
13 0.49755859375 0.4404296875 0.49658203125 0.431640625 0.49658203125 0.4248046875 0.49853515625 0.4189453125 0.5009765625 0.4140625 0.50390625 0.4052734375 0.5078125 0.404296875 0.51611328125 0.404296875 0.52880859375 0.4033203125 0.53125 0.404296875 0.53515625 0.40625 0.54052734375 0.41015625 0.5458984375 0.4189453125 0.5498046875 0.42578125 0.552734375 0.431640625 0.55419921875 0.4365234375 0.5537109375 0.4423828125 0.55224609375 0.4443359375 0.55029296875 0.4501953125 0.546875 0.451171875 0.544921875 0.44921875 0.54296875 0.4453125 0.53564453125 0.4453125 0.53466796875 0.44921875 0.53173828125 0.451171875 0.529296875 0.44921875 0.52783203125 0.4453125 0.52392578125 0.447265625 0.52294921875 0.4501953125 0.521484375 0.451171875 0.5185546875 0.451171875 0.51611328125 0.4501953125 0.51416015625 0.447265625 0.5068359375 0.4453125 0.50634765625 0.44921875 0.50439453125 0.451171875 0.50146484375 0.451171875 0.5 0.44921875
7 0.548828125 0.3720703125 0.54248046875 0.3720703125 0.54150390625 0.369140625 0.541015625 0.3447265625 0.5498046875 0.3447265625 0.55126953125 0.3720703125
7 0.8212890625 0.283203125 0.8212890625 0.2353515625 0.84521484375 0.2333984375 0.84619140625 0.23828125 0.8466796875 0.2822265625 0.84521484375 0.2822265625
7 0.8212890625 0.2392578125 0.81494140625 0.2197265625 0.8486328125 0.2177734375 0.84521484375 0.2373046875
7 0.4423828125 0.3818359375 0.44287109375 0.3701171875 0.451171875 0.369140625 0.451171875 0.3828125
7 0.392578125 0.3857421875 0.392578125 0.3720703125 0.40673828125 0.37109375 0.40673828125 0.3857421875
7 0.4423828125 0.3720703125 0.4423828125 0.35546875 0.451171875 0.35546875 0.451171875 0.3720703125
7 0.392578125 0.376953125 0.392578125 0.3642578125 0.40673828125 0.3642578125 0.40625 0.376953125
7 0.35693359375 0.3564453125 0.35595703125 0.3525390625 0.35595703125 0.34765625 0.35693359375 0.3447265625 0.35888671875 0.3427734375 0.36083984375 0.3427734375 0.36279296875 0.3447265625 0.36328125 0.34765625 0.36376953125 0.3525390625 0.36328125 0.3564453125 0.36181640625 0.359375 0.359375 0.3603515625 0.3583984375 0.359375
7 0.37646484375 0.369140625 0.3759765625 0.3623046875 0.37744140625 0.3603515625 0.3798828125 0.3583984375 0.3818359375 0.359375 0.38427734375 0.3623046875 0.384765625 0.3671875 0.38427734375 0.3720703125 0.38134765625 0.3759765625 0.37939453125 0.3759765625 0.37841796875 0.373046875
13 0.42236328125 0.4208984375 0.41845703125 0.4091796875 0.41259765625 0.408203125 0.41015625 0.412109375 0.40576171875 0.4140625 0.40234375 0.419921875 0.39990234375 0.42578125 0.39697265625 0.427734375 0.3955078125 0.4365234375 0.39453125 0.4384765625 0.39453125 0.447265625 0.3955078125 0.4501953125 0.3984375 0.453125 0.39990234375 0.4521484375 0.39990234375 0.4501953125 0.41552734375 0.4482421875 0.416015625 0.451171875 0.41796875 0.4521484375 0.4189453125 0.4501953125 0.419921875 0.4482421875 0.42236328125 0.44140625
13 0.40625 0.4482421875 0.40625 0.4404296875 0.40625 0.43359375 0.4072265625 0.4296875 0.4091796875 0.42578125 0.41064453125 0.4248046875 0.41259765625 0.4189453125 0.41748046875 0.412109375 0.42138671875 0.4072265625 0.4287109375 0.40625 0.44580078125 0.40625 0.447265625 0.41015625 0.44970703125 0.4169921875 0.45166015625 0.419921875 0.4521484375 0.423828125 0.4521484375 0.42578125 0.45263671875 0.4296875 0.45361328125 0.4384765625 0.45361328125 0.4443359375 0.453125 0.4501953125 0.45166015625 0.4521484375 0.4482421875 0.4521484375 0.44677734375 0.4501953125 0.4462890625 0.4453125 0.435546875 0.447265625 0.435546875 0.4501953125 0.43408203125 0.4521484375 0.43212890625 0.453125 0.42822265625 0.453125 0.4248046875 0.453125 0.42333984375 0.4521484375 0.42236328125 0.4482421875 0.41845703125 0.4482421875 0.41845703125 0.4521484375 0.416015625 0.4521484375 0.4140625 0.4521484375 0.41162109375 0.453125 0.40966796875 0.453125 0.408203125 0.453125
11 0.3564453125 0.4267578125 0.35693359375 0.4208984375 0.35888671875 0.419921875 0.35986328125 0.419921875 0.36181640625 0.41796875 0.36376953125 0.419921875 0.3642578125 0.42578125 0.36376953125 0.4287109375 0.3623046875 0.4306640625 0.361328125 0.43359375 0.36279296875 0.4375 0.36328125 0.44140625 0.36376953125 0.4453125 0.36328125 0.4482421875 0.36083984375 0.44921875 0.36181640625 0.453125 0.35986328125 0.455078125 0.357421875 0.455078125 0.35693359375 0.455078125 0.35595703125 0.453125 0.35595703125 0.439453125 0.35888671875 0.43359375 0.3583984375 0.431640625 0.3544921875 0.4326171875 0.3544921875 0.427734375
6 0.3994140625 0.3359375 0.3994140625 0.3251953125 0.4013671875 0.3251953125 0.40234375 0.3359375
7 0.376953125 0.3759765625 0.38525390625 0.3759765625 0.38525390625 0.3837890625 0.376953125 0.3837890625
5 0.41064453125 0.462890625 0.41064453125 0.4296875 0.41064453125 0.4267578125 0.41162109375 0.42578125 0.4130859375 0.4267578125 0.4140625 0.462890625
5 0.40478515625 0.4658203125 0.4052734375 0.4375 0.4052734375 0.4306640625 0.4052734375 0.427734375 0.4072265625 0.427734375 0.4072265625 0.4609375 0.408203125 0.4658203125
5 0.400390625 0.466796875 0.404296875 0.466796875 0.4033203125 0.462890625 0.4033203125 0.4521484375 0.4033203125 0.431640625 0.4033203125 0.4287109375 0.4013671875 0.4287109375 0.4013671875 0.4560546875 0.4013671875 0.462890625
5 0.39501953125 0.4677734375 0.3984375 0.4677734375 0.3984375 0.4658203125 0.39794921875 0.46484375 0.39794921875 0.44140625 0.39794921875 0.4326171875 0.39794921875 0.4296875 0.3974609375 0.427734375 0.396484375 0.427734375 0.3955078125 0.4306640625 0.396484375 0.43359375 0.396484375 0.462890625 0.396484375 0.46484375
5 0.39013671875 0.4716796875 0.39306640625 0.4716796875 0.39306640625 0.46875 0.392578125 0.4677734375 0.392578125 0.4326171875 0.392578125 0.4296875 0.39208984375 0.427734375 0.39111328125 0.4296875 0.390625 0.4619140625
5 0.38427734375 0.474609375 0.38720703125 0.474609375 0.38720703125 0.47265625 0.38671875 0.4716796875 0.38671875 0.4599609375 0.38720703125 0.4404296875 0.38720703125 0.4306640625 0.38671875 0.4287109375 0.3857421875 0.4296875 0.38525390625 0.4365234375 0.384765625 0.458984375 0.384765625 0.462890625 0.384765625 0.4697265625
5 0.376953125 0.4765625 0.37841796875 0.4716796875 0.37841796875 0.4619140625 0.37890625 0.4560546875 0.37939453125 0.431640625 0.3798828125 0.427734375 0.380859375 0.4287109375 0.38134765625 0.431640625 0.380859375 0.435546875 0.380859375 0.455078125 0.380859375 0.4599609375 0.380859375 0.4609375 0.38037109375 0.462890625 0.38037109375 0.4736328125 0.380859375 0.4765625
5 0.37109375 0.4833984375 0.37451171875 0.4833984375 0.37451171875 0.478515625 0.3740234375 0.4765625 0.3740234375 0.46484375 0.37353515625 0.4609375 0.37353515625 0.44921875 0.37353515625 0.4365234375 0.37353515625 0.431640625 0.373046875 0.4296875 0.37109375 0.431640625 0.37109375 0.4609375 0.37060546875 0.4638671875 0.37109375 0.4658203125 0.37060546875 0.4775390625 0.37060546875 0.478515625
5 0.361328125 0.48828125 0.36474609375 0.48828125 0.36474609375 0.484375 0.3642578125 0.4833984375 0.3642578125 0.46875 0.36474609375 0.466796875 0.3642578125 0.4658203125 0.36474609375 0.4375 0.36474609375 0.43359375 0.36376953125 0.43359375 0.36279296875 0.4365234375 0.3623046875 0.4638671875 0.36181640625 0.4658203125 0.36181640625 0.4677734375 0.36181640625 0.4833984375 0.361328125 0.484375
