10 0.00048828125 0.0 0.4150390625 0.265625 0.57861328125 0.2509765625 0.99951171875 0.0
0 0.0 0.50390625 0.30029296875 0.4384765625 0.40380859375 0.37109375 0.44384765625 0.322265625 0.453125 0.310546875 0.4677734375 0.3095703125 0.49951171875 0.3486328125 0.513671875 0.412109375 0.58251953125 0.4208984375 0.6171875 0.4521484375 0.78369140625 0.5068359375 0.99951171875 0.4736328125 0.99951171875 0.9990234375 0.0 0.9990234375
2 0.0 0.0 0.3017578125 0.0 0.3017578125 0.013671875 0.3046875 0.0205078125 0.30712890625 0.0185546875 0.31103515625 0.0205078125 0.31201171875 0.013671875 0.31298828125 0.0107421875 0.31298828125 0.0 0.314453125 0.0 0.314453125 0.01171875 0.32568359375 0.01171875 0.32568359375 0.0 0.32763671875 0.0 0.32763671875 0.01171875 0.32861328125 0.01171875 0.32861328125 0.015625 0.328125 0.0166015625 0.328125 0.0224609375 0.3310546875 0.0185546875 0.3330078125 0.0185546875 0.3330078125 0.0146484375 0.337890625 0.0146484375 0.341796875 0.0224609375 0.345703125 0.0322265625 0.34619140625 0.0380859375 0.34765625 0.0380859375 0.34765625 0.04296875 0.34716796875 0.04296875 0.34716796875 0.046875 0.3515625 0.052734375 0.3515625 0.0712890625 0.3544921875 0.0712890625 0.36572265625 0.0986328125 0.36572265625 0.107421875 0.3623046875 0.107421875 0.36181640625 0.1201171875 0.36474609375 0.1201171875 0.36474609375 0.1259765625 0.3701171875 0.1259765625 0.3701171875 0.123046875 0.37158203125 0.123046875 0.37158203125 0.1259765625 0.38134765625 0.1259765625 0.388671875 0.1396484375 0.388671875 0.142578125 0.38720703125 0.142578125 0.38720703125 0.1552734375 0.388671875 0.15625 0.39501953125 0.1708984375 0.39892578125 0.1708984375 0.400390625 0.1787109375 0.400390625 0.1865234375 0.40087890625 0.19921875 0.408203125 0.2236328125 0.408203125 0.2666015625 0.408203125 0.30859375 0.41748046875 0.31640625 0.4169921875 0.359375 0.41162109375 0.3642578125 0.41064453125 0.3681640625 0.40576171875 0.3701171875 0.404296875 0.3701171875 0.3876953125 0.3896484375 0.3818359375 0.390625 0.37841796875 0.3994140625 0.376953125 0.4140625 0.3759765625 0.42578125 0.36328125 0.421875 0.32177734375 0.443359375 0.2939453125 0.447265625 0.234375 0.447265625 0.0 0.419921875
13 0.44970703125 0.3310546875 0.4462890625 0.3310546875 0.4443359375 0.3369140625 0.4501953125 0.3369140625
13 0.44482421875 0.3349609375 0.4482421875 0.3349609375 0.44970703125 0.337890625 0.44970703125 0.345703125 0.44287109375 0.34375
13 0.4365234375 0.359375 0.43798828125 0.3525390625 0.439453125 0.34765625 0.4443359375 0.3486328125 0.4453125 0.3544921875 0.4443359375 0.3603515625 0.43896484375 0.3603515625
13 0.43017578125 0.3671875 0.4306640625 0.361328125 0.43310546875 0.3603515625 0.43798828125 0.361328125 0.43896484375 0.3642578125 0.439453125 0.3681640625 0.43994140625 0.3720703125 0.43994140625 0.3779296875 0.439453125 0.37890625 0.43701171875 0.3779296875 0.43505859375 0.3779296875
2 0.53564453125 0.4189453125 0.51904296875 0.4072265625 0.50634765625 0.3740234375 0.4990234375 0.3544921875 0.49951171875 0.1279296875 0.60107421875 0.064453125 0.595703125 0.4296875
8 0.0 0.4716796875 0.0 0.4931640625 0.2021484375 0.4697265625 0.25732421875 0.4384765625 0.06494140625 0.4326171875 0.07861328125 0.4130859375 0.0830078125 0.3935546875 0.0830078125 0.3935546875 0.07958984375 0.376953125 0.08935546875 0.3564453125 0.08251953125 0.33984375 0.09130859375 0.3291015625 0.08203125 0.31640625 0.0810546875 0.30859375 0.06591796875 0.30859375 0.05615234375 0.2998046875 0.037109375 0.2998046875 0.01318359375 0.296875 0.0 0.2978515625
9 0.0 0.4736328125 0.009765625 0.46875 0.060546875 0.46875 0.087890625 0.4326171875 0.19140625 0.4306640625 0.2197265625 0.4453125 0.2099609375 0.466796875 0.0 0.5146484375
2 0.99951171875 0.5029296875 0.80224609375 0.515625 0.7294921875 0.51953125 0.6962890625 0.5068359375 0.63916015625 0.490234375 0.60791015625 0.4765625 0.5791015625 0.4501953125 0.58154296875 0.31640625 0.59033203125 0.3173828125 0.59033203125 0.310546875 0.59912109375 0.3095703125 0.59912109375 0.3046875 0.59326171875 0.3046875 0.59326171875 0.294921875 0.59130859375 0.291015625 0.59375 0.287109375 0.59375 0.2666015625 0.591796875 0.2646484375 0.59326171875 0.26171875 0.59423828125 0.259765625 0.59423828125 0.1875 0.5947265625 0.1279296875 0.595703125 0.0341796875 0.595703125 0.0 0.99951171875 0.0
1 0.0 0.48828125 0.08251953125 0.478515625 0.080078125 0.4736328125 0.19775390625 0.455078125 0.29052734375 0.439453125 0.310546875 0.4384765625 0.35107421875 0.416015625 0.36767578125 0.4130859375 0.3740234375 0.400390625 0.41845703125 0.3564453125 0.43408203125 0.361328125 0.39697265625 0.39453125 0.4130859375 0.39453125 0.41259765625 0.4072265625 0.39208984375 0.4130859375 0.31103515625 0.453125 0.2294921875 0.47265625 0.14111328125 0.5029296875 0.10107421875 0.5126953125 0.0 0.5400390625
1 0.99951171875 0.5380859375 0.89111328125 0.5390625 0.8466796875 0.5400390625 0.78662109375 0.5380859375 0.6650390625 0.5263671875 0.63427734375 0.515625 0.578125 0.4833984375 0.54541015625 0.4609375 0.52880859375 0.447265625 0.5068359375 0.423828125 0.49462890625 0.3896484375 0.48681640625 0.3173828125 0.50048828125 0.357421875 0.51513671875 0.3955078125 0.5263671875 0.41015625 0.53466796875 0.419921875 0.5595703125 0.421875 0.56982421875 0.4375 0.5810546875 0.4404296875 0.6005859375 0.4501953125 0.62744140625 0.4619140625 0.65966796875 0.474609375 0.69873046875 0.48828125 0.73388671875 0.4931640625 0.77294921875 0.5009765625 0.78515625 0.5078125 0.96484375 0.4951171875 0.99951171875 0.4892578125
11 0.3798828125 0.4072265625 0.38232421875 0.4072265625 0.3828125 0.400390625 0.3828125 0.3916015625 0.38232421875 0.384765625 0.3828125 0.384765625 0.38427734375 0.3828125 0.38330078125 0.37890625 0.3818359375 0.376953125 0.38134765625 0.3740234375 0.380859375 0.373046875 0.38037109375 0.373046875 0.37939453125 0.3740234375 0.37939453125 0.376953125 0.37890625 0.3779296875 0.37744140625 0.380859375 0.37744140625 0.3837890625 0.37841796875 0.3857421875 0.37890625 0.388671875
0 0.52392578125 0.4375 0.5341796875 0.4384765625 0.56005859375 0.435546875 0.56005859375 0.4306640625 0.54345703125 0.4306640625 0.51171875 0.4306640625
4 0.064453125 0.458984375 0.06298828125 0.447265625 0.064453125 0.43359375 0.06982421875 0.4189453125 0.08349609375 0.3876953125 0.10498046875 0.3876953125 0.21435546875 0.390625 0.21337890625 0.4326171875 0.21337890625 0.453125 0.201171875 0.453125 0.185546875 0.451171875 0.119140625 0.458984375 0.06787109375 0.46875
5 0.13720703125 0.4638671875 0.14208984375 0.46484375 0.1416015625 0.3310546875 0.1416015625 0.314453125 0.1416015625 0.234375 0.1357421875 0.2314453125 0.1357421875 0.30859375 0.13623046875 0.330078125
8 0.41064453125 0.4013671875 0.41162109375 0.39453125 0.412109375 0.3798828125 0.41259765625 0.369140625 0.4140625 0.361328125 0.4140625 0.3427734375 0.4140625 0.337890625 0.4072265625 0.3447265625 0.39892578125 0.34375 0.39990234375 0.333984375 0.404296875 0.333984375 0.40283203125 0.330078125 0.3984375 0.326171875 0.3984375 0.3232421875 0.390625 0.318359375 0.38916015625 0.3115234375 0.3916015625 0.3076171875 0.39208984375 0.3017578125 0.39208984375 0.296875 0.3876953125 0.2978515625 0.3857421875 0.2802734375 0.388671875 0.26953125 0.39453125 0.2646484375 0.40087890625 0.2646484375 0.40478515625 0.2685546875 0.40625 0.2607421875 0.4052734375 0.24609375 0.40478515625 0.234375 0.40234375 0.2158203125 0.39892578125 0.201171875 0.39501953125 0.181640625 0.400390625 0.1796875 0.40625 0.181640625 0.40869140625 0.1796875 0.40869140625 0.171875 0.40966796875 0.1669921875 0.41162109375 0.1650390625 0.412109375 0.1591796875 0.4130859375 0.1552734375 0.42626953125 0.1533203125 0.4296875 0.16015625 0.43310546875 0.154296875 0.43798828125 0.154296875 0.4423828125 0.1650390625 0.45458984375 0.1630859375 0.458984375 0.15625 0.4599609375 0.1494140625 0.4580078125 0.14453125 0.45849609375 0.134765625 0.4599609375 0.1298828125 0.4609375 0.1162109375 0.4677734375 0.115234375 0.470703125 0.095703125 0.47705078125 0.08984375 0.478515625 0.072265625 0.48291015625 0.0712890625 0.4833984375 0.06640625 0.48583984375 0.0634765625 0.4892578125 0.0712890625 0.4931640625 0.068359375 0.49951171875 0.06640625 0.50048828125 0.05859375 0.50390625 0.05078125 0.51123046875 0.04296875 0.51416015625 0.0361328125 0.51806640625 0.0390625 0.521484375 0.0380859375 0.52392578125 0.0400390625 0.525390625 0.03515625 0.52978515625 0.04296875 0.5341796875 0.044921875 0.53564453125 0.0517578125 0.54248046875 0.052734375 0.55126953125 0.0478515625 0.5576171875 0.0400390625 0.55859375 0.033203125 0.56298828125 0.0302734375 0.5673828125 0.0322265625 0.5693359375 0.0205078125 0.57275390625 0.0205078125 0.57470703125 0.0302734375 0.57861328125 0.0302734375 0.5830078125 0.033203125 0.58447265625 0.0283203125 0.5859375 0.021484375 0.58935546875 0.01953125 0.58935546875 0.0087890625 0.59130859375 0.001953125 0.59521484375 0.0068359375 0.59716796875 0.0107421875 0.59716796875 0.0703125 0.595703125 0.1435546875 0.59765625 0.2373046875 0.59619140625 0.3046875 0.58203125 0.314453125 0.5751953125 0.333984375 0.5703125 0.3818359375 0.5693359375 0.41796875 0.5615234375 0.41796875 0.56201171875 0.3662109375 0.56005859375 0.298828125 0.5478515625 0.2880859375 0.53466796875 0.3046875 0.52490234375 0.29296875 0.5224609375 0.27734375 0.5126953125 0.26953125 0.51123046875 0.30078125 0.50439453125 0.3291015625 0.49755859375 0.3544921875 0.49267578125 0.3642578125 0.49267578125 0.4052734375 0.48486328125 0.4033203125 0.48583984375 0.3623046875 0.47607421875 0.337890625 0.4697265625 0.3251953125 0.46337890625 0.3193359375 0.4541015625 0.3134765625 0.447265625 0.328125 0.44140625 0.3408203125 0.44140625 0.345703125 0.43994140625 0.3466796875 0.43798828125 0.349609375 0.4365234375 0.3544921875 0.43505859375 0.3544921875 0.43359375 0.359375 0.4326171875 0.359375 0.4296875 0.359375 0.42919921875 0.3662109375 0.42138671875 0.3828125 0.4189453125 0.376953125
5 0.49072265625 0.3056640625 0.49072265625 0.30859375 0.52392578125 0.3203125 0.52783203125 0.326171875 0.529296875 0.3408203125 0.529296875 0.3701171875 0.52880859375 0.4150390625 0.52978515625 0.416015625 0.5302734375 0.396484375 0.5302734375 0.3330078125 0.529296875 0.32421875 0.52490234375 0.318359375 0.5068359375 0.3115234375
5 0.1630859375 0.462890625 0.16796875 0.4619140625 0.1689453125 0.2216796875 0.17138671875 0.0 0.16650390625 0.0 0.1630859375 0.22265625
11 0.525390625 0.396484375 0.52783203125 0.396484375 0.52978515625 0.4013671875 0.53076171875 0.4091796875 0.53076171875 0.439453125 0.529296875 0.4384765625 0.52880859375 0.4208984375 0.5283203125 0.4208984375 0.52783203125 0.435546875 0.5263671875 0.435546875 0.525390625 0.43359375 0.52587890625 0.4267578125 0.5263671875 0.41796875 0.52587890625 0.4169921875 0.52587890625 0.4140625 0.5244140625 0.41015625 0.52490234375 0.408203125 0.52587890625 0.4091796875 0.5263671875 0.404296875 0.525390625 0.4033203125 0.525390625 0.400390625
5 0.24365234375 0.341796875 0.2451171875 0.341796875 0.240234375 0.4130859375 0.23876953125 0.4130859375
7 0.23681640625 0.337890625 0.24853515625 0.3427734375 0.25244140625 0.34375 0.24755859375 0.3125
5 0.5703125 0.337890625 0.57373046875 0.33984375 0.5751953125 0.4375 0.56689453125 0.4365234375 0.5673828125 0.3486328125 0.5673828125 0.337890625
13 0.20068359375 0.490234375 0.20068359375 0.501953125 0.2021484375 0.5107421875 0.2041015625 0.5126953125 0.21044921875 0.51171875 0.2109375 0.5068359375 0.2119140625 0.4990234375 0.22509765625 0.5 0.2255859375 0.5048828125 0.2275390625 0.5068359375 0.2314453125 0.5048828125 0.232421875 0.501953125 0.232421875 0.4990234375 0.25634765625 0.498046875 0.2607421875 0.498046875 0.2607421875 0.5068359375 0.26123046875 0.5107421875 0.26416015625 0.51171875 0.267578125 0.5107421875 0.2705078125 0.509765625 0.27197265625 0.5068359375 0.27197265625 0.5 0.27197265625 0.4951171875 0.2724609375 0.4921875 0.275390625 0.4921875 0.2763671875 0.4892578125 0.2783203125 0.4892578125 0.27880859375 0.4951171875 0.279296875 0.501953125 0.283203125 0.5029296875 0.2861328125 0.501953125 0.2880859375 0.498046875 0.2880859375 0.47265625 0.2900390625 0.4697265625 0.2900390625 0.4638671875 0.2890625 0.4638671875 0.2890625 0.458984375 0.287109375 0.443359375 0.2822265625 0.423828125 0.2744140625 0.40234375 0.23193359375 0.3994140625 0.22021484375 0.40234375 0.21240234375 0.427734375 0.2060546875 0.427734375 0.205078125 0.435546875 0.20751953125 0.4375 0.2099609375 0.4375 0.20166015625 0.4501953125 0.2001953125 0.4521484375 0.2001953125 0.4560546875 0.201171875 0.4560546875 0.20068359375 0.46875 0.19970703125 0.4716796875 0.1982421875 0.4765625 0.19873046875 0.4814453125 0.20068359375 0.484375
13 0.42724609375 0.369140625 0.4287109375 0.3662109375 0.4306640625 0.365234375 0.43359375 0.365234375 0.43505859375 0.3662109375 0.43603515625 0.3681640625 0.43603515625 0.37109375 0.4365234375 0.3740234375 0.4365234375 0.3779296875 0.43603515625 0.3798828125 0.43603515625 0.3818359375 0.43408203125 0.3818359375 0.42919921875 0.3779296875
13 0.5693359375 0.439453125 0.5712890625 0.439453125 0.572265625 0.4365234375 0.57568359375 0.4365234375 0.57568359375 0.439453125 0.57763671875 0.439453125 0.57861328125 0.4384765625 0.57861328125 0.43359375 0.580078125 0.4306640625 0.58447265625 0.4267578125 0.58544921875 0.4052734375 0.5751953125 0.404296875 0.5703125 0.4150390625 0.5693359375 0.4208984375 0.5693359375 0.427734375
5 0.525390625 0.052734375 0.52587890625 0.0595703125 0.5830078125 0.0703125 0.5810546875 0.44921875 0.5849609375 0.4501953125 0.587890625 0.064453125
13 0.4521484375 0.3173828125 0.45263671875 0.3251953125 0.45849609375 0.32421875 0.458984375 0.318359375 0.45947265625 0.314453125 0.4560546875 0.3125
11 0.5849609375 0.4560546875 0.587890625 0.4560546875 0.587890625 0.451171875 0.5888671875 0.4482421875 0.58837890625 0.4443359375 0.58837890625 0.4384765625 0.58984375 0.43359375 0.59130859375 0.43359375 0.591796875 0.4306640625 0.59130859375 0.421875 0.59033203125 0.4130859375 0.58837890625 0.408203125 0.58740234375 0.408203125 0.587890625 0.4013671875 0.58447265625 0.400390625 0.58349609375 0.4033203125 0.58349609375 0.408203125 0.58203125 0.4150390625 0.5791015625 0.4267578125 0.57958984375 0.4296875 0.58154296875 0.4296875 0.58154296875 0.43359375 0.58251953125 0.4365234375 0.5830078125 0.4482421875
13 0.42431640625 0.3740234375 0.42529296875 0.369140625 0.42822265625 0.369140625 0.43115234375 0.369140625 0.43310546875 0.369140625 0.43408203125 0.373046875 0.4345703125 0.376953125 0.43505859375 0.3818359375 0.4345703125 0.3876953125 0.43115234375 0.3876953125
6 0.5263671875 0.3623046875 0.5283203125 0.3603515625 0.53125 0.361328125 0.5322265625 0.3671875 0.5322265625 0.373046875 0.53369140625 0.37890625 0.53369140625 0.3828125 0.5302734375 0.3837890625 0.52783203125 0.3837890625 0.52734375 0.376953125 0.52294921875 0.3720703125 0.5234375 0.3623046875
6 0.416015625 0.3193359375 0.41845703125 0.3193359375 0.4189453125 0.3017578125 0.41650390625 0.3017578125
6 0.314453125 0.3642578125 0.31640625 0.3623046875 0.31982421875 0.3623046875 0.3232421875 0.3642578125 0.3232421875 0.376953125 0.31982421875 0.380859375 0.31591796875 0.3828125 0.314453125 0.3828125
5 0.400390625 0.1943359375 0.4072265625 0.193359375 0.40869140625 0.197265625 0.4013671875 0.1953125 0.37353515625 0.2001953125 0.37158203125 0.201171875 0.37109375 0.40625 0.369140625 0.40625 0.37109375 0.1982421875
11 0.51611328125 0.4013671875 0.515625 0.390625 0.51513671875 0.3837890625 0.51513671875 0.380859375 0.515625 0.3779296875 0.515625 0.3759765625 0.51611328125 0.373046875 0.51708984375 0.373046875 0.517578125 0.3740234375 0.51806640625 0.376953125 0.51806640625 0.37890625 0.5185546875 0.3798828125 0.51904296875 0.3828125 0.51953125 0.384765625 0.51953125 0.3896484375 0.51904296875 0.390625 0.5185546875 0.3916015625 0.51806640625 0.396484375 0.51806640625 0.40234375
6 0.55419921875 0.365234375 0.5498046875 0.365234375 0.54931640625 0.3818359375 0.5537109375 0.3818359375
13 0.453125 0.3623046875 0.4560546875 0.3623046875 0.45458984375 0.3662109375 0.45947265625 0.3662109375 0.45947265625 0.34765625 0.4580078125 0.3466796875 0.451171875 0.3466796875 0.45068359375 0.3525390625 0.44970703125 0.3642578125 0.44873046875 0.361328125
13 0.4208984375 0.37890625 0.42236328125 0.373046875 0.42333984375 0.3720703125 0.42919921875 0.3720703125 0.43115234375 0.373046875 0.43212890625 0.376953125 0.4326171875 0.3798828125 0.43310546875 0.3828125 0.43310546875 0.3896484375 0.4326171875 0.3916015625 0.43115234375 0.3916015625 0.4296875 0.392578125 0.4248046875 0.390625
7 0.53076171875 0.3408203125 0.5263671875 0.3525390625 0.5302734375 0.359375 0.53466796875 0.3505859375
13 0.44970703125 0.3720703125 0.45751953125 0.3720703125 0.45849609375 0.3662109375 0.45703125 0.357421875 0.45361328125 0.3564453125 0.45068359375 0.357421875 0.44873046875 0.361328125 0.4482421875 0.3671875
5 0.37451171875 0.326171875 0.37841796875 0.3232421875 0.38671875 0.3212890625 0.41650390625 0.3125 0.41650390625 0.3095703125 0.41455078125 0.310546875 0.3955078125 0.31640625 0.37548828125 0.322265625 0.37255859375 0.328125 0.37060546875 0.33203125 0.37255859375 0.3310546875
13 0.36376953125 0.41796875 0.369140625 0.40234375 0.38916015625 0.40234375 0.39306640625 0.4150390625 0.39306640625 0.4169921875 0.3955078125 0.4169921875 0.396484375 0.4189453125 0.396484375 0.423828125 0.39453125 0.4248046875 0.396484375 0.427734375 0.396484375 0.4521484375 0.39306640625 0.453125 0.390625 0.4541015625 0.388671875 0.4541015625 0.38818359375 0.4521484375 0.38818359375 0.4501953125 0.36962890625 0.451171875 0.36962890625 0.453125 0.369140625 0.4541015625 0.3671875 0.4541015625 0.3642578125 0.4541015625 0.36279296875 0.4375
13 0.4150390625 0.3759765625 0.4267578125 0.3759765625 0.42919921875 0.3837890625 0.42919921875 0.3916015625 0.427734375 0.4013671875 0.4228515625 0.4013671875 0.4140625 0.4013671875 0.412109375 0.3896484375
11 0.5185546875 0.3896484375 0.517578125 0.400390625 0.5185546875 0.4013671875 0.51904296875 0.408203125 0.5224609375 0.408203125 0.5224609375 0.40234375 0.5234375 0.4013671875 0.5234375 0.3916015625 0.521484375 0.388671875 0.521484375 0.384765625 0.52001953125 0.3837890625 0.51904296875 0.3857421875
18 0.41064453125 0.4033203125 0.412109375 0.40625 0.41552734375 0.40625 0.41796875 0.40234375 0.42041015625 0.4033203125 0.42236328125 0.400390625 0.4228515625 0.392578125 0.42138671875 0.388671875 0.41796875 0.3876953125 0.416015625 0.390625 0.41552734375 0.3916015625 0.41455078125 0.3857421875 0.4111328125 0.3857421875 0.41064453125 0.3935546875 0.41015625 0.3974609375
18 0.6005859375 0.455078125 0.60546875 0.4560546875 0.60693359375 0.4423828125 0.60693359375 0.427734375 0.60791015625 0.4189453125 0.59423828125 0.4169921875 0.59423828125 0.423828125 0.59716796875 0.4267578125 0.60009765625 0.42578125 0.60009765625 0.4306640625 0.59765625 0.4365234375 0.595703125 0.443359375 0.59619140625 0.451171875
6 0.369140625 0.3623046875 0.37451171875 0.361328125 0.3740234375 0.37890625 0.36962890625 0.384765625 0.369140625 0.3779296875
13 0.48779296875 0.3759765625 0.48388671875 0.376953125 0.48193359375 0.3828125 0.48046875 0.3837890625 0.48046875 0.3857421875 0.4814453125 0.3876953125 0.4814453125 0.3935546875 0.48193359375 0.400390625 0.48291015625 0.400390625 0.4833984375 0.3974609375 0.48779296875 0.3974609375
5 0.55322265625 0.3466796875 0.552734375 0.4169921875 0.55419921875 0.4169921875 0.55419921875 0.3505859375
6 0.5498046875 0.369140625 0.55322265625 0.369140625 0.55322265625 0.380859375 0.55029296875 0.380859375
11 0.5537109375 0.435546875 0.55126953125 0.435546875 0.55126953125 0.431640625 0.55126953125 0.4169921875 0.55126953125 0.4130859375 0.55029296875 0.412109375 0.55029296875 0.40625 0.55224609375 0.40234375 0.55322265625 0.4013671875 0.552734375 0.3994140625 0.55224609375 0.3955078125 0.552734375 0.392578125 0.55419921875 0.3916015625 0.5556640625 0.39453125 0.55517578125 0.3974609375 0.55615234375 0.40234375 0.5576171875 0.40625 0.5576171875 0.4140625 0.55712890625 0.41796875 0.5556640625 0.41796875 0.5556640625 0.421875 0.55517578125 0.4296875
2 0.48974609375 0.3701171875 0.49560546875 0.3701171875 0.49560546875 0.3662109375 0.50048828125 0.3662109375 0.50048828125 0.400390625 0.48974609375 0.400390625
13 0.4736328125 0.4931640625 0.4736328125 0.4990234375 0.4765625 0.5 0.4794921875 0.4990234375 0.4794921875 0.4931640625 0.4794921875 0.4873046875 0.48388671875 0.4873046875 0.5185546875 0.4873046875 0.5185546875 0.49609375 0.521484375 0.501953125 0.52880859375 0.501953125 0.529296875 0.498046875 0.529296875 0.48046875 0.52978515625 0.458984375 0.5263671875 0.4365234375 0.529296875 0.43359375 0.5302734375 0.4326171875 0.5302734375 0.4287109375 0.529296875 0.427734375 0.52587890625 0.427734375 0.5244140625 0.4208984375 0.52001953125 0.408203125 0.51806640625 0.4033203125 0.4833984375 0.40234375 0.4755859375 0.427734375 0.47509765625 0.4287109375 0.474609375 0.4287109375 0.474609375 0.42578125 0.46923828125 0.42578125 0.46826171875 0.4287109375 0.46826171875 0.4326171875 0.46875 0.435546875 0.47265625 0.4365234375 0.47412109375 0.4365234375 0.47216796875 0.447265625 0.47216796875 0.4599609375 0.47265625 0.4736328125 0.4736328125 0.478515625 0.4736328125 0.486328125
5 0.48486328125 0.359375 0.484375 0.3583984375 0.484375 0.3974609375 0.484375 0.400390625 0.48583984375 0.400390625
7 0.482421875 0.3525390625 0.48291015625 0.365234375 0.48486328125 0.3662109375 0.4873046875 0.3642578125 0.4873046875 0.3525390625
5 0.31298828125 0.388671875 0.31298828125 0.4404296875 0.31396484375 0.439453125 0.31396484375 0.39453125
6 0.48828125 0.298828125 0.48828125 0.3095703125 0.48681640625 0.3134765625 0.4873046875 0.318359375 0.49169921875 0.3193359375 0.49267578125 0.314453125 0.4921875 0.310546875 0.49072265625 0.310546875 0.49072265625 0.298828125
11 0.31787109375 0.40234375 0.3203125 0.4033203125 0.32080078125 0.4072265625 0.322265625 0.41796875 0.3212890625 0.4208984375 0.31787109375 0.4208984375
13 0.3154296875 0.474609375 0.3212890625 0.474609375 0.32177734375 0.4677734375 0.32470703125 0.4677734375 0.32470703125 0.47265625 0.32958984375 0.47265625 0.32958984375 0.4677734375 0.3544921875 0.4677734375 0.3544921875 0.47265625 0.35498046875 0.4736328125 0.359375 0.4736328125 0.361328125 0.4716796875 0.361328125 0.4658203125 0.36181640625 0.4697265625 0.36474609375 0.4697265625 0.36572265625 0.46875 0.36572265625 0.4521484375 0.36572265625 0.4423828125 0.36474609375 0.427734375 0.3642578125 0.4189453125 0.36083984375 0.41796875 0.359375 0.412109375 0.35693359375 0.4033203125 0.32861328125 0.40234375 0.32373046875 0.41015625 0.3212890625 0.4208984375 0.31640625 0.4208984375 0.3154296875 0.423828125 0.31591796875 0.42578125 0.31689453125 0.4267578125 0.3193359375 0.427734375 0.3134765625 0.4326171875 0.31201171875 0.4404296875 0.314453125 0.453125 0.31494140625 0.4658203125
5 0.5341796875 0.4189453125 0.53466796875 0.2958984375 0.53564453125 0.2958984375 0.53515625 0.419921875
7 0.53125 0.359375 0.5380859375 0.359375 0.5380859375 0.35546875 0.5322265625 0.35546875
7 0.53369140625 0.369140625 0.53173828125 0.3662109375 0.53173828125 0.3623046875 0.533203125 0.3603515625 0.53466796875 0.3603515625 0.53515625 0.361328125 0.53515625 0.365234375 0.53515625 0.3671875
