1 0.00048828125 0.630859375 0.45654296875 0.6044921875 0.935546875 0.572265625 0.99951171875 0.5673828125 0.99951171875 0.521484375 0.64013671875 0.548828125 0.1982421875 0.5693359375 0.0 0.564453125
2 0.0 0.6025390625 0.0 0.619140625 0.99755859375 0.5556640625 0.99951171875 0.5546875 0.99951171875 0.0 0.0 0.0
11 0.8544921875 0.5673828125 0.85205078125 0.568359375 0.85009765625 0.5693359375 0.8486328125 0.5703125 0.84619140625 0.568359375 0.8447265625 0.541015625 0.84521484375 0.5205078125 0.84765625 0.5400390625 0.84912109375 0.5439453125 0.849609375 0.548828125 0.85009765625 0.552734375 0.8505859375 0.5546875 0.85107421875 0.556640625 0.8525390625 0.5576171875 0.85498046875 0.5576171875 0.85546875 0.5595703125 0.85595703125 0.5615234375 0.85546875 0.5634765625
5 0.4541015625 0.5986328125 0.43505859375 0.0751953125 0.43798828125 0.0693359375 0.43603515625 0.068359375 0.43359375 0.0693359375 0.43359375 0.0673828125 0.42822265625 0.06640625 0.427734375 0.07421875 0.419921875 0.0791015625 0.419921875 0.08203125 0.427734375 0.078125 0.44677734375 0.6025390625
7 0.4326171875 0.2861328125 0.4384765625 0.2763671875 0.43603515625 0.2470703125 0.43017578125 0.25390625
7 0.4365234375 0.2470703125 0.44091796875 0.2421875 0.44287109375 0.2333984375 0.4443359375 0.22265625 0.4443359375 0.2119140625 0.44189453125 0.201171875 0.43896484375 0.1943359375 0.435546875 0.1923828125 0.43115234375 0.1943359375 0.42822265625 0.2001953125 0.42529296875 0.2099609375 0.4248046875 0.22265625 0.4248046875 0.2333984375 0.42724609375 0.240234375 0.4306640625 0.248046875
13 0.99951171875 0.3251953125 0.9697265625 0.3291015625 0.94970703125 0.333984375 0.93310546875 0.341796875 0.9306640625 0.3427734375 0.9296875 0.3349609375 0.8076171875 0.3232421875 0.77978515625 0.34375 0.78125 0.4716796875 0.7783203125 0.4814453125 0.7822265625 0.484375 0.7822265625 0.5478515625 0.81005859375 0.5517578125 0.810546875 0.55859375 0.8134765625 0.5673828125 0.81689453125 0.5732421875 0.8212890625 0.5791015625 0.82763671875 0.580078125 0.83154296875 0.576171875 0.83447265625 0.572265625 0.837890625 0.5673828125 0.84033203125 0.560546875 0.841796875 0.55078125 0.84521484375 0.55078125 0.85986328125 0.5478515625 0.86181640625 0.548828125 0.86474609375 0.55078125 0.8671875 0.5517578125 0.86865234375 0.560546875 0.87060546875 0.5673828125 0.87255859375 0.572265625 0.875 0.576171875 0.88427734375 0.576171875 0.89111328125 0.576171875 0.89404296875 0.5751953125 0.89794921875 0.56640625 0.8994140625 0.5615234375 0.90234375 0.55078125 0.90283203125 0.541015625 0.90234375 0.53125 0.90576171875 0.5322265625 0.91162109375 0.5322265625 0.92822265625 0.525390625 0.923828125 0.5283203125 0.9580078125 0.486328125 0.93896484375 0.5439453125 0.94140625 0.5546875 0.9462890625 0.5634765625 0.95166015625 0.568359375 0.95703125 0.5703125 0.962890625 0.568359375 0.9677734375 0.5615234375 0.9716796875 0.5517578125 0.9736328125 0.5458984375 0.9736328125 0.541015625 0.99658203125 0.53515625 0.99951171875 0.5390625
11 0.77587890625 0.564453125 0.7763671875 0.5693359375 0.77880859375 0.5703125 0.77734375 0.5732421875 0.76904296875 0.5732421875 0.767578125 0.572265625 0.7685546875 0.5498046875 0.7568359375 0.4755859375 0.7578125 0.46484375 0.759765625 0.4501953125 0.76220703125 0.4384765625 0.763671875 0.435546875 0.763671875 0.4306640625 0.76513671875 0.421875 0.76806640625 0.4169921875 0.7705078125 0.4169921875 0.77294921875 0.4189453125 0.77392578125 0.4541015625 0.77392578125 0.4716796875 0.7724609375 0.4775390625 0.77490234375 0.5625
11 0.78076171875 0.392578125 0.77880859375 0.3935546875 0.7763671875 0.3935546875 0.77392578125 0.400390625 0.7724609375 0.4091796875 0.7705078125 0.4140625 0.76953125 0.423828125 0.76904296875 0.43359375 0.76806640625 0.4404296875 0.767578125 0.4453125 0.767578125 0.451171875 0.76513671875 0.458984375 0.763671875 0.46484375 0.765625 0.4697265625 0.76611328125 0.478515625 0.77197265625 0.4853515625 0.7783203125 0.5068359375 0.78076171875 0.5458984375 0.7822265625 0.560546875 0.78369140625 0.5634765625 0.78369140625 0.5703125 0.7841796875 0.572265625 0.78466796875 0.5732421875 0.7939453125 0.57421875 0.79541015625 0.5732421875 0.7958984375 0.5693359375 0.79345703125 0.56640625 0.7919921875 0.5625 0.79052734375 0.5595703125 0.7900390625 0.5576171875 0.78955078125 0.556640625 0.79248046875 0.5458984375 0.796875 0.5078125 0.78955078125 0.4189453125 0.7841796875 0.4033203125
13 0.99951171875 0.3251953125 0.9697265625 0.3291015625 0.94970703125 0.333984375 0.93310546875 0.341796875 0.9306640625 0.3427734375 0.9296875 0.3349609375 0.8076171875 0.3232421875 0.77978515625 0.34375 0.78125 0.4716796875 0.7783203125 0.4814453125 0.7822265625 0.484375 0.7822265625 0.5478515625 0.81005859375 0.5517578125 0.810546875 0.55859375 0.8134765625 0.5673828125 0.81689453125 0.5732421875 0.8212890625 0.5791015625 0.82763671875 0.580078125 0.83154296875 0.576171875 0.83447265625 0.572265625 0.837890625 0.5673828125 0.84033203125 0.560546875 0.841796875 0.55078125 0.84521484375 0.55078125 0.85986328125 0.5478515625 0.86181640625 0.548828125 0.86474609375 0.55078125 0.8671875 0.5517578125 0.86865234375 0.560546875 0.87060546875 0.5673828125 0.87255859375 0.572265625 0.875 0.576171875 0.88427734375 0.576171875 0.89111328125 0.576171875 0.89404296875 0.5751953125 0.89794921875 0.56640625 0.8994140625 0.5615234375 0.90234375 0.55078125 0.90283203125 0.541015625 0.90234375 0.53125 0.90576171875 0.5322265625 0.91162109375 0.5322265625 0.92822265625 0.525390625 0.923828125 0.5283203125 0.939453125 0.5302734375 0.93896484375 0.5439453125 0.94140625 0.5546875 0.9462890625 0.5634765625 0.95166015625 0.568359375 0.95703125 0.5703125 0.962890625 0.568359375 0.9677734375 0.5615234375 0.9716796875 0.5517578125 0.9736328125 0.5458984375 0.9736328125 0.541015625 0.99658203125 0.53515625 0.99951171875 0.5390625
13 0.49072265625 0.474609375 0.52880859375 0.4306640625 0.5654296875 0.404296875 0.58154296875 0.400390625 0.62255859375 0.3955078125 0.66796875 0.400390625 0.70849609375 0.4482421875 0.71533203125 0.45703125 0.720703125 0.4599609375 0.73291015625 0.462890625 0.7626953125 0.4716796875 0.7763671875 0.48046875 0.78173828125 0.4873046875 0.78466796875 0.5029296875 0.7841796875 0.509765625 0.78759765625 0.5107421875 0.79052734375 0.513671875 0.7880859375 0.5205078125 0.7880859375 0.5302734375 0.787109375 0.5439453125 0.78515625 0.5517578125 0.783203125 0.5546875 0.78076171875 0.55859375 0.76904296875 0.5595703125 0.76708984375 0.5595703125 0.76611328125 0.560546875 0.76171875 0.5751953125 0.7578125 0.58203125 0.75537109375 0.5849609375 0.73583984375 0.5849609375 0.732421875 0.5810546875 0.72998046875 0.578125 0.72607421875 0.5693359375 0.72509765625 0.56640625 0.71435546875 0.56640625 0.712890625 0.5712890625 0.708984375 0.580078125 0.7021484375 0.5849609375 0.69287109375 0.5908203125 0.6884765625 0.5859375 0.685546875 0.58203125 0.6796875 0.5703125 0.67626953125 0.552734375 0.67138671875 0.5625 0.66845703125 0.564453125 0.64990234375 0.56640625 0.6015625 0.5693359375 0.5986328125 0.583984375 0.59423828125 0.5947265625 0.587890625 0.6005859375 0.57666015625 0.6025390625 0.57177734375 0.6005859375 0.56494140625 0.5927734375 0.560546875 0.5810546875 0.55859375 0.5703125 0.5556640625 0.5791015625 0.55322265625 0.5859375 0.546875 0.5947265625 0.54345703125 0.59765625 0.5380859375 0.599609375 0.5322265625 0.59765625 0.52490234375 0.5791015625 0.5224609375 0.5625 0.521484375 0.55859375 0.50390625 0.5517578125 0.48779296875 0.5478515625 0.48583984375 0.5390625 0.484375 0.53125 0.484375 0.5166015625 0.484375 0.513671875 0.494140625 0.51171875 0.49365234375 0.4892578125
11 0.142578125 0.6142578125 0.14501953125 0.6123046875 0.146484375 0.6103515625 0.1416015625 0.6064453125 0.1376953125 0.6005859375 0.1298828125 0.53515625 0.14013671875 0.451171875 0.13916015625 0.4375 0.138671875 0.4296875 0.1376953125 0.42578125 0.13671875 0.4208984375 0.13818359375 0.419921875 0.13916015625 0.419921875 0.13916015625 0.4150390625 0.13818359375 0.412109375 0.14013671875 0.4072265625 0.14013671875 0.4052734375 0.1416015625 0.40234375 0.142578125 0.3955078125 0.142578125 0.3916015625 0.142578125 0.3857421875 0.14208984375 0.3798828125 0.138671875 0.373046875 0.13330078125 0.37109375 0.12841796875 0.376953125 0.12548828125 0.3837890625 0.125 0.396484375 0.12255859375 0.4033203125 0.11865234375 0.408203125 0.11669921875 0.4150390625 0.11669921875 0.419921875 0.119140625 0.595703125 0.1201171875 0.6083984375 0.11962890625 0.6142578125 0.1240234375 0.6142578125 0.12548828125 0.615234375 0.1259765625 0.6171875
18 0.150390625 0.595703125 0.1513671875 0.6044921875 0.154296875 0.611328125 0.15869140625 0.6142578125 0.1611328125 0.6142578125 0.16845703125 0.6083984375 0.1796875 0.58984375 0.162109375 0.5859375
13 0.0 0.423828125 0.025390625 0.412109375 0.04248046875 0.4072265625 0.0693359375 0.40625 0.095703125 0.4130859375 0.1025390625 0.4150390625 0.10791015625 0.416015625 0.14013671875 0.4384765625 0.16552734375 0.462890625 0.18994140625 0.4697265625 0.21826171875 0.4794921875 0.23486328125 0.48828125 0.24658203125 0.5 0.25146484375 0.51171875 0.255859375 0.5244140625 0.25439453125 0.52734375 0.251953125 0.52734375 0.25244140625 0.533203125 0.25341796875 0.5380859375 0.25390625 0.544921875 0.2548828125 0.5498046875 0.25537109375 0.5517578125 0.255859375 0.5732421875 0.2568359375 0.576171875 0.25537109375 0.583984375 0.251953125 0.587890625 0.220703125 0.591796875 0.22021484375 0.5966796875 0.2177734375 0.603515625 0.2138671875 0.6103515625 0.20947265625 0.6142578125 0.20654296875 0.6162109375 0.19970703125 0.619140625 0.18994140625 0.6220703125 0.17333984375 0.6220703125 0.1669921875 0.619140625 0.162109375 0.6103515625 0.1591796875 0.6005859375 0.01904296875 0.6044921875 0.015625 0.6162109375 0.00927734375 0.623046875 0.0048828125 0.6298828125 0.0 0.6298828125
11 0.65869140625 0.59765625 0.6611328125 0.5849609375 0.6650390625 0.5673828125 0.67041015625 0.548828125 0.67333984375 0.541015625 0.6748046875 0.53515625 0.6748046875 0.53125 0.6748046875 0.525390625 0.6728515625 0.5283203125 0.6708984375 0.5146484375 0.67041015625 0.5078125 0.669921875 0.5009765625 0.66796875 0.4931640625 0.6669921875 0.486328125 0.66455078125 0.4873046875 0.66162109375 0.484375 0.65869140625 0.478515625 0.658203125 0.4677734375 0.65673828125 0.462890625 0.6552734375 0.455078125 0.65478515625 0.4541015625 0.6552734375 0.4521484375 0.6552734375 0.4482421875 0.65478515625 0.439453125 0.6552734375 0.431640625 0.65869140625 0.427734375 0.662109375 0.423828125 0.662109375 0.41796875 0.6640625 0.4013671875 0.662109375 0.400390625 0.662109375 0.3935546875 0.666015625 0.3779296875 0.66845703125 0.365234375 0.6708984375 0.3544921875 0.673828125 0.3466796875 0.6767578125 0.3408203125 0.68212890625 0.33984375 0.68408203125 0.33984375 0.689453125 0.3408203125 0.6923828125 0.345703125 0.6923828125 0.3525390625 0.6923828125 0.3642578125 0.69287109375 0.369140625 0.69189453125 0.3740234375 0.69140625 0.380859375 0.68994140625 0.384765625 0.68896484375 0.384765625 0.69091796875 0.392578125 0.69580078125 0.4033203125 0.70068359375 0.41796875 0.703125 0.431640625 0.70458984375 0.4375 0.70849609375 0.4404296875 0.70849609375 0.4423828125 0.71435546875 0.4482421875 0.71337890625 0.453125 0.71337890625 0.45703125 0.71533203125 0.4619140625 0.71337890625 0.4658203125 0.7109375 0.4658203125 0.7099609375 0.4638671875 0.70947265625 0.466796875 0.70703125 0.466796875 0.70751953125 0.501953125 0.703125 0.5009765625 0.70263671875 0.4990234375 0.70166015625 0.509765625 0.70263671875 0.51953125 0.70361328125 0.53125 0.7041015625 0.54296875 0.7041015625 0.5732421875 0.705078125 0.5849609375 0.708984375 0.59765625 0.708984375 0.599609375 0.71044921875 0.6005859375 0.7138671875 0.6064453125 0.71533203125 0.6083984375 0.71533203125 0.6123046875 0.71484375 0.615234375 0.69482421875 0.615234375 0.69482421875 0.609375 0.69384765625 0.6025390625 0.69384765625 0.5986328125 0.69189453125 0.58984375 0.6884765625 0.55859375 0.6884765625 0.5478515625 0.68603515625 0.5556640625 0.68359375 0.5634765625 0.6796875 0.5703125 0.67529296875 0.5849609375 0.67333984375 0.59375 0.67333984375 0.5966796875 0.673828125 0.599609375 0.6748046875 0.6005859375 0.67626953125 0.60546875 0.67919921875 0.60546875 0.6796875 0.6064453125 0.6796875 0.611328125 0.673828125 0.611328125 0.66748046875 0.609375 0.66455078125 0.6083984375 0.65869140625 0.603515625 0.6572265625 0.6005859375
11 0.3251953125 0.4208984375 0.328125 0.4140625 0.33154296875 0.4091796875 0.333984375 0.4013671875 0.33447265625 0.400390625 0.33740234375 0.3974609375 0.33837890625 0.396484375 0.3369140625 0.39453125 0.3369140625 0.388671875 0.3369140625 0.3837890625 0.337890625 0.376953125 0.3408203125 0.3701171875 0.34375 0.3701171875 0.3466796875 0.3701171875 0.34765625 0.373046875 0.35009765625 0.3759765625 0.35009765625 0.376953125 0.3505859375 0.3857421875 0.3505859375 0.3955078125 0.34912109375 0.4013671875 0.349609375 0.4033203125 0.35009765625 0.40625 0.3525390625 0.412109375 0.353515625 0.4150390625 0.35498046875 0.421875 0.35546875 0.4365234375 0.3564453125 0.4423828125 0.35693359375 0.447265625 0.35791015625 0.447265625 0.3583984375 0.4521484375 0.35693359375 0.4716796875 0.3564453125 0.4755859375 0.35595703125 0.48046875 0.35595703125 0.490234375 0.35546875 0.498046875 0.35498046875 0.5009765625 0.353515625 0.5126953125 0.3525390625 0.5244140625 0.3525390625 0.53515625 0.35693359375 0.5595703125 0.35693359375 0.568359375 0.35791015625 0.576171875 0.35986328125 0.5830078125 0.3623046875 0.587890625 0.3623046875 0.59375 0.36083984375 0.5986328125 0.35595703125 0.603515625 0.35498046875 0.603515625 0.3544921875 0.6005859375 0.3525390625 0.5966796875 0.35205078125 0.5927734375 0.35009765625 0.58984375 0.349609375 0.5830078125 0.34765625 0.578125 0.345703125 0.5732421875 0.345703125 0.5703125 0.34521484375 0.568359375 0.34375 0.5751953125 0.34375 0.580078125 0.3427734375 0.58203125 0.34375 0.5908203125 0.3447265625 0.595703125 0.3505859375 0.5966796875 0.35107421875 0.603515625 0.34326171875 0.603515625 0.33837890625 0.599609375 0.33740234375 0.599609375 0.33447265625 0.5986328125 0.33447265625 0.5986328125 0.33447265625 0.587890625 0.33447265625 0.5751953125 0.3359375 0.56640625 0.337890625 0.5556640625 0.33984375 0.5458984375 0.3408203125 0.5380859375 0.3369140625 0.5224609375 0.33447265625 0.50390625 0.333984375 0.4970703125 0.33154296875 0.498046875 0.32861328125 0.4990234375 0.3232421875 0.4755859375 0.326171875 0.4404296875
11 0.31494140625 0.6064453125 0.3154296875 0.5927734375 0.31591796875 0.576171875 0.3154296875 0.560546875 0.3154296875 0.544921875 0.31494140625 0.54296875 0.310546875 0.5263671875 0.3056640625 0.5126953125 0.30419921875 0.501953125 0.302734375 0.49609375 0.3017578125 0.4833984375 0.30224609375 0.451171875 0.30224609375 0.435546875 0.30224609375 0.4287109375 0.3046875 0.419921875 0.3076171875 0.41796875 0.31005859375 0.412109375 0.31201171875 0.408203125 0.3115234375 0.404296875 0.3115234375 0.3974609375 0.31298828125 0.390625 0.31689453125 0.3837890625 0.3203125 0.384765625 0.32275390625 0.388671875 0.32373046875 0.3916015625 0.3251953125 0.396484375 0.3251953125 0.400390625 0.32568359375 0.4013671875 0.3251953125 0.40625 0.3232421875 0.412109375 0.32470703125 0.4150390625 0.3271484375 0.4208984375 0.3291015625 0.421875 0.330078125 0.4267578125 0.33203125 0.4306640625 0.3330078125 0.439453125 0.33447265625 0.4501953125 0.3359375 0.4609375 0.33544921875 0.466796875 0.33447265625 0.4697265625 0.33251953125 0.47265625 0.3310546875 0.4716796875 0.3291015625 0.4658203125 0.32861328125 0.4697265625 0.3291015625 0.4775390625 0.32958984375 0.4892578125 0.32861328125 0.490234375 0.3291015625 0.5 0.3291015625 0.515625 0.328125 0.533203125 0.326171875 0.544921875 0.32568359375 0.5595703125 0.3251953125 0.5703125 0.32470703125 0.5751953125 0.32470703125 0.580078125 0.32568359375 0.5849609375 0.32568359375 0.58984375 0.326171875 0.59375 0.32763671875 0.59765625 0.3291015625 0.6025390625 0.328125 0.6064453125 0.3203125 0.607421875 0.3193359375 0.6064453125 0.3173828125 0.6064453125
11 0.50537109375 0.365234375 0.505859375 0.35546875 0.5078125 0.34765625 0.51025390625 0.34375 0.51171875 0.3427734375 0.52197265625 0.34375 0.52392578125 0.34765625 0.5244140625 0.353515625 0.5244140625 0.359375 0.52392578125 0.3623046875 0.52490234375 0.365234375 0.52490234375 0.3701171875 0.52392578125 0.3720703125 0.52392578125 0.37890625 0.52490234375 0.37890625 0.52490234375 0.380859375 0.52587890625 0.3818359375 0.52734375 0.3818359375 0.52734375 0.3828125 0.52783203125 0.3896484375 0.52734375 0.3916015625 0.5283203125 0.392578125 0.529296875 0.3916015625 0.5302734375 0.390625 0.53076171875 0.390625 0.5302734375 0.39453125 0.52978515625 0.3974609375 0.529296875 0.404296875 0.52978515625 0.4072265625 0.5302734375 0.412109375 0.53125 0.4189453125 0.5322265625 0.4267578125 0.5322265625 0.4326171875 0.53173828125 0.4443359375 0.53369140625 0.447265625 0.5361328125 0.4521484375 0.53759765625 0.455078125 0.5380859375 0.4560546875 0.5380859375 0.466796875 0.53759765625 0.46875 0.5361328125 0.46875 0.5361328125 0.47265625 0.533203125 0.47265625 0.53369140625 0.4794921875 0.53369140625 0.4892578125 0.53369140625 0.5 0.533203125 0.515625 0.5322265625 0.5263671875 0.5322265625 0.5302734375 0.53173828125 0.546875 0.53125 0.5546875 0.53125 0.560546875 0.53125 0.5634765625 0.53125 0.5703125 0.5302734375 0.57421875 0.53076171875 0.578125 0.53173828125 0.583984375 0.5322265625 0.587890625 0.533203125 0.59375 0.53466796875 0.59765625 0.53662109375 0.6005859375 0.53955078125 0.6005859375 0.54248046875 0.6025390625 0.5419921875 0.607421875 0.541015625 0.6103515625 0.53369140625 0.6103515625 0.52783203125 0.609375 0.525390625 0.60546875 0.52392578125 0.5947265625 0.5234375 0.587890625 0.5224609375 0.58203125 0.52197265625 0.5673828125 0.5224609375 0.55859375 0.5224609375 0.5546875 0.5234375 0.546875 0.5224609375 0.5478515625 0.51953125 0.552734375 0.5166015625 0.55859375 0.51416015625 0.5625 0.5078125 0.5732421875 0.5078125 0.6025390625 0.50537109375 0.6044921875 0.50439453125 0.60546875 0.501953125 0.6025390625 0.50048828125 0.59765625 0.49951171875 0.5947265625 0.49951171875 0.58984375 0.49951171875 0.5810546875 0.50048828125 0.5751953125 0.50244140625 0.5732421875 0.50634765625 0.5576171875 0.50830078125 0.55078125 0.509765625 0.5458984375 0.51220703125 0.5390625 0.51513671875 0.5341796875 0.5166015625 0.5322265625 0.51708984375 0.5283203125 0.51708984375 0.525390625 0.51513671875 0.5166015625 0.513671875 0.5107421875 0.5126953125 0.5068359375 0.51171875 0.5029296875 0.5107421875 0.498046875 0.50927734375 0.4931640625 0.5078125 0.4765625 0.50732421875 0.474609375 0.50537109375 0.4423828125 0.501953125 0.3916015625 0.50439453125 0.3876953125 0.505859375 0.3857421875 0.5078125 0.3837890625 0.50830078125 0.3798828125 0.50830078125 0.3740234375 0.50732421875 0.3720703125 0.50634765625 0.369140625
11 0.4443359375 0.60546875 0.4384765625 0.60546875 0.43701171875 0.6025390625 0.4365234375 0.5927734375 0.4365234375 0.5869140625 0.43701171875 0.58203125 0.4384765625 0.572265625 0.4423828125 0.5546875 0.44677734375 0.5400390625 0.44775390625 0.537109375 0.4482421875 0.5341796875 0.44677734375 0.5244140625 0.4453125 0.5107421875 0.44287109375 0.498046875 0.4423828125 0.4892578125 0.44189453125 0.4765625 0.4423828125 0.458984375 0.43798828125 0.4541015625 0.43798828125 0.4541015625 0.43408203125 0.44921875 0.43359375 0.4453125 0.43359375 0.4384765625 0.4365234375 0.4248046875 0.4404296875 0.4072265625 0.44384765625 0.40234375 0.45166015625 0.3935546875 0.4521484375 0.3896484375 0.45263671875 0.384765625 0.451171875 0.3818359375 0.4501953125 0.3779296875 0.4501953125 0.3740234375 0.4501953125 0.3701171875 0.4501953125 0.3662109375 0.451171875 0.3623046875 0.4521484375 0.3583984375 0.4541015625 0.35546875 0.4560546875 0.3525390625 0.4580078125 0.3525390625 0.458984375 0.3525390625 0.4638671875 0.359375 0.46484375 0.3642578125 0.46533203125 0.3701171875 0.46630859375 0.3720703125 0.46533203125 0.3759765625 0.46435546875 0.3837890625 0.4638671875 0.3896484375 0.462890625 0.390625 0.46240234375 0.3955078125 0.4697265625 0.404296875 0.47021484375 0.4130859375 0.4716796875 0.4677734375 0.4736328125 0.4765625 0.47607421875 0.4912109375 0.4775390625 0.5 0.4794921875 0.5078125 0.478515625 0.509765625 0.474609375 0.509765625 0.4716796875 0.5078125 0.4716796875 0.5166015625 0.47216796875 0.5283203125 0.47265625 0.5380859375 0.4736328125 0.5478515625 0.47265625 0.5634765625 0.47216796875 0.5751953125 0.4716796875 0.5830078125 0.474609375 0.5869140625 0.4775390625 0.5927734375 0.47705078125 0.6044921875 0.470703125 0.6044921875 0.466796875 0.6025390625 0.46533203125 0.6005859375 0.46533203125 0.5947265625 0.46484375 0.5869140625 0.46484375 0.580078125 0.4638671875 0.57421875 0.46337890625 0.5615234375 0.46337890625 0.55078125 0.4638671875 0.54296875 0.462890625 0.537109375 0.4609375 0.5263671875 0.4599609375 0.521484375 0.45947265625 0.5146484375 0.458984375 0.521484375 0.4580078125 0.533203125 0.45751953125 0.541015625 0.4560546875 0.5458984375 0.4521484375 0.556640625 0.4501953125 0.564453125 0.4482421875 0.5732421875 0.44677734375 0.5791015625 0.4443359375 0.5859375 0.4443359375 0.591796875 0.4443359375 0.59765625 0.4443359375 0.6005859375
11 0.47412109375 0.6103515625 0.4736328125 0.5947265625 0.47412109375 0.583984375 0.4755859375 0.5732421875 0.48095703125 0.5615234375 0.4814453125 0.556640625 0.482421875 0.55078125 0.48388671875 0.5458984375 0.484375 0.541015625 0.48486328125 0.5390625 0.48583984375 0.5341796875 0.48583984375 0.53125 0.48681640625 0.5234375 0.48779296875 0.515625 0.48779296875 0.5107421875 0.48779296875 0.5048828125 0.48583984375 0.49609375 0.4833984375 0.490234375 0.48095703125 0.484375 0.4775390625 0.4775390625 0.4765625 0.47265625 0.47607421875 0.4677734375 0.4765625 0.462890625 0.47412109375 0.4599609375 0.47216796875 0.4560546875 0.4736328125 0.443359375 0.4736328125 0.439453125 0.4716796875 0.4326171875 0.47021484375 0.4267578125 0.4697265625 0.419921875 0.47021484375 0.416015625 0.470703125 0.4091796875 0.47119140625 0.4013671875 0.47119140625 0.3935546875 0.47119140625 0.384765625 0.47607421875 0.3701171875 0.48046875 0.3642578125 0.48388671875 0.361328125 0.48583984375 0.357421875 0.4892578125 0.3505859375 0.4892578125 0.3466796875 0.4892578125 0.3447265625 0.48876953125 0.341796875 0.48828125 0.3369140625 0.4892578125 0.3330078125 0.48876953125 0.3310546875 0.4892578125 0.3251953125 0.49169921875 0.318359375 0.49560546875 0.31640625 0.49951171875 0.31640625 0.50439453125 0.3193359375 0.50390625 0.330078125 0.5048828125 0.3359375 0.5048828125 0.34375 0.50341796875 0.35546875 0.50146484375 0.3642578125 0.50146484375 0.3681640625 0.5048828125 0.3759765625 0.5068359375 0.3828125 0.50927734375 0.4052734375 0.50830078125 0.4130859375 0.509765625 0.4208984375 0.51220703125 0.4267578125 0.51416015625 0.431640625 0.515625 0.4375 0.51806640625 0.4384765625 0.5205078125 0.4404296875 0.515625 0.4443359375 0.5126953125 0.4453125 0.51416015625 0.4521484375 0.51513671875 0.4599609375 0.515625 0.4638671875 0.5166015625 0.46875 0.51708984375 0.4765625 0.51416015625 0.48046875 0.51123046875 0.4814453125 0.50927734375 0.4794921875 0.50732421875 0.474609375 0.5068359375 0.4658203125 0.50439453125 0.466796875 0.505859375 0.4794921875 0.50537109375 0.48828125 0.50439453125 0.4951171875 0.50244140625 0.5029296875 0.50537109375 0.5205078125 0.50634765625 0.537109375 0.50830078125 0.5478515625 0.50830078125 0.5556640625 0.50830078125 0.5615234375 0.51123046875 0.5712890625 0.5126953125 0.5791015625 0.515625 0.587890625 0.5166015625 0.59765625 0.5205078125 0.599609375 0.5234375 0.599609375 0.52490234375 0.599609375 0.52587890625 0.6044921875 0.5244140625 0.609375 0.515625 0.6142578125 0.51220703125 0.6162109375 0.51171875 0.6162109375 0.50927734375 0.6171875 0.50537109375 0.6171875 0.5048828125 0.6083984375 0.50244140625 0.59375 0.50146484375 0.583984375 0.49951171875 0.5703125 0.4951171875 0.5498046875 0.49365234375 0.5625 0.49072265625 0.5732421875 0.48828125 0.5869140625 0.484375 0.5927734375 0.484375 0.595703125 0.48583984375 0.59765625 0.4873046875 0.6005859375 0.48974609375 0.6044921875 0.49462890625 0.6083984375 0.4951171875 0.6123046875 0.49072265625 0.615234375 0.48095703125 0.6142578125 0.47607421875 0.6142578125
11 0.38818359375 0.60546875 0.38720703125 0.591796875 0.38623046875 0.5849609375 0.3857421875 0.5673828125 0.384765625 0.5498046875 0.38525390625 0.5400390625 0.3857421875 0.5302734375 0.38525390625 0.521484375 0.38427734375 0.5029296875 0.3818359375 0.4931640625 0.38134765625 0.490234375 0.38134765625 0.4755859375 0.37890625 0.46875 0.375 0.451171875 0.3740234375 0.435546875 0.3740234375 0.41015625 0.37744140625 0.4013671875 0.38232421875 0.39453125 0.38623046875 0.388671875 0.38720703125 0.3828125 0.38525390625 0.37890625 0.38525390625 0.373046875 0.38525390625 0.3681640625 0.38671875 0.3564453125 0.3935546875 0.3505859375 0.3974609375 0.3544921875 0.39892578125 0.361328125 0.39892578125 0.373046875 0.3984375 0.384765625 0.3974609375 0.396484375 0.40234375 0.4990234375 0.41064453125 0.564453125 0.41064453125 0.5810546875 0.41845703125 0.5908203125 0.4208984375 0.5908203125 0.4228515625 0.5947265625 0.419921875 0.59765625 0.4150390625 0.6025390625 0.40087890625 0.5361328125 0.3984375 0.5263671875 0.39697265625 0.51953125 0.3955078125 0.5244140625 0.39501953125 0.5361328125 0.39501953125 0.5517578125 0.3955078125 0.564453125 0.3974609375 0.580078125 0.39697265625 0.5927734375 0.3955078125 0.5966796875 0.40234375 0.599609375 0.39892578125 0.6044921875 0.39306640625 0.6064453125
11 0.40234375 0.609375 0.3994140625 0.607421875 0.3974609375 0.603515625 0.3974609375 0.59765625 0.39697265625 0.58984375 0.39697265625 0.580078125 0.3984375 0.56640625 0.39794921875 0.552734375 0.39990234375 0.5439453125 0.4013671875 0.5322265625 0.39990234375 0.5205078125 0.39892578125 0.5068359375 0.39501953125 0.490234375 0.39306640625 0.484375 0.39306640625 0.478515625 0.39208984375 0.4775390625 0.3876953125 0.4716796875 0.38330078125 0.4541015625 0.38525390625 0.4296875 0.38623046875 0.4072265625 0.3876953125 0.400390625 0.39111328125 0.392578125 0.39794921875 0.3876953125 0.40087890625 0.37890625 0.4013671875 0.3759765625 0.40087890625 0.3681640625 0.400390625 0.3642578125 0.4013671875 0.359375 0.4013671875 0.35546875 0.40576171875 0.3486328125 0.4091796875 0.3486328125 0.4111328125 0.349609375 0.41455078125 0.3564453125 0.41552734375 0.3681640625 0.41455078125 0.3798828125 0.41259765625 0.384765625 0.41796875 0.3916015625 0.42138671875 0.3935546875 0.4228515625 0.396484375 0.4248046875 0.4072265625 0.42431640625 0.4267578125 0.42333984375 0.431640625 0.421875 0.435546875 0.42333984375 0.4521484375 0.423828125 0.4736328125 0.4228515625 0.4853515625 0.4228515625 0.4892578125 0.4248046875 0.5078125 0.419921875 0.5400390625 0.41650390625 0.5830078125 0.41650390625 0.58984375 0.41650390625 0.5947265625 0.4189453125 0.599609375 0.42138671875 0.6005859375 0.423828125 0.603515625 0.423828125 0.6064453125 0.42236328125 0.6083984375 0.4169921875 0.6083984375 0.4091796875 0.6083984375 0.40625 0.607421875 0.40625 0.5986328125 0.40625 0.5908203125 0.40869140625 0.580078125 0.40869140625 0.568359375 0.40869140625 0.55859375 0.40625 0.5673828125 0.40478515625 0.576171875 0.40576171875 0.587890625 0.40478515625 0.5927734375 0.40625 0.5986328125 0.40625 0.6005859375 0.40576171875 0.6064453125 0.40478515625 0.6083984375
11 0.576171875 0.6171875 0.57666015625 0.6064453125 0.57666015625 0.6025390625 0.5771484375 0.5986328125 0.57763671875 0.59375 0.5849609375 0.5458984375 0.58544921875 0.544921875 0.5849609375 0.5390625 0.58447265625 0.5341796875 0.58447265625 0.53125 0.583984375 0.5263671875 0.583984375 0.5126953125 0.58251953125 0.5107421875 0.5751953125 0.5078125 0.576171875 0.3994140625 0.57763671875 0.384765625 0.58251953125 0.3720703125 0.58544921875 0.3671875 0.5869140625 0.3623046875 0.58740234375 0.3583984375 0.5869140625 0.3564453125 0.58544921875 0.3505859375 0.5849609375 0.345703125 0.5869140625 0.3359375 0.58935546875 0.3310546875 0.5927734375 0.328125 0.60107421875 0.3291015625 0.603515625 0.3349609375 0.6044921875 0.3427734375 0.60595703125 0.3505859375 0.607421875 0.3525390625 0.60791015625 0.3564453125 0.60595703125 0.357421875 0.60546875 0.361328125 0.60595703125 0.3681640625 0.60595703125 0.3701171875 0.60498046875 0.373046875 0.6044921875 0.380859375 0.60498046875 0.3837890625 0.611328125 0.421875 0.61376953125 0.4365234375 0.61328125 0.4453125 0.615234375 0.4501953125 0.615234375 0.4609375 0.61865234375 0.484375 0.61572265625 0.490234375 0.6171875 0.498046875 0.61572265625 0.5146484375 0.6181640625 0.525390625 0.6201171875 0.5380859375 0.62060546875 0.544921875 0.61962890625 0.55859375 0.619140625 0.5634765625 0.62109375 0.5869140625 0.62158203125 0.603515625 0.62353515625 0.60546875 0.626953125 0.607421875 0.63037109375 0.6064453125 0.63134765625 0.6103515625 0.630859375 0.6142578125 0.62890625 0.6162109375 0.62451171875 0.6181640625 0.61962890625 0.619140625 0.61767578125 0.6240234375 0.61572265625 0.62109375 0.60693359375 0.62109375 0.6064453125 0.6181640625 0.6064453125 0.6025390625 0.60791015625 0.5849609375 0.60791015625 0.578125 0.607421875 0.5673828125 0.60546875 0.5498046875 0.6044921875 0.5400390625 0.6015625 0.53515625 0.59912109375 0.548828125 0.595703125 0.5556640625 0.59375 0.572265625 0.591796875 0.5927734375 0.5908203125 0.603515625 0.58984375 0.60546875 0.5908203125 0.609375 0.59423828125 0.6123046875 0.59619140625 0.6142578125 0.59765625 0.6162109375 0.59912109375 0.6201171875 0.59765625 0.6240234375 0.595703125 0.6240234375 0.5869140625 0.6240234375 0.583984375 0.6240234375 0.5830078125 0.6220703125 0.57958984375 0.62109375
13 0.9990234375 0.615234375 0.98828125 0.62890625 0.9873046875 0.66015625 0.98779296875 0.697265625 0.98974609375 0.7451171875 0.9931640625 0.783203125 0.99951171875 0.8076171875
