10 0.0 0.0478515625 0.51806640625 0.2646484375 0.99951171875 0.0673828125 0.99951171875 0.0 0.0 0.0
2 0.4501953125 0.0 0.45068359375 0.0146484375 0.4541015625 0.0166015625 0.4560546875 0.0263671875 0.45458984375 0.0439453125 0.45654296875 0.0478515625 0.4609375 0.0478515625 0.462890625 0.052734375 0.46337890625 0.0615234375 0.46337890625 0.0703125 0.46826171875 0.08984375 0.4677734375 0.099609375 0.466796875 0.1083984375 0.4697265625 0.1083984375 0.47216796875 0.1201171875 0.48291015625 0.166015625 0.4775390625 0.173828125 0.4775390625 0.216796875 0.48388671875 0.2294921875 0.49951171875 0.2294921875 0.49951171875 0.2197265625 0.5078125 0.2197265625 0.51513671875 0.2265625 0.5791015625 0.22265625 0.59130859375 0.1298828125 0.5869140625 0.109375 0.58837890625 0.10546875 0.5966796875 0.095703125 0.60107421875 0.0517578125 0.5966796875 0.041015625 0.59423828125 0.0322265625 0.59716796875 0.0224609375 0.603515625 0.0107421875 0.60693359375 0.0 0.99951171875 0.0 0.99951171875 0.9990234375 0.0 0.9990234375 0.0 0.0
0 0.0 0.693359375 0.38037109375 0.4912109375 0.52001953125 0.47265625 0.52490234375 0.478515625 0.52734375 0.4794921875 0.53466796875 0.478515625 0.5546875 0.4775390625 0.56298828125 0.478515625 0.572265625 0.478515625 0.59912109375 0.4775390625 0.99951171875 0.7763671875 0.99951171875 0.9990234375 0.0 0.9990234375
5 0.4931640625 0.416015625 0.4921875 0.4404296875 0.49169921875 0.439453125 0.49267578125 0.412109375
5 0.4833984375 0.4130859375 0.4833984375 0.435546875 0.484375 0.435546875 0.484375 0.419921875 0.484375 0.408203125
5 0.4697265625 0.3935546875 0.47021484375 0.419921875 0.4716796875 0.419921875 0.4716796875 0.3935546875
1 0.91259765625 0.99609375 0.865234375 0.931640625 0.708984375 0.689453125 0.6669921875 0.62890625 0.61669921875 0.548828125 0.603515625 0.5322265625 0.5966796875 0.5166015625 0.5849609375 0.5009765625 0.5703125 0.4755859375 0.60546875 0.4677734375 0.615234375 0.478515625 0.63720703125 0.48046875 0.64697265625 0.4912109375 0.66015625 0.4931640625 0.66162109375 0.490234375 0.666015625 0.5009765625 0.669921875 0.5087890625 0.67626953125 0.513671875 0.71435546875 0.5341796875 0.7724609375 0.578125 0.80419921875 0.595703125 0.81640625 0.6005859375 0.84130859375 0.609375 0.84716796875 0.6181640625 0.87060546875 0.6376953125 0.8828125 0.6396484375 0.90869140625 0.650390625 0.92626953125 0.6494140625 0.99951171875 0.6884765625 0.99951171875 0.7021484375 0.99951171875 0.9990234375
13 0.533203125 0.4775390625 0.53515625 0.4765625 0.5380859375 0.474609375 0.54150390625 0.4697265625 0.5439453125 0.4677734375 0.5517578125 0.466796875 0.55712890625 0.466796875 0.5595703125 0.46875 0.56201171875 0.474609375 0.56201171875 0.4794921875 0.56201171875 0.4814453125 0.55419921875 0.4814453125 0.55322265625 0.48046875 0.53125 0.48046875 0.53173828125 0.4775390625
5 0.6455078125 0.298828125 0.6455078125 0.330078125 0.64501953125 0.5390625 0.64892578125 0.5390625 0.6494140625 0.5166015625 0.6484375 0.30078125
7 0.638671875 0.2861328125 0.63916015625 0.2802734375 0.64111328125 0.2734375 0.64306640625 0.26953125 0.6455078125 0.2666015625 0.64892578125 0.2685546875 0.6513671875 0.2724609375 0.65283203125 0.2802734375 0.65283203125 0.2880859375 0.6513671875 0.294921875 0.64990234375 0.30078125 0.64697265625 0.3056640625 0.6435546875 0.3056640625 0.64111328125 0.302734375 0.63916015625 0.296875
13 0.4873046875 0.4375 0.49365234375 0.4375 0.5 0.4375 0.50244140625 0.4384765625 0.50537109375 0.439453125 0.50634765625 0.4423828125 0.5068359375 0.447265625 0.50830078125 0.4482421875 0.509765625 0.451171875 0.5107421875 0.451171875 0.51171875 0.451171875 0.51220703125 0.4541015625 0.51171875 0.455078125 0.51123046875 0.455078125 0.5107421875 0.4560546875 0.5126953125 0.46484375 0.5126953125 0.46875 0.51318359375 0.47265625 0.51318359375 0.4765625 0.51171875 0.4794921875 0.51025390625 0.4794921875 0.50927734375 0.478515625 0.5078125 0.4765625 0.50732421875 0.478515625 0.5068359375 0.48046875 0.505859375 0.4814453125 0.5048828125 0.4814453125 0.50341796875 0.48046875 0.50244140625 0.478515625 0.4951171875 0.4794921875 0.48095703125 0.447265625
5 0.4482421875 0.3720703125 0.44775390625 0.4287109375 0.4501953125 0.4296875 0.4501953125 0.4072265625 0.45068359375 0.3720703125
13 0.47802734375 0.43359375 0.4814453125 0.4326171875 0.484375 0.4326171875 0.48681640625 0.4365234375 0.4892578125 0.44140625 0.49072265625 0.447265625 0.4921875 0.44921875 0.494140625 0.44921875 0.49560546875 0.4501953125 0.49560546875 0.4521484375 0.49462890625 0.453125 0.49365234375 0.4541015625 0.49365234375 0.4541015625 0.4951171875 0.4609375 0.49609375 0.4638671875 0.49609375 0.46875 0.49658203125 0.4736328125 0.49658203125 0.4775390625 0.49658203125 0.4833984375 0.49658203125 0.4873046875 0.49609375 0.4892578125 0.4951171875 0.490234375 0.49365234375 0.490234375 0.4931640625 0.4892578125 0.49267578125 0.484375 0.49169921875 0.484375 0.49169921875 0.48828125 0.49169921875 0.490234375 0.49072265625 0.4912109375 0.490234375 0.4921875 0.4892578125 0.4921875 0.48828125 0.490234375 0.48779296875 0.486328125 0.4873046875 0.4814453125
13 0.44775390625 0.419921875 0.46240234375 0.4189453125 0.47509765625 0.4189453125 0.47802734375 0.419921875 0.48095703125 0.431640625 0.48291015625 0.44140625 0.48583984375 0.44140625 0.48779296875 0.44140625 0.48876953125 0.4423828125 0.48974609375 0.4443359375 0.4892578125 0.447265625 0.48828125 0.4482421875 0.486328125 0.4482421875 0.486328125 0.4482421875 0.48779296875 0.4697265625 0.48779296875 0.484375 0.48779296875 0.4931640625 0.48779296875 0.4990234375 0.4873046875 0.5029296875 0.48583984375 0.5048828125 0.4833984375 0.5048828125 0.48193359375 0.5048828125 0.48046875 0.50390625 0.47998046875 0.5009765625 0.4794921875 0.49609375 0.478515625 0.4921875 0.4775390625 0.4892578125 0.4755859375 0.4873046875 0.4443359375 0.4267578125 0.4453125 0.423828125
13 0.4560546875 0.4287109375 0.46240234375 0.4287109375 0.46533203125 0.4326171875 0.4697265625 0.447265625 0.47119140625 0.44921875 0.47216796875 0.447265625 0.4736328125 0.447265625 0.47607421875 0.4482421875 0.4775390625 0.4521484375 0.47705078125 0.455078125 0.474609375 0.455078125 0.47216796875 0.45703125 0.47607421875 0.46484375 0.4775390625 0.4833984375 0.47802734375 0.49609375 0.47802734375 0.5048828125 0.4765625 0.5087890625 0.47509765625 0.5078125 0.474609375 0.5029296875 0.46826171875 0.4990234375 0.453125 0.4501953125
13 0.43017578125 0.4267578125 0.453125 0.4248046875 0.455078125 0.4248046875 0.45703125 0.4296875 0.4619140625 0.4384765625 0.46533203125 0.453125 0.4658203125 0.4501953125 0.46875 0.4501953125 0.4716796875 0.4521484375 0.47265625 0.455078125 0.47119140625 0.45703125 0.47021484375 0.45703125 0.46923828125 0.458984375 0.46875 0.4599609375 0.46826171875 0.4619140625 0.470703125 0.4697265625 0.47119140625 0.4775390625 0.47216796875 0.4892578125 0.47265625 0.501953125 0.47216796875 0.51171875 0.47119140625 0.5166015625 0.46923828125 0.51953125 0.46826171875 0.5185546875 0.4658203125 0.5126953125 0.46533203125 0.515625 0.46533203125 0.521484375 0.46484375 0.5244140625 0.46337890625 0.5263671875 0.46044921875 0.5263671875 0.458984375 0.5244140625 0.4580078125 0.51953125 0.45751953125 0.5146484375 0.43994140625 0.5146484375 0.42822265625 0.4404296875
5 0.42333984375 0.3173828125 0.421875 0.44921875 0.4248046875 0.44921875 0.42626953125 0.31640625 0.4248046875 0.3134765625
13 0.41259765625 0.4267578125 0.43017578125 0.427734375 0.43603515625 0.4365234375 0.44287109375 0.4619140625 0.4443359375 0.458984375 0.44482421875 0.4560546875 0.44677734375 0.4541015625 0.44970703125 0.4541015625 0.45263671875 0.458984375 0.45166015625 0.4677734375 0.44970703125 0.46875 0.44677734375 0.4697265625 0.44580078125 0.47265625 0.451171875 0.5009765625 0.451171875 0.5283203125 0.451171875 0.5400390625 0.451171875 0.5400390625 0.44873046875 0.544921875 0.44580078125 0.5458984375 0.4443359375 0.5400390625 0.44384765625 0.533203125 0.44140625 0.533203125 0.44189453125 0.5439453125 0.44189453125 0.5517578125 0.4404296875 0.5576171875 0.43896484375 0.5595703125 0.43505859375 0.560546875 0.4306640625 0.55859375 0.427734375 0.548828125 0.427734375 0.5439453125 0.42041015625 0.537109375 0.40625 0.4765625
13 0.26611328125 0.2841796875 0.27001953125 0.28515625 0.27197265625 0.287109375 0.27392578125 0.2958984375 0.30029296875 0.2939453125 0.33251953125 0.291015625 0.36279296875 0.291015625 0.3701171875 0.29296875 0.37890625 0.29296875 0.37890625 0.28515625 0.380859375 0.28125 0.384765625 0.2822265625 0.38623046875 0.287109375 0.3857421875 0.296875 0.388671875 0.302734375 0.404296875 0.3212890625 0.408203125 0.333984375 0.40869140625 0.3486328125 0.412109375 0.3583984375 0.41748046875 0.4130859375 0.421875 0.4140625 0.421875 0.3994140625 0.42236328125 0.3955078125 0.427734375 0.396484375 0.4296875 0.3974609375 0.4306640625 0.404296875 0.43017578125 0.4248046875 0.43017578125 0.42578125 0.4287109375 0.4267578125 0.42822265625 0.427734375 0.42431640625 0.427734375 0.42431640625 0.427734375 0.42236328125 0.427734375 0.41650390625 0.4287109375 0.421875 0.478515625 0.4248046875 0.48046875 0.4248046875 0.486328125 0.42236328125 0.4912109375 0.421875 0.5009765625 0.42236328125 0.5185546875 0.42333984375 0.5283203125 0.423828125 0.54296875 0.42333984375 0.556640625 0.42236328125 0.5693359375 0.42041015625 0.5751953125 0.416015625 0.576171875 0.4111328125 0.576171875 0.40625 0.5615234375 0.39990234375 0.56640625 0.39990234375 0.5791015625 0.3994140625 0.587890625 0.3974609375 0.595703125 0.392578125 0.6005859375 0.38720703125 0.6025390625 0.38330078125 0.5986328125 0.38037109375 0.580078125 0.37890625 0.5615234375 0.3466796875 0.5693359375 0.25439453125 0.4658203125 0.259765625 0.421875 0.26171875 0.404296875 0.26220703125 0.3779296875 0.26513671875 0.33203125 0.2666015625 0.3115234375 0.2685546875 0.3017578125 0.265625 0.2998046875 0.263671875 0.2958984375 0.263671875 0.2880859375
13 0.20751953125 0.4169921875 0.26318359375 0.4130859375 0.31005859375 0.41796875 0.31884765625 0.4208984375 0.326171875 0.431640625 0.3369140625 0.4599609375 0.341796875 0.484375 0.34619140625 0.48046875 0.3515625 0.48046875 0.35546875 0.4833984375 0.3564453125 0.4921875 0.353515625 0.4990234375 0.3515625 0.5009765625 0.35693359375 0.515625 0.3583984375 0.53515625 0.359375 0.5478515625 0.359375 0.5673828125 0.36083984375 0.6064453125 0.36083984375 0.6259765625 0.35791015625 0.6328125 0.3515625 0.6357421875 0.3486328125 0.634765625 0.34619140625 0.6328125 0.34423828125 0.6240234375 0.34423828125 0.6123046875 0.3427734375 0.6044921875 0.3427734375 0.59765625 0.3232421875 0.615234375 0.32373046875 0.6328125 0.3232421875 0.6474609375 0.322265625 0.66015625 0.31982421875 0.6689453125 0.3134765625 0.673828125 0.30517578125 0.673828125 0.30029296875 0.6669921875 0.29931640625 0.6591796875 0.2978515625 0.638671875 0.2978515625 0.6357421875 0.2294921875 0.642578125 0.1591796875 0.51171875 0.1748046875 0.478515625 0.1826171875 0.4619140625 0.18994140625 0.439453125 0.19677734375 0.4287109375 0.201171875 0.421875
5 0.16015625 0.201171875 0.16064453125 0.48828125 0.1689453125 0.4912109375 0.1708984375 0.1806640625
13 0.0 0.3740234375 0.06298828125 0.3720703125 0.1044921875 0.3779296875 0.1298828125 0.388671875 0.1513671875 0.412109375 0.171875 0.4599609375 0.177734375 0.4765625 0.1806640625 0.4716796875 0.18701171875 0.4677734375 0.19970703125 0.4677734375 0.20654296875 0.4755859375 0.21044921875 0.4794921875 0.2119140625 0.490234375 0.20947265625 0.4990234375 0.2060546875 0.5048828125 0.205078125 0.5048828125 0.21630859375 0.5185546875 0.22509765625 0.53125 0.234375 0.5576171875 0.23681640625 0.611328125 0.240234375 0.6357421875 0.24072265625 0.6591796875 0.23974609375 0.6806640625 0.23779296875 0.693359375 0.23583984375 0.71484375 0.23193359375 0.73046875 0.22607421875 0.73828125 0.21923828125 0.7412109375 0.212890625 0.7412109375 0.2041015625 0.734375 0.20068359375 0.7158203125 0.13525390625 0.7724609375 0.13525390625 0.802734375 0.13232421875 0.82421875 0.126953125 0.8505859375 0.1201171875 0.865234375 0.10888671875 0.8798828125 0.08984375 0.884765625 0.0830078125 0.884765625 0.07373046875 0.8681640625 0.06640625 0.833984375 0.06396484375 0.8125 0.05810546875 0.810546875 0.0 0.8232421875
7 0.16015625 0.166015625 0.1572265625 0.1826171875 0.15673828125 0.2041015625 0.16015625 0.2216796875 0.1708984375 0.228515625 0.1787109375 0.2197265625 0.1806640625 0.19140625 0.17529296875 0.171875 0.16845703125 0.1640625
7 0.42431640625 0.3486328125 0.4345703125 0.34765625 0.4345703125 0.3173828125 0.42431640625 0.318359375
7 0.4482421875 0.3603515625 0.451171875 0.3603515625 0.453125 0.3642578125 0.45361328125 0.37109375 0.45263671875 0.3759765625 0.45068359375 0.376953125 0.447265625 0.3740234375 0.4462890625 0.369140625 0.4462890625 0.365234375
7 0.46875 0.388671875 0.47119140625 0.3857421875 0.47265625 0.388671875 0.4736328125 0.392578125 0.47265625 0.3955078125 0.47119140625 0.396484375 0.46923828125 0.3955078125 0.46826171875 0.392578125
7 0.4814453125 0.41015625 0.4814453125 0.40625 0.482421875 0.404296875 0.48388671875 0.404296875 0.484375 0.4052734375 0.48583984375 0.4072265625 0.48583984375 0.4130859375 0.484375 0.416015625 0.48291015625 0.416015625 0.48193359375 0.4150390625
8 0.5732421875 0.4033203125 0.57080078125 0.4013671875 0.56640625 0.4013671875 0.5634765625 0.4013671875 0.56298828125 0.4013671875 0.560546875 0.4013671875 0.5595703125 0.4013671875 0.5595703125 0.4013671875 0.55712890625 0.4013671875 0.55419921875 0.40234375 0.55224609375 0.40234375 0.54931640625 0.40234375 0.548828125 0.40234375 0.54833984375 0.4033203125 0.5478515625 0.404296875 0.54736328125 0.404296875 0.5458984375 0.40234375 0.5458984375 0.40234375 0.5458984375 0.40234375 0.5458984375 0.4013671875 0.54541015625 0.3994140625 0.54541015625 0.3974609375 0.54638671875 0.396484375 0.54736328125 0.396484375 0.54833984375 0.396484375 0.54931640625 0.3974609375 0.55029296875 0.3974609375 0.5517578125 0.396484375 0.552734375 0.396484375 0.5537109375 0.396484375 0.5546875 0.3974609375 0.5556640625 0.3974609375 0.55859375 0.3974609375 0.5595703125 0.396484375 0.56201171875 0.396484375 0.56396484375 0.396484375 0.56591796875 0.396484375 0.5673828125 0.3916015625 0.56884765625 0.388671875 0.56982421875 0.3818359375 0.56982421875 0.3798828125 0.56884765625 0.3759765625 0.56884765625 0.373046875 0.56787109375 0.3701171875 0.56884765625 0.369140625 0.56982421875 0.3681640625 0.56982421875 0.3681640625 0.5693359375 0.3662109375 0.5693359375 0.3623046875 0.56982421875 0.359375 0.56982421875 0.3564453125 0.5703125 0.3544921875 0.56982421875 0.34765625 0.5693359375 0.3466796875 0.5673828125 0.3447265625 0.5673828125 0.34375 0.56787109375 0.341796875 0.5693359375 0.3408203125 0.57080078125 0.337890625 0.5712890625 0.3359375 0.5712890625 0.333984375 0.57080078125 0.3330078125 0.56982421875 0.3330078125 0.56982421875 0.3330078125 0.5703125 0.3330078125 0.57080078125 0.3330078125 0.57080078125 0.3330078125 0.5703125 0.3310546875 0.572265625 0.3251953125 0.57275390625 0.3251953125 0.5732421875 0.322265625 0.5732421875 0.3193359375 0.57373046875 0.318359375 0.57470703125 0.314453125 0.5732421875 0.31640625 0.5732421875 0.318359375 0.572265625 0.322265625 0.572265625 0.3232421875 0.5712890625 0.3232421875 0.56982421875 0.3193359375 0.5693359375 0.3173828125 0.56884765625 0.3134765625 0.56787109375 0.3134765625 0.56591796875 0.31640625 0.56591796875 0.3203125 0.5654296875 0.3212890625 0.5654296875 0.322265625 0.56298828125 0.3203125 0.56298828125 0.314453125 0.56298828125 0.314453125 0.56298828125 0.3134765625 0.56005859375 0.3115234375 0.55908203125 0.3115234375 0.55859375 0.3125 0.55517578125 0.3125 0.55419921875 0.314453125 0.55517578125 0.3212890625 0.55517578125 0.3212890625 0.5537109375 0.3193359375 0.55224609375 0.3173828125 0.5517578125 0.31640625 0.552734375 0.32421875 0.552734375 0.32421875 0.552734375 0.32421875 0.55224609375 0.3251953125 0.55029296875 0.3203125 0.548828125 0.318359375 0.548828125 0.3173828125 0.5478515625 0.31640625 0.546875 0.31640625 0.5458984375 0.31640625 0.544921875 0.3134765625 0.54248046875 0.3076171875 0.54296875 0.3076171875 0.54541015625 0.3076171875 0.546875 0.3076171875 0.548828125 0.3076171875 0.5498046875 0.3076171875 0.5517578125 0.306640625 0.55322265625 0.3056640625 0.55419921875 0.3056640625 0.55615234375 0.3056640625 0.56005859375 0.3056640625 0.5615234375 0.3056640625 0.5673828125 0.3056640625 0.56884765625 0.3056640625 0.57177734375 0.3056640625 0.5732421875 0.3056640625 0.576171875 0.3017578125 0.57666015625 0.3017578125 0.57763671875 0.3017578125 0.5791015625 0.30078125 0.580078125 0.2998046875 0.58154296875 0.30078125 0.58154296875 0.3017578125 0.58154296875 0.3046875 0.58154296875 0.3056640625 0.58154296875 0.306640625 0.58154296875 0.30859375 0.5810546875 0.3095703125 0.5810546875 0.3095703125 0.580078125 0.310546875 0.57958984375 0.310546875 0.57861328125 0.3115234375 0.578125 0.3125 0.578125 0.3134765625 0.578125 0.3134765625 0.57861328125 0.314453125 0.5791015625 0.314453125 0.57958984375 0.314453125 0.580078125 0.314453125 0.58154296875 0.31640625 0.58154296875 0.3173828125 0.58154296875 0.318359375 0.58154296875 0.3193359375 0.58251953125 0.3203125 0.5830078125 0.3203125 0.5830078125 0.3203125 0.583984375 0.3212890625 0.583984375 0.322265625 0.583984375 0.322265625 0.583984375 0.3232421875 0.583984375 0.32421875 0.58349609375 0.32421875 0.58349609375 0.32421875 0.5830078125 0.3251953125 0.58349609375 0.326171875 0.583984375 0.326171875 0.583984375 0.353515625 0.58447265625 0.380859375 0.58203125 0.390625 0.58154296875 0.396484375 0.57763671875 0.4052734375 0.576171875 0.40625 0.5751953125 0.40625 0.57470703125 0.40625 0.5732421875 0.4052734375 0.5732421875 0.404296875 0.5732421875 0.404296875
7 0.49072265625 0.416015625 0.49169921875 0.412109375 0.4931640625 0.41015625 0.49462890625 0.412109375 0.49462890625 0.4150390625 0.49462890625 0.41796875 0.49365234375 0.4189453125 0.49267578125 0.4189453125
7 0.57861328125 0.3935546875 0.578125 0.3994140625 0.5791015625 0.404296875 0.58251953125 0.40625 0.583984375 0.40234375 0.583984375 0.396484375 0.58251953125 0.392578125 0.5810546875 0.392578125
11 0.5693359375 0.4599609375 0.5693359375 0.4541015625 0.5703125 0.4521484375 0.57080078125 0.4501953125 0.57080078125 0.4482421875 0.5712890625 0.447265625 0.572265625 0.447265625 0.57275390625 0.4482421875 0.57275390625 0.4501953125 0.5732421875 0.4521484375 0.57470703125 0.4521484375 0.5751953125 0.4541015625 0.5751953125 0.4599609375 0.57568359375 0.4638671875 0.5751953125 0.4638671875 0.5751953125 0.462890625 0.57470703125 0.4638671875 0.5751953125 0.4736328125 0.57373046875 0.4775390625 0.57275390625 0.4775390625 0.5732421875 0.474609375 0.5732421875 0.4697265625 0.57275390625 0.4677734375 0.572265625 0.4677734375 0.572265625 0.4716796875 0.572265625 0.4775390625 0.57080078125 0.4775390625 0.5703125 0.4658203125 0.5703125 0.4638671875 0.56982421875 0.462890625
11 0.576171875 0.458984375 0.5771484375 0.4541015625 0.57763671875 0.4521484375 0.57861328125 0.451171875 0.57861328125 0.44921875 0.57958984375 0.4482421875 0.5810546875 0.44921875 0.5810546875 0.451171875 0.58203125 0.4521484375 0.58203125 0.4716796875 0.5810546875 0.474609375 0.580078125 0.4755859375 0.57958984375 0.4755859375 0.5791015625 0.474609375 0.57861328125 0.4736328125 0.57861328125 0.4755859375 0.57763671875 0.4755859375 0.5771484375 0.4755859375 0.57666015625 0.4755859375 0.57666015625 0.4736328125 0.57666015625 0.4716796875 0.57666015625 0.46875 0.57666015625 0.4677734375 0.576171875 0.4677734375 0.57568359375 0.466796875 0.57568359375 0.46484375
5 0.5810546875 0.3779296875 0.58154296875 0.4755859375 0.5830078125 0.4765625 0.58251953125 0.4287109375 0.58203125 0.3828125 0.58251953125 0.3798828125 0.58251953125 0.3779296875
5 0.5205078125 0.4267578125 0.5205078125 0.48046875 0.52197265625 0.48046875 0.52197265625 0.431640625 0.52197265625 0.4296875 0.52197265625 0.4267578125
