10 0.50244140625 0.0 0.5693359375 0.22265625 0.7890625 0.3837890625 0.99951171875 0.3798828125 0.99951171875 0.0
2 0.9521484375 0.376953125 0.95751953125 0.361328125 0.96484375 0.359375 0.966796875 0.359375 0.966796875 0.35546875 0.9697265625 0.35546875 0.9697265625 0.357421875 0.98193359375 0.357421875 0.98291015625 0.3798828125 0.96044921875 0.388671875
0 0.0 0.5517578125 0.94677734375 0.4052734375 0.99951171875 0.39453125 0.99951171875 0.9990234375 0.0 0.9990234375
8 0.94921875 0.361328125 0.953125 0.361328125 0.953125 0.3681640625 0.95458984375 0.3720703125 0.95751953125 0.373046875 0.958984375 0.376953125 0.96142578125 0.376953125 0.96240234375 0.3720703125 0.96728515625 0.3701171875 0.96923828125 0.369140625 0.96875 0.365234375 0.96728515625 0.3603515625 0.9716796875 0.3564453125 0.97412109375 0.357421875 0.97412109375 0.35546875 0.970703125 0.3525390625 0.96728515625 0.3515625 0.97265625 0.3427734375 0.97509765625 0.3408203125 0.9775390625 0.3408203125 0.9833984375 0.3193359375 0.98583984375 0.30859375 0.99169921875 0.3017578125 0.99951171875 0.2978515625 0.99951171875 0.33984375 0.99951171875 0.4130859375 0.98876953125 0.4150390625 0.98974609375 0.408203125 0.96923828125 0.41015625 0.95654296875 0.41015625 0.94873046875 0.4111328125 0.93798828125 0.40234375 0.9326171875 0.38671875 0.9384765625 0.3681640625 0.9443359375 0.361328125 0.9462890625 0.359375
13 0.96044921875 0.3984375 0.96533203125 0.3984375 0.96728515625 0.40234375 0.9677734375 0.4072265625 0.96728515625 0.4111328125 0.96533203125 0.4111328125 0.96533203125 0.4091796875 0.96044921875 0.4091796875 0.958984375 0.4091796875 0.95751953125 0.4091796875 0.95703125 0.4052734375 0.95703125 0.4013671875 0.95751953125 0.3984375
1 0.99951171875 0.4267578125 0.99658203125 0.4248046875 0.99609375 0.4189453125 0.98828125 0.41796875 0.984375 0.4169921875 0.98193359375 0.4140625 0.98388671875 0.4130859375 0.98828125 0.4130859375 0.99609375 0.4140625 0.99951171875 0.4130859375
5 0.98828125 0.39453125 0.98828125 0.4150390625 0.98779296875 0.4150390625 0.98779296875 0.400390625 0.98779296875 0.3974609375
7 0.9833984375 0.3984375 0.9921875 0.3984375 0.9921875 0.388671875 0.9833984375 0.388671875
7 0.9921875 0.3759765625 0.994140625 0.3779296875 0.994140625 0.3818359375 0.9931640625 0.3837890625 0.9912109375 0.3818359375 0.9912109375 0.3798828125
5 0.99951171875 0.3408203125 0.9892578125 0.33984375 0.9892578125 0.3359375 0.98779296875 0.3359375 0.98779296875 0.3330078125 0.990234375 0.3330078125 0.990234375 0.3349609375 0.990234375 0.3359375 0.98974609375 0.3359375 0.990234375 0.3369140625 0.99755859375 0.3388671875 0.99853515625 0.3388671875 0.99951171875 0.3388671875
13 0.93212890625 0.396484375 0.93798828125 0.396484375 0.9384765625 0.3974609375 0.9384765625 0.400390625 0.93701171875 0.404296875 0.93408203125 0.4111328125 0.93310546875 0.4130859375 0.9296875 0.4130859375 0.92822265625 0.41015625 0.92822265625 0.4072265625 0.9296875 0.4052734375 0.9306640625 0.404296875 0.9306640625 0.40234375 0.93017578125 0.40234375 0.9296875 0.4013671875 0.9296875 0.3984375 0.93017578125 0.3974609375 0.9306640625 0.396484375
13 0.9365234375 0.400390625 0.9404296875 0.400390625 0.94189453125 0.4013671875 0.94189453125 0.40625 0.94189453125 0.4130859375 0.93701171875 0.4150390625 0.93603515625 0.4169921875 0.93212890625 0.4169921875 0.93212890625 0.41015625 0.93408203125 0.4072265625 0.93408203125 0.4013671875 0.9345703125 0.400390625
13 0.94189453125 0.40234375 0.947265625 0.40234375 0.9501953125 0.4072265625 0.9521484375 0.4091796875 0.95263671875 0.4111328125 0.9521484375 0.4150390625 0.9501953125 0.41796875 0.94921875 0.4208984375 0.94189453125 0.4208984375 0.94189453125 0.41796875 0.93994140625 0.4169921875 0.9384765625 0.4130859375 0.93994140625 0.4072265625 0.94189453125 0.4072265625
13 0.92236328125 0.4013671875 0.923828125 0.4052734375 0.923828125 0.4111328125 0.92236328125 0.4248046875 0.92138671875 0.42578125 0.91455078125 0.42578125 0.9140625 0.4228515625 0.91455078125 0.41796875 0.91552734375 0.4169921875 0.91552734375 0.41015625 0.91748046875 0.40234375
13 0.9287109375 0.41015625 0.92236328125 0.41015625 0.92138671875 0.4150390625 0.92138671875 0.4189453125 0.919921875 0.421875 0.91943359375 0.42578125 0.919921875 0.4345703125 0.923828125 0.4345703125 0.923828125 0.4306640625 0.93017578125 0.4306640625 0.93212890625 0.4208984375 0.93212890625 0.4130859375 0.931640625 0.4130859375 0.93017578125 0.4130859375 0.9296875 0.4130859375
1 0.0 0.58984375 0.00390625 0.58984375 0.0185546875 0.58984375 0.03955078125 0.58984375 0.068359375 0.5888671875 0.08251953125 0.5869140625 0.115234375 0.5859375 0.16259765625 0.5810546875 0.26611328125 0.5810546875 0.28759765625 0.5810546875 0.2978515625 0.58203125 0.3134765625 0.5810546875 0.41552734375 0.5732421875 0.4453125 0.572265625 0.48974609375 0.568359375 0.501953125 0.5654296875 0.52197265625 0.5654296875 0.57421875 0.5615234375 0.59619140625 0.560546875 0.63720703125 0.556640625 0.6533203125 0.5537109375 0.6728515625 0.5517578125 0.6923828125 0.548828125 0.72119140625 0.5458984375 0.75390625 0.541015625 0.79150390625 0.533203125 0.8193359375 0.5283203125 0.84912109375 0.521484375 0.8818359375 0.513671875 0.90625 0.5048828125 0.9248046875 0.4970703125 0.9365234375 0.48828125 0.9423828125 0.48046875 0.9443359375 0.4755859375 0.943359375 0.4677734375 0.94287109375 0.462890625 0.93701171875 0.4560546875 0.9287109375 0.4482421875 0.91650390625 0.4296875 0.90966796875 0.4189453125 0.90771484375 0.421875 0.90380859375 0.4169921875 0.0 0.4921875
5 0.91796875 0.447265625 0.91650390625 0.3984375 0.91455078125 0.3984375 0.91552734375 0.4169921875 0.91552734375 0.4423828125 0.91552734375 0.447265625
2 0.0 0.5791015625 0.0126953125 0.5576171875 0.03515625 0.5478515625 0.0517578125 0.5546875 0.07177734375 0.5361328125 0.1103515625 0.5615234375 0.1318359375 0.55859375 0.23779296875 0.5517578125 0.2783203125 0.5478515625 0.3046875 0.544921875 0.3359375 0.5439453125 0.3671875 0.548828125 0.3876953125 0.541015625 0.3974609375 0.5576171875 0.3974609375 0.5087890625 0.62353515625 0.4892578125 0.69677734375 0.5009765625 0.71484375 0.517578125 0.7177734375 0.517578125 0.72412109375 0.515625 0.7431640625 0.5068359375 0.76171875 0.4970703125 0.76611328125 0.4951171875 0.7890625 0.4951171875 0.791015625 0.4951171875 0.8271484375 0.447265625 0.75537109375 0.2978515625 0.74462890625 0.2421875 0.74609375 0.2177734375 0.74609375 0.205078125 0.744140625 0.205078125 0.744140625 0.2041015625 0.74365234375 0.2041015625 0.74365234375 0.1953125 0.7392578125 0.1845703125 0.73388671875 0.1845703125 0.73388671875 0.185546875 0.7275390625 0.185546875 0.72900390625 0.181640625 0.73095703125 0.181640625 0.7314453125 0.1806640625 0.7314453125 0.1767578125 0.72802734375 0.1767578125 0.72802734375 0.1708984375 0.72509765625 0.1708984375 0.72509765625 0.16796875 0.7255859375 0.16796875 0.7255859375 0.1630859375 0.72265625 0.1630859375 0.72265625 0.1552734375 0.7158203125 0.1552734375 0.71728515625 0.15234375 0.71923828125 0.15234375 0.71923828125 0.1484375 0.71875 0.1484375 0.71875 0.1474609375 0.71533203125 0.1474609375 0.71533203125 0.14453125 0.7158203125 0.14453125 0.7158203125 0.1396484375 0.71240234375 0.1396484375 0.71240234375 0.1357421875 0.712890625 0.1318359375 0.712890625 0.130859375 0.70751953125 0.130859375 0.70751953125 0.126953125 0.708984375 0.1259765625 0.708984375 0.1220703125 0.70361328125 0.1220703125 0.70361328125 0.119140625 0.70458984375 0.1162109375 0.70458984375 0.11328125 0.7001953125 0.11328125 0.7001953125 0.109375 0.701171875 0.103515625 0.70068359375 0.1025390625 0.6953125 0.1025390625 0.6953125 0.0986328125 0.69677734375 0.095703125 0.6962890625 0.09375 0.69189453125 0.09375 0.69189453125 0.0830078125 0.69189453125 0.08203125 0.6865234375 0.08203125 0.6865234375 0.0751953125 0.68701171875 0.0703125 0.6806640625 0.0703125 0.6806640625 0.064453125 0.68212890625 0.060546875 0.68212890625 0.0576171875 0.68017578125 0.0576171875 0.67578125 0.0576171875 0.67578125 0.0498046875 0.6767578125 0.0458984375 0.6767578125 0.044921875 0.66748046875 0.0458984375 0.66748046875 0.041015625 0.66455078125 0.041015625 0.6640625 0.0419921875 0.6611328125 0.0419921875 0.658203125 0.0419921875 0.658203125 0.041015625 0.65380859375 0.041015625 0.65380859375 0.0478515625 0.61865234375 0.044921875 0.61865234375 0.0 0.6162109375 0.0 0.61669921875 0.052734375 0.58056640625 0.0546875 0.54931640625 0.0 0.0 0.0
8 0.798828125 0.4951171875 0.837890625 0.49609375 0.85205078125 0.48828125 0.85888671875 0.486328125 0.88671875 0.47265625 0.89599609375 0.4677734375 0.89990234375 0.4658203125 0.90380859375 0.4638671875 0.90625 0.4638671875 0.90625 0.4560546875 0.904296875 0.4541015625 0.90185546875 0.4541015625 0.90087890625 0.451171875 0.90234375 0.443359375 0.9033203125 0.427734375 0.904296875 0.42578125 0.904296875 0.404296875 0.9033203125 0.3642578125 0.91796875 0.3642578125 0.91845703125 0.3798828125 0.92822265625 0.3857421875 0.931640625 0.3896484375 0.93212890625 0.396484375 0.9384765625 0.396484375 0.9384765625 0.400390625 0.94091796875 0.4013671875 0.94189453125 0.4013671875 0.94189453125 0.40234375 0.94287109375 0.4013671875 0.943359375 0.3984375 0.94287109375 0.3935546875 0.94091796875 0.388671875 0.94287109375 0.388671875 0.94287109375 0.3779296875 0.9423828125 0.376953125 0.94482421875 0.3759765625 0.94482421875 0.3701171875 0.9462890625 0.369140625 0.94287109375 0.36328125 0.9453125 0.3603515625 0.95068359375 0.359375 0.953125 0.36328125 0.95556640625 0.361328125 0.95703125 0.357421875 0.96240234375 0.357421875 0.96240234375 0.3525390625 0.96923828125 0.3515625 0.97265625 0.349609375 0.97509765625 0.3447265625 0.97705078125 0.3388671875 0.9736328125 0.3388671875 0.97314453125 0.33984375 0.97119140625 0.33984375 0.97119140625 0.3408203125 0.96875 0.3408203125 0.96875 0.3388671875 0.97314453125 0.3388671875 0.97314453125 0.3349609375 0.97119140625 0.3349609375 0.970703125 0.3349609375 0.970703125 0.3251953125 0.97314453125 0.318359375 0.97412109375 0.3154296875 0.97509765625 0.314453125 0.97509765625 0.3115234375 0.97509765625 0.306640625 0.9755859375 0.306640625 0.97314453125 0.3017578125 0.96728515625 0.3017578125 0.9638671875 0.3046875 0.96337890625 0.3076171875 0.95849609375 0.3115234375 0.95849609375 0.30859375 0.95703125 0.3076171875 0.95703125 0.306640625 0.958984375 0.3046875 0.96044921875 0.3037109375 0.96044921875 0.3017578125 0.96142578125 0.298828125 0.96142578125 0.2939453125 0.962890625 0.291015625 0.96337890625 0.287109375 0.9638671875 0.283203125 0.9638671875 0.2822265625 0.96337890625 0.28125 0.96142578125 0.275390625 0.95849609375 0.2734375 0.96142578125 0.2705078125 0.96533203125 0.2626953125 0.9658203125 0.2578125 0.9658203125 0.25390625 0.9638671875 0.25390625 0.96337890625 0.2568359375 0.96044921875 0.2578125 0.95947265625 0.2607421875 0.95703125 0.2626953125 0.95703125 0.2607421875 0.95751953125 0.2607421875 0.95751953125 0.2568359375 0.95654296875 0.2568359375 0.95556640625 0.2529296875 0.951171875 0.2431640625 0.9501953125 0.2431640625 0.94873046875 0.2431640625 0.94921875 0.2392578125 0.95068359375 0.236328125 0.9501953125 0.2333984375 0.9482421875 0.2333984375 0.94677734375 0.23046875 0.9453125 0.23046875 0.943359375 0.232421875 0.94482421875 0.2265625 0.94677734375 0.22265625 0.947265625 0.2158203125 0.94677734375 0.2080078125 0.9453125 0.2041015625 0.947265625 0.1953125 0.94677734375 0.1884765625 0.94482421875 0.1875 0.943359375 0.1875 0.94091796875 0.1923828125 0.93994140625 0.1953125 0.93896484375 0.1982421875 0.93798828125 0.2021484375 0.93505859375 0.2041015625 0.93505859375 0.193359375 0.9345703125 0.193359375 0.9345703125 0.1923828125 0.93798828125 0.19140625 0.93994140625 0.1875 0.93994140625 0.185546875 0.94189453125 0.185546875 0.94189453125 0.181640625 0.94189453125 0.177734375 0.93994140625 0.17578125 0.9365234375 0.1767578125 0.93505859375 0.177734375 0.9345703125 0.18359375 0.93310546875 0.18359375 0.93310546875 0.1806640625 0.931640625 0.177734375 0.9287109375 0.17578125 0.92822265625 0.1767578125 0.92822265625 0.1796875 0.92626953125 0.1796875 0.92626953125 0.1767578125 0.92578125 0.17578125 0.92578125 0.171875 0.92431640625 0.1708984375 0.92138671875 0.1708984375 0.92138671875 0.1650390625 0.91748046875 0.1630859375 0.91748046875 0.1552734375 0.91845703125 0.15234375 0.91796875 0.1484375 0.916015625 0.1484375 0.91748046875 0.14453125 0.91845703125 0.14453125 0.91845703125 0.140625 0.91796875 0.1396484375 0.91650390625 0.13671875 0.91455078125 0.13671875 0.91357421875 0.142578125 0.91357421875 0.146484375 0.91015625 0.1513671875 0.90966796875 0.1513671875 0.90966796875 0.1474609375 0.90771484375 0.14453125 0.90771484375 0.1396484375 0.904296875 0.13671875 0.90234375 0.138671875 0.8994140625 0.1396484375 0.89794921875 0.140625 0.8974609375 0.1435546875 0.89892578125 0.14453125 0.89697265625 0.1474609375 0.89697265625 0.154296875 0.8974609375 0.154296875 0.8974609375 0.15625 0.8974609375 0.1572265625 0.8955078125 0.1572265625 0.8955078125 0.1591796875 0.89306640625 0.1591796875 0.89306640625 0.1552734375 0.890625 0.1552734375 0.890625 0.15234375 0.890625 0.150390625 0.8876953125 0.150390625 0.8876953125 0.146484375 0.88916015625 0.146484375 0.8896484375 0.146484375 0.8896484375 0.1396484375 0.890625 0.1396484375 0.890625 0.134765625 0.8876953125 0.1357421875 0.88525390625 0.1396484375 0.8828125 0.142578125 0.88134765625 0.1357421875 0.87939453125 0.134765625 0.87939453125 0.1298828125 0.876953125 0.1298828125 0.87451171875 0.1220703125 0.87109375 0.1220703125 0.87109375 0.123046875 0.873046875 0.123046875 0.87255859375 0.126953125 0.87255859375 0.130859375 0.87109375 0.1318359375 0.87353515625 0.138671875 0.87060546875 0.1396484375 0.869140625 0.142578125 0.8662109375 0.1435546875 0.8662109375 0.146484375 0.86474609375 0.146484375 0.86474609375 0.1435546875 0.86279296875 0.1396484375 0.859375 0.1357421875 0.85595703125 0.130859375 0.85302734375 0.130859375 0.8525390625 0.134765625 0.85205078125 0.13671875 0.8544921875 0.142578125 0.85498046875 0.14453125 0.85498046875 0.1474609375 0.85400390625 0.1474609375 0.85302734375 0.142578125 0.8525390625 0.142578125 0.85107421875 0.14453125 0.8505859375 0.142578125 0.85009765625 0.140625 0.84912109375 0.1357421875 0.84619140625 0.1357421875 0.84619140625 0.138671875 0.8466796875 0.1396484375 0.84765625 0.140625 0.845703125 0.140625 0.84619140625 0.1513671875 0.8447265625 0.150390625 0.84375 0.1484375 0.84375 0.146484375 0.84423828125 0.14453125 0.84375 0.142578125 0.84375 0.13671875 0.8408203125 0.13671875 0.8408203125 0.1396484375 0.83984375 0.140625 0.8388671875 0.140625 0.8388671875 0.1357421875 0.83642578125 0.1357421875 0.8359375 0.13671875 0.83447265625 0.138671875 0.833984375 0.13671875 0.83349609375 0.13671875 0.83251953125 0.138671875 0.83203125 0.1396484375 0.83203125 0.140625 0.83251953125 0.142578125 0.83251953125 0.14453125 0.83154296875 0.14453125 0.830078125 0.140625 0.82861328125 0.140625 0.828125 0.14453125 0.82861328125 0.1484375 0.82958984375 0.154296875 0.82958984375 0.1572265625 0.82861328125 0.15625 0.828125 0.15234375 0.826171875 0.15234375 0.82568359375 0.154296875 0.82568359375 0.1552734375 0.82568359375 0.15625 0.82373046875 0.15625 0.82373046875 0.15234375 0.82177734375 0.15234375 0.8212890625 0.1513671875 0.81982421875 0.1484375 0.818359375 0.14453125 0.81591796875 0.14453125 0.81591796875 0.150390625 0.8154296875 0.150390625 0.81591796875 0.15234375 0.81689453125 0.1552734375 0.81494140625 0.1552734375 0.81396484375 0.15625 0.8134765625 0.1591796875 0.81201171875 0.1591796875 0.81005859375 0.1611328125 0.80810546875 0.1669921875 0.80712890625 0.1669921875 0.80712890625 0.1689453125 0.80810546875 0.171875 0.80712890625 0.1728515625 0.80517578125 0.1708984375 0.8037109375 0.16796875 0.8046875 0.1650390625 0.8037109375 0.1630859375 0.8046875 0.1591796875 0.79931640625 0.1552734375 0.79931640625 0.1474609375 0.796875 0.1474609375 0.796875 0.14453125 0.79736328125 0.1435546875 0.79736328125 0.140625 0.79638671875 0.1396484375 0.79296875 0.1435546875 0.791015625 0.1474609375 0.79345703125 0.15234375 0.79248046875 0.154296875 0.78955078125 0.15625 0.787109375 0.1591796875 0.787109375 0.1611328125 0.78466796875 0.1630859375 0.78466796875 0.1650390625 0.7861328125 0.1669921875 0.7861328125 0.1767578125 0.78466796875 0.1806640625 0.783203125 0.181640625 0.783203125 0.1748046875 0.78466796875 0.1748046875 0.78515625 0.1728515625 0.78466796875 0.1708984375 0.7822265625 0.1650390625 0.78076171875 0.1640625 0.7802734375 0.1640625 0.7802734375 0.1611328125 0.78271484375 0.16015625 0.78271484375 0.1552734375 0.7802734375 0.1572265625 0.7802734375 0.154296875 0.77734375 0.154296875 0.77685546875 0.154296875 0.7763671875 0.1435546875 0.77099609375 0.1435546875 0.77099609375 0.1513671875 0.77099609375 0.1572265625 0.77099609375 0.16015625 0.76904296875 0.16015625 0.76904296875 0.15625 0.765625 0.15625 0.765625 0.1748046875 0.76416015625 0.1708984375 0.7626953125 0.1708984375 0.7607421875 0.1728515625 0.7607421875 0.1806640625 0.76025390625 0.177734375 0.7587890625 0.1767578125 0.75830078125 0.1796875 0.7568359375 0.1796875 0.7568359375 0.18359375 0.75830078125 0.19140625 0.7607421875 0.1953125 0.7607421875 0.197265625 0.755859375 0.1962890625 0.75341796875 0.193359375 0.751953125 0.197265625 0.75048828125 0.2001953125 0.75 0.2001953125 0.75 0.2060546875 0.751953125 0.216796875 0.74951171875 0.2158203125 0.74609375 0.216796875 0.74365234375 0.216796875 0.744140625 0.2099609375 0.7421875 0.2080078125 0.740234375 0.2041015625 0.73779296875 0.201171875 0.73583984375 0.2021484375 0.73583984375 0.2080078125 0.7333984375 0.208984375 0.7333984375 0.212890625 0.73583984375 0.212890625 0.73779296875 0.212890625 0.73583984375 0.2158203125 0.73583984375 0.2177734375 0.73291015625 0.21875 0.73193359375 0.2216796875 0.73388671875 0.224609375 0.736328125 0.224609375 0.740234375 0.224609375 0.73974609375 0.2265625 0.7392578125 0.2294921875 0.73583984375 0.2294921875 0.7353515625 0.232421875 0.73583984375 0.236328125 0.740234375 0.234375 0.740234375 0.2373046875 0.7412109375 0.23828125 0.7412109375 0.2412109375 0.73828125 0.2392578125 0.73388671875 0.23828125 0.7314453125 0.2431640625 0.7294921875 0.24609375 0.72900390625 0.25 0.73095703125 0.2509765625 0.7275390625 0.2529296875 0.72705078125 0.26171875 0.72802734375 0.26953125 0.73291015625 0.2744140625 0.73779296875 0.2783203125 0.7431640625 0.2783203125 0.74560546875 0.2919921875 0.74560546875 0.3896484375 0.72412109375 0.390625 0.72265625 0.396484375 0.7314453125 0.3974609375 0.734375 0.400390625 0.73974609375 0.3974609375 0.73974609375 0.4013671875 0.734375 0.404296875 0.7255859375 0.4052734375 0.72265625 0.4140625 0.7255859375 0.4140625 0.72705078125 0.4111328125 0.73974609375 0.4111328125 0.73974609375 0.4140625 0.73388671875 0.4140625 0.734375 0.41796875 0.73193359375 0.421875 0.72802734375 0.42578125 0.7216796875 0.4296875 0.7216796875 0.4306640625 0.72412109375 0.43359375 0.72705078125 0.435546875 0.72705078125 0.44140625 0.7255859375 0.44140625 0.7255859375 0.443359375 0.72705078125 0.4453125 0.7255859375 0.447265625 0.7275390625 0.4482421875 0.73388671875 0.4482421875 0.736328125 0.451171875 0.75 0.4482421875 0.75 0.443359375 0.75537109375 0.4423828125 0.7607421875 0.443359375 0.765625 0.44140625 0.7705078125 0.447265625 0.77294921875 0.4521484375 0.77294921875 0.4541015625 0.7763671875 0.4541015625 0.7763671875 0.4599609375 0.779296875 0.4658203125 0.7822265625 0.462890625 0.7822265625 0.458984375 0.78271484375 0.4580078125 0.7841796875 0.4580078125 0.7841796875 0.48828125 0.79150390625 0.4912109375 0.79443359375 0.4931640625
5 0.97607421875 0.3251953125 0.96337890625 0.328125 0.9306640625 0.3427734375 0.9306640625 0.337890625 0.96044921875 0.32421875 0.9697265625 0.32421875 0.97265625 0.32421875 0.97412109375 0.3232421875 0.9755859375 0.3232421875 0.97705078125 0.3232421875
7 0.91650390625 0.373046875 0.92822265625 0.373046875 0.9296875 0.3759765625 0.9287109375 0.4072265625 0.9267578125 0.4091796875 0.9228515625 0.4091796875 0.921875 0.4072265625 0.92138671875 0.40625 0.91650390625 0.40625 0.91455078125 0.3984375
13 0.9287109375 0.4169921875 0.9384765625 0.4169921875 0.94189453125 0.4169921875 0.943359375 0.4248046875 0.94677734375 0.4248046875 0.94677734375 0.42578125 0.9453125 0.4267578125 0.94482421875 0.4267578125 0.94482421875 0.439453125 0.94482421875 0.4423828125 0.9443359375 0.4453125 0.94189453125 0.4453125 0.94091796875 0.4423828125 0.94091796875 0.439453125 0.9326171875 0.439453125 0.9326171875 0.4423828125 0.93212890625 0.4453125 0.9306640625 0.4453125 0.93017578125 0.4453125 0.9296875 0.4423828125 0.93017578125 0.439453125 0.92822265625 0.4375 0.927734375 0.43359375 0.927734375 0.4306640625 0.92822265625 0.4228515625
9 0.71923828125 0.517578125 0.76025390625 0.4990234375 0.75537109375 0.49609375 0.73779296875 0.4931640625 0.7236328125 0.4931640625 0.72314453125 0.4931640625 0.72265625 0.5078125 0.720703125 0.5087890625 0.71923828125 0.5087890625
5 0.93017578125 0.4765625 0.9296875 0.40625 0.9306640625 0.388671875 0.9306640625 0.33203125 0.9306640625 0.2998046875 0.9306640625 0.228515625 0.9306640625 0.2021484375 0.9306640625 0.1845703125 0.9326171875 0.1845703125 0.9326171875 0.123046875 0.97998046875 0.11328125 0.9892578125 0.111328125 0.990234375 0.1103515625 0.990234375 0.1064453125 0.9873046875 0.1064453125 0.98095703125 0.107421875 0.9794921875 0.109375 0.9306640625 0.1201171875 0.93017578125 0.123046875 0.93017578125 0.1796875 0.93017578125 0.1806640625 0.92822265625 0.181640625 0.92822265625 0.2626953125 0.927734375 0.3203125 0.927734375 0.3740234375 0.9267578125 0.4375 0.9267578125 0.4765625 0.9267578125 0.478515625
6 0.9296875 0.373046875 0.93310546875 0.373046875 0.93310546875 0.3837890625 0.93310546875 0.388671875 0.93310546875 0.392578125 0.9326171875 0.39453125 0.9326171875 0.396484375 0.9306640625 0.396484375 0.93017578125 0.3984375 0.93017578125 0.4013671875 0.931640625 0.4013671875 0.931640625 0.4052734375 0.9287109375 0.4072265625 0.92822265625 0.390625 0.92822265625 0.3818359375 0.92822265625 0.376953125
5 0.91162109375 0.3603515625 0.91015625 0.4892578125 0.9072265625 0.4892578125 0.908203125 0.3603515625 0.90966796875 0.3603515625
13 0.9755859375 0.4130859375 0.98095703125 0.4130859375 0.98291015625 0.4189453125 0.984375 0.4208984375 0.98583984375 0.4228515625 0.986328125 0.427734375 0.98388671875 0.4345703125 0.9833984375 0.435546875 0.9716796875 0.435546875 0.96923828125 0.435546875 0.9677734375 0.4267578125 0.96875 0.421875 0.96923828125 0.4208984375 0.96923828125 0.4140625 0.9697265625 0.4130859375
13 0.990234375 0.4189453125 0.98583984375 0.4189453125 0.9853515625 0.421875 0.9853515625 0.4267578125 0.9833984375 0.4296875 0.98291015625 0.43359375 0.98291015625 0.4453125 0.99951171875 0.4453125 0.99951171875 0.4228515625 0.99755859375 0.4228515625 0.99658203125 0.4189453125 0.99560546875 0.4189453125
13 0.95947265625 0.4169921875 0.95751953125 0.4169921875 0.95361328125 0.4189453125 0.951171875 0.427734375 0.951171875 0.4345703125 0.951171875 0.4423828125 0.9521484375 0.443359375 0.95458984375 0.443359375 0.95556640625 0.443359375 0.95751953125 0.44140625 0.96533203125 0.44140625 0.9658203125 0.443359375 0.96923828125 0.443359375 0.970703125 0.4423828125 0.970703125 0.4384765625 0.97265625 0.4345703125 0.9716796875 0.4296875 0.96923828125 0.42578125 0.966796875 0.41796875 0.9638671875 0.4169921875
6 0.97705078125 0.314453125 0.9755859375 0.3193359375 0.9755859375 0.3359375 0.97998046875 0.3349609375 0.97998046875 0.322265625 0.98193359375 0.3203125 0.98193359375 0.3154296875 0.9794921875 0.314453125
13 0.99951171875 0.4541015625 0.99462890625 0.4638671875 0.9912109375 0.4794921875 0.9892578125 0.5107421875 0.986328125 0.5205078125 0.9912109375 0.560546875 0.9912109375 0.5849609375 0.99755859375 0.5908203125 0.99951171875 0.58984375
4 0.83056640625 0.4658203125 0.83056640625 0.4716796875 0.837890625 0.4716796875 0.837890625 0.4658203125 0.85302734375 0.4599609375 0.8544921875 0.4619140625 0.85498046875 0.4873046875 0.8388671875 0.49609375 0.837890625 0.4951171875 0.837890625 0.4755859375 0.83154296875 0.4755859375 0.83154296875 0.4951171875 0.828125 0.4951171875 0.828125 0.4658203125
11 0.74365234375 0.4423828125 0.74658203125 0.443359375 0.74755859375 0.4462890625 0.74951171875 0.447265625 0.75244140625 0.4560546875 0.75390625 0.4794921875 0.75146484375 0.4951171875 0.74365234375 0.49609375 0.74169921875 0.49609375 0.74365234375 0.4921875 0.74365234375 0.484375 0.74609375 0.478515625 0.744140625 0.4716796875 0.744140625 0.4658203125 0.74365234375 0.4521484375 0.7421875 0.4521484375 0.7412109375 0.4501953125 0.7412109375 0.4453125
11 0.7568359375 0.455078125 0.759765625 0.4482421875 0.7587890625 0.4423828125 0.75634765625 0.44140625 0.75390625 0.4423828125 0.75390625 0.4501953125 0.75341796875 0.4521484375 0.751953125 0.458984375 0.75048828125 0.478515625 0.74951171875 0.484375 0.75341796875 0.484375 0.75244140625 0.50390625 0.75244140625 0.51171875 0.7587890625 0.51171875 0.75830078125 0.5078125 0.7578125 0.5078125 0.7578125 0.5009765625 0.7568359375 0.4892578125 0.7578125 0.486328125 0.76025390625 0.484375 0.7607421875 0.482421875 0.759765625 0.48046875 0.7587890625 0.47265625 0.7578125 0.4619140625
11 0.76806640625 0.4345703125 0.77099609375 0.439453125 0.77099609375 0.4423828125 0.77294921875 0.4453125 0.77392578125 0.4541015625 0.77392578125 0.458984375 0.77490234375 0.4638671875 0.7744140625 0.46875 0.77294921875 0.470703125 0.77294921875 0.4755859375 0.77099609375 0.4755859375 0.77099609375 0.4794921875 0.7724609375 0.4833984375 0.7724609375 0.484375 0.77197265625 0.486328125 0.7705078125 0.486328125 0.7705078125 0.48828125 0.77197265625 0.4931640625 0.7724609375 0.5009765625 0.77392578125 0.5068359375 0.7724609375 0.5078125 0.77294921875 0.5126953125 0.77001953125 0.5126953125 0.7705078125 0.50390625 0.7685546875 0.5 0.7685546875 0.5068359375 0.76806640625 0.51171875 0.7666015625 0.5126953125 0.76220703125 0.5126953125 0.76171875 0.5107421875 0.76611328125 0.5087890625 0.765625 0.50390625 0.7646484375 0.4951171875 0.765625 0.486328125 0.7666015625 0.4794921875 0.765625 0.4755859375 0.765625 0.4658203125 0.763671875 0.462890625 0.7607421875 0.462890625 0.76171875 0.458984375 0.7646484375 0.458984375 0.765625 0.458984375 0.765625 0.455078125 0.7666015625 0.4501953125 0.7646484375 0.4482421875 0.763671875 0.4453125 0.76416015625 0.4384765625 0.765625 0.435546875
5 0.72119140625 0.27734375 0.720703125 0.3525390625 0.71923828125 0.4970703125 0.71923828125 0.5244140625 0.71533203125 0.5244140625 0.71484375 0.421875 0.71533203125 0.2880859375 0.71533203125 0.275390625
5 0.72265625 0.3896484375 0.72265625 0.5068359375 0.720703125 0.5078125 0.7197265625 0.376953125 0.72265625 0.3779296875
7 0.7236328125 0.462890625 0.7275390625 0.486328125 0.72607421875 0.4873046875 0.7197265625 0.4873046875 0.71923828125 0.4833984375 0.720703125 0.4755859375
8 0.3857421875 0.5546875 0.46484375 0.544921875 0.541015625 0.541015625 0.6064453125 0.5341796875 0.6728515625 0.525390625 0.697265625 0.525390625 0.72119140625 0.525390625 0.71923828125 0.5205078125 0.71484375 0.517578125 0.716796875 0.5126953125 0.7138671875 0.5078125 0.71533203125 0.5078125 0.71533203125 0.4921875 0.708984375 0.4833984375 0.70263671875 0.478515625 0.69677734375 0.4765625 0.7021484375 0.4658203125 0.7138671875 0.4599609375 0.7138671875 0.455078125 0.71142578125 0.4453125 0.70947265625 0.43359375 0.71533203125 0.4306640625 0.71142578125 0.42578125 0.70361328125 0.4228515625 0.6943359375 0.41015625 0.68408203125 0.404296875 0.68017578125 0.41015625 0.6787109375 0.4169921875 0.671875 0.4130859375 0.67626953125 0.4052734375 0.68017578125 0.40234375 0.68017578125 0.388671875 0.68408203125 0.380859375 0.6845703125 0.3759765625 0.6787109375 0.3681640625 0.68408203125 0.36328125 0.68505859375 0.35546875 0.6923828125 0.3525390625 0.693359375 0.34765625 0.70263671875 0.32421875 0.71044921875 0.31640625 0.712890625 0.310546875 0.7275390625 0.310546875 0.72900390625 0.3046875 0.72705078125 0.302734375 0.71533203125 0.2900390625 0.7109375 0.2822265625 0.70068359375 0.2744140625 0.6953125 0.2744140625 0.697265625 0.2607421875 0.7197265625 0.27734375 0.7255859375 0.279296875 0.7373046875 0.2783203125 0.72509765625 0.2470703125 0.716796875 0.23046875 0.705078125 0.236328125 0.701171875 0.234375 0.69677734375 0.234375 0.68896484375 0.228515625 0.6953125 0.2216796875 0.71142578125 0.220703125 0.7138671875 0.1923828125 0.7001953125 0.193359375 0.69677734375 0.1669921875 0.69677734375 0.138671875 0.68408203125 0.1435546875 0.6796875 0.142578125 0.68310546875 0.1298828125 0.67626953125 0.1337890625 0.669921875 0.123046875 0.66552734375 0.1298828125 0.66357421875 0.123046875 0.67138671875 0.11328125 0.66552734375 0.1064453125 0.67138671875 0.078125 0.65771484375 0.0380859375 0.65576171875 0.037109375 0.66357421875 0.021484375 0.65771484375 0.021484375 0.65185546875 0.0341796875 0.63916015625 0.0322265625 0.64501953125 0.0205078125 0.638671875 0.01953125 0.62939453125 0.0205078125 0.623046875 0.015625 0.61865234375 0.0205078125 0.61279296875 0.0283203125 0.609375 0.029296875 0.60595703125 0.0068359375 0.60205078125 0.0 0.5693359375 0.0 0.5634765625 0.013671875 0.556640625 0.0048828125 0.55078125 0.015625 0.54443359375 0.0234375 0.541015625 0.021484375 0.53759765625 0.02734375 0.5263671875 0.01171875 0.49951171875 0.0068359375 0.48583984375 0.015625 0.49169921875 0.02734375 0.4892578125 0.0439453125 0.4912109375 0.056640625 0.48193359375 0.0546875 0.4912109375 0.0869140625 0.48828125 0.09375 0.47900390625 0.072265625 0.47412109375 0.0771484375 0.45947265625 0.05859375 0.4501953125 0.08203125 0.4462890625 0.09765625 0.4306640625 0.0771484375 0.4228515625 0.0810546875 0.431640625 0.109375 0.42578125 0.115234375 0.4267578125 0.123046875 0.4111328125 0.1103515625 0.40771484375 0.11328125 0.41259765625 0.1318359375 0.4248046875 0.13671875 0.4296875 0.150390625 0.421875 0.1640625 0.4228515625 0.1708984375 0.416015625 0.1728515625 0.419921875 0.2041015625 0.42626953125 0.208984375 0.421875 0.216796875 0.4248046875 0.2255859375 0.4287109375 0.22265625 0.43603515625 0.2373046875 0.41552734375 0.23828125 0.41650390625 0.24609375 0.42041015625 0.2578125 0.43701171875 0.265625 0.41650390625 0.279296875 0.4052734375 0.2822265625 0.4072265625 0.287109375 0.40380859375 0.2939453125 0.39697265625 0.2939453125 0.39892578125 0.306640625 0.4111328125 0.306640625 0.423828125 0.3037109375 0.4228515625 0.3115234375 0.41845703125 0.3154296875 0.4072265625 0.3349609375 0.4111328125 0.3388671875 0.41796875 0.33203125 0.41943359375 0.345703125 0.4228515625 0.3515625 0.41796875 0.3515625 0.41650390625 0.357421875 0.408203125 0.361328125 0.40625 0.3662109375 0.39697265625 0.3837890625 0.39892578125 0.400390625 0.39404296875 0.4072265625 0.39208984375 0.427734375 0.390625 0.451171875 0.3916015625 0.4619140625 0.388671875 0.48828125 0.39306640625 0.4912109375 0.38720703125 0.5283203125
3 0.234375 0.5654296875 0.24853515625 0.568359375 0.380859375 0.55859375 0.3837890625 0.556640625 0.39794921875 0.556640625 0.3974609375 0.5068359375 0.3974609375 0.5068359375 0.38720703125 0.5078125 0.38720703125 0.4970703125 0.37158203125 0.4970703125 0.296875 0.4951171875 0.25 0.49609375 0.2353515625 0.5234375 0.09912109375 0.49609375 0.0 0.49609375 0.0 0.5810546875 0.06787109375 0.5703125 0.22265625 0.572265625
5 0.64697265625 0.0 0.64501953125 0.10546875 0.64404296875 0.3603515625 0.64306640625 0.5361328125 0.63916015625 0.5380859375 0.63720703125 0.5380859375 0.6396484375 0.310546875 0.64111328125 0.1220703125 0.6435546875 0.0
6 0.57373046875 0.3515625 0.58251953125 0.353515625 0.58251953125 0.357421875 0.59228515625 0.3603515625 0.58642578125 0.3662109375 0.58203125 0.365234375 0.58251953125 0.3740234375 0.587890625 0.3759765625 0.58837890625 0.3779296875 0.58837890625 0.3818359375 0.587890625 0.3837890625 0.58251953125 0.3837890625 0.58251953125 0.392578125 0.587890625 0.392578125 0.5888671875 0.3974609375 0.58740234375 0.400390625 0.58251953125 0.400390625 0.58251953125 0.40625 0.5771484375 0.4072265625 0.5732421875 0.40625
5 0.57421875 0.544921875 0.5751953125 0.3369140625 0.576171875 0.3115234375 0.58154296875 0.2490234375 0.58447265625 0.234375 0.59423828125 0.2216796875 0.63720703125 0.1923828125 0.640625 0.185546875 0.693359375 0.1591796875 0.69677734375 0.15625 0.6943359375 0.1513671875 0.68505859375 0.1552734375 0.60205078125 0.1962890625 0.58544921875 0.2060546875 0.5771484375 0.2216796875 0.57177734375 0.2509765625 0.5703125 0.302734375 0.56787109375 0.3115234375 0.56787109375 0.3271484375 0.5693359375 0.3291015625 0.56982421875 0.35546875 0.568359375 0.49609375 0.568359375 0.5458984375 0.5693359375 0.5498046875 0.572265625 0.5498046875 0.5751953125 0.5498046875
6 0.6962890625 0.1220703125 0.69482421875 0.185546875 0.69921875 0.1875 0.70458984375 0.1806640625 0.705078125 0.177734375 0.70751953125 0.177734375 0.70751953125 0.17578125 0.70751953125 0.1748046875 0.705078125 0.1728515625 0.705078125 0.16015625 0.70751953125 0.16015625 0.70849609375 0.1572265625 0.70751953125 0.1552734375 0.70458984375 0.154296875 0.70458984375 0.146484375 0.70751953125 0.142578125 0.70751953125 0.138671875 0.70556640625 0.1357421875 0.705078125 0.1279296875 0.703125 0.126953125 0.70263671875 0.1240234375 0.69873046875 0.123046875 0.69873046875 0.1201171875
6 0.5712890625 0.3525390625 0.56494140625 0.3515625 0.5634765625 0.353515625 0.56298828125 0.359375 0.56201171875 0.3935546875 0.5703125 0.3935546875 0.5712890625 0.3857421875 0.572265625 0.3837890625 0.57568359375 0.3837890625 0.576171875 0.3779296875 0.57568359375 0.3740234375 0.5703125 0.373046875 0.5703125 0.3701171875 0.572265625 0.3662109375 0.5751953125 0.3662109375 0.576171875 0.365234375 0.576171875 0.3603515625 0.5751953125 0.357421875 0.5712890625 0.357421875
5 0.40087890625 0.3525390625 0.39990234375 0.56640625 0.39306640625 0.56640625 0.3935546875 0.5625 0.3955078125 0.4306640625 0.3955078125 0.3525390625
6 0.41015625 0.3759765625 0.41015625 0.41796875 0.39794921875 0.41796875 0.3974609375 0.4091796875 0.3974609375 0.40234375 0.39892578125 0.400390625 0.40087890625 0.3984375 0.40087890625 0.3935546875 0.39892578125 0.392578125 0.39697265625 0.390625 0.39697265625 0.384765625 0.39794921875 0.380859375 0.3994140625 0.3798828125 0.3994140625 0.3759765625
6 0.39404296875 0.359375 0.39404296875 0.41796875 0.3876953125 0.41796875 0.38720703125 0.41796875 0.38720703125 0.4091796875 0.38330078125 0.4091796875 0.380859375 0.4052734375 0.38037109375 0.4013671875 0.38134765625 0.3984375 0.38720703125 0.3984375 0.38720703125 0.392578125 0.3818359375 0.390625 0.38037109375 0.388671875 0.37939453125 0.3857421875 0.38037109375 0.380859375 0.384765625 0.380859375 0.38720703125 0.3818359375 0.38720703125 0.3759765625 0.3828125 0.373046875 0.380859375 0.369140625 0.38134765625 0.3642578125 0.3876953125 0.361328125 0.3876953125 0.359375
8 0.37548828125 0.4970703125 0.375 0.4765625 0.37451171875 0.4619140625 0.37353515625 0.4541015625 0.37548828125 0.451171875 0.37548828125 0.4052734375 0.37060546875 0.4111328125 0.37060546875 0.4072265625 0.373046875 0.404296875 0.36865234375 0.404296875 0.36865234375 0.3984375 0.37060546875 0.390625 0.3671875 0.376953125 0.3662109375 0.3720703125 0.36865234375 0.357421875 0.365234375 0.3447265625 0.3642578125 0.3564453125 0.3564453125 0.35546875 0.35595703125 0.33984375 0.35009765625 0.32421875 0.3486328125 0.314453125 0.345703125 0.2998046875 0.35302734375 0.294921875 0.35498046875 0.287109375 0.35302734375 0.2822265625 0.34619140625 0.28125 0.34912109375 0.2705078125 0.34814453125 0.26171875 0.34619140625 0.2490234375 0.34033203125 0.2431640625 0.3359375 0.2529296875 0.33203125 0.25390625 0.330078125 0.2431640625 0.32568359375 0.236328125 0.32763671875 0.212890625 0.32958984375 0.19140625 0.32958984375 0.1767578125 0.3173828125 0.1552734375 0.3115234375 0.134765625 0.30517578125 0.1181640625 0.29443359375 0.130859375 0.296875 0.1162109375 0.29296875 0.11328125 0.28759765625 0.119140625 0.28466796875 0.1142578125 0.291015625 0.103515625 0.29248046875 0.0947265625 0.28955078125 0.0908203125 0.2861328125 0.095703125 0.2822265625 0.0947265625 0.287109375 0.08203125 0.291015625 0.0625 0.298828125 0.0625 0.3037109375 0.0537109375 0.30322265625 0.0478515625 0.30712890625 0.0400390625 0.3046875 0.0380859375 0.31005859375 0.01953125 0.31201171875 0.0 0.2939453125 0.0 0.28955078125 0.0 0.2890625 0.0 0.27587890625 0.0 0.1416015625 0.0 0.13525390625 0.01171875 0.1494140625 0.033203125 0.13916015625 0.0283203125 0.1328125 0.0400390625 0.13330078125 0.0615234375 0.138671875 0.072265625 0.1337890625 0.07421875 0.12548828125 0.078125 0.12060546875 0.0771484375 0.1162109375 0.0888671875 0.11865234375 0.099609375 0.14990234375 0.11328125 0.1435546875 0.1181640625 0.13916015625 0.1259765625 0.140625 0.14453125 0.1494140625 0.1572265625 0.14306640625 0.1572265625 0.1357421875 0.1552734375 0.1328125 0.1552734375 0.12646484375 0.1630859375 0.123046875 0.1748046875 0.11669921875 0.1953125 0.115234375 0.2001953125 0.1103515625 0.1923828125 0.10595703125 0.181640625 0.10400390625 0.181640625 0.09619140625 0.19140625 0.09619140625 0.1982421875 0.0927734375 0.197265625 0.08984375 0.197265625 0.08984375 0.201171875 0.09423828125 0.2041015625 0.09228515625 0.216796875 0.09619140625 0.224609375 0.0927734375 0.23046875 0.091796875 0.22265625 0.0888671875 0.2255859375 0.087890625 0.220703125 0.08056640625 0.2138671875 0.078125 0.21875 0.087890625 0.234375 0.080078125 0.23046875 0.07958984375 0.228515625 0.0703125 0.2216796875 0.0673828125 0.2294921875 0.07958984375 0.2451171875 0.080078125 0.2607421875 0.076171875 0.2529296875 0.0712890625 0.2529296875 0.0712890625 0.2587890625 0.07373046875 0.271484375 0.0693359375 0.2744140625 0.06005859375 0.263671875 0.04296875 0.224609375 0.04345703125 0.23046875 0.05126953125 0.25390625 0.05078125 0.2548828125 0.05517578125 0.2666015625 0.0556640625 0.27734375 0.0576171875 0.2900390625 0.0556640625 0.2841796875 0.0498046875 0.2919921875 0.04345703125 0.2822265625 0.04248046875 0.294921875 0.04736328125 0.3046875 0.04150390625 0.3046875 0.04150390625 0.3154296875 0.0546875 0.3330078125 0.041015625 0.3330078125 0.0341796875 0.32421875 0.0283203125 0.3251953125 0.0361328125 0.3330078125 0.029296875 0.3359375 0.04150390625 0.345703125 0.04052734375 0.3515625 0.04345703125 0.353515625 0.04541015625 0.3515625 0.0478515625 0.3564453125 0.068359375 0.3564453125 0.05810546875 0.3642578125 0.0556640625 0.369140625 0.046875 0.3681640625 0.02734375 0.3525390625 0.0302734375 0.3603515625 0.0283203125 0.3642578125 0.04345703125 0.3798828125 0.03857421875 0.384765625 0.03759765625 0.3896484375 0.02197265625 0.3779296875 0.015625 0.380859375 0.01708984375 0.38671875 0.029296875 0.3974609375 0.0224609375 0.400390625 0.02880859375 0.40625 0.03759765625 0.4072265625 0.04150390625 0.4111328125 0.041015625 0.4169921875 0.0361328125 0.41796875 0.03515625 0.4248046875 0.02734375 0.43359375 0.0341796875 0.43359375 0.033203125 0.4384765625 0.03125 0.4423828125 0.03125 0.4482421875 0.037109375 0.4501953125 0.04052734375 0.447265625 0.04345703125 0.4541015625 0.048828125 0.4521484375 0.0595703125 0.4482421875 0.04736328125 0.4599609375 0.04150390625 0.466796875 0.04248046875 0.46875 0.044921875 0.46875 0.0576171875 0.458984375 0.0595703125 0.4619140625 0.07177734375 0.4580078125 0.06005859375 0.4716796875 0.0615234375 0.4755859375 0.06494140625 0.4765625 0.06982421875 0.4677734375 0.0732421875 0.4755859375 0.06982421875 0.486328125 0.07421875 0.48828125 0.072265625 0.4951171875 0.0751953125 0.4990234375 0.0771484375 0.513671875 0.08154296875 0.521484375 0.08154296875 0.5361328125 0.07763671875 0.5478515625 0.06787109375 0.548828125 0.0654296875 0.5576171875 0.0654296875 0.568359375 0.06787109375 0.57421875 0.119140625 0.5732421875 0.23583984375 0.5234375 0.240234375 0.56640625 0.24951171875 0.56640625 0.24951171875 0.5048828125 0.28662109375 0.5068359375 0.3076171875 0.5068359375 0.3359375 0.5068359375 0.35595703125 0.5068359375 0.3583984375 0.50390625 0.36474609375 0.50390625 0.37353515625 0.50390625 0.37646484375 0.50390625
5 0.16943359375 0.4267578125 0.16943359375 0.4833984375 0.166015625 0.4833984375 0.16552734375 0.4306640625
7 0.162109375 0.41796875 0.162109375 0.4384765625 0.1728515625 0.439453125 0.1728515625 0.41796875
7 0.1533203125 0.39453125 0.1591796875 0.39453125 0.1591796875 0.396484375 0.16455078125 0.396484375 0.16455078125 0.40234375 0.1533203125 0.40234375
7 0.17236328125 0.39453125 0.1748046875 0.4052734375 0.173828125 0.4140625 0.17138671875 0.41796875 0.16748046875 0.4208984375 0.16259765625 0.41796875 0.16015625 0.4111328125 0.15966796875 0.4052734375 0.16162109375 0.396484375 0.166015625 0.3935546875
7 0.17578125 0.3369140625 0.17578125 0.39453125 0.1591796875 0.3935546875 0.1591796875 0.3740234375 0.1572265625 0.3740234375 0.1572265625 0.3359375 0.1591796875 0.3349609375
13 0.18310546875 0.4765625 0.1982421875 0.4765625 0.201171875 0.48046875 0.2109375 0.482421875 0.21533203125 0.486328125 0.21923828125 0.4912109375 0.22900390625 0.513671875 0.22998046875 0.517578125 0.23828125 0.51953125 0.2421875 0.5244140625 0.24365234375 0.544921875 0.2421875 0.556640625 0.24462890625 0.560546875 0.24462890625 0.5654296875 0.2421875 0.5703125 0.2392578125 0.578125 0.23388671875 0.58203125 0.2333984375 0.59375 0.22998046875 0.599609375 0.2255859375 0.6015625 0.22119140625 0.599609375 0.21875 0.59375 0.2177734375 0.5869140625 0.20751953125 0.5888671875 0.20068359375 0.5888671875 0.1982421875 0.5859375 0.193359375 0.58984375 0.19091796875 0.5947265625 0.1796875 0.5947265625 0.1787109375 0.5908203125 0.166015625 0.5908203125 0.16259765625 0.60546875 0.16015625 0.607421875 0.15234375 0.607421875 0.15087890625 0.603515625 0.1494140625 0.595703125 0.1494140625 0.5869140625 0.12939453125 0.5859375 0.12841796875 0.5947265625 0.126953125 0.5986328125 0.125 0.599609375 0.1181640625 0.599609375 0.1142578125 0.58984375 0.11328125 0.5771484375 0.11328125 0.5732421875 0.111328125 0.5654296875 0.1123046875 0.5537109375 0.11328125 0.5478515625 0.1142578125 0.5341796875 0.123046875 0.52734375 0.126953125 0.525390625 0.12353515625 0.5234375 0.12255859375 0.5166015625 0.12255859375 0.51171875 0.13330078125 0.51171875 0.14111328125 0.48828125 0.14501953125 0.4833984375 0.14794921875 0.48046875 0.1533203125 0.4765625
