0 0.0009765625 0.55078125 0.13427734375 0.5107421875 0.166015625 0.4912109375 0.29541015625 0.45703125 0.43408203125 0.458984375 0.49609375 0.4443359375 0.54541015625 0.4404296875 0.5849609375 0.4482421875 0.6083984375 0.44140625 0.64794921875 0.435546875 0.67626953125 0.4443359375 0.67822265625 0.5166015625 0.76513671875 0.6328125 0.86962890625 0.7255859375 0.9736328125 0.80078125 0.99951171875 0.85546875 0.99951171875 0.9990234375 0.0 0.9990234375
10 0.48046875 0.0 0.5947265625 0.23828125 0.6962890625 0.294921875 0.7490234375 0.23046875 0.783203125 0.0458984375 0.783203125 0.0
2 0.0 0.0 0.0 0.6533203125 0.3037109375 0.4619140625 0.46044921875 0.4521484375 0.5830078125 0.4521484375 0.63916015625 0.4365234375 0.658203125 0.44140625 0.6923828125 0.447265625 0.6904296875 0.509765625 0.71240234375 0.6357421875 0.91455078125 0.771484375 0.99951171875 0.81640625 0.99951171875 0.0 0.71923828125 0.0 0.71923828125 0.01171875 0.716796875 0.0126953125 0.716796875 0.025390625 0.71826171875 0.044921875 0.71875 0.0556640625 0.716796875 0.1806640625 0.712890625 0.1806640625 0.71240234375 0.17578125 0.7109375 0.17578125 0.7109375 0.18359375 0.70068359375 0.185546875 0.69970703125 0.18359375 0.6943359375 0.18359375 0.69384765625 0.1875 0.69287109375 0.189453125 0.689453125 0.1884765625 0.68896484375 0.1806640625 0.689453125 0.1669921875 0.689453125 0.1455078125 0.689453125 0.138671875 0.68896484375 0.1298828125 0.689453125 0.111328125 0.6865234375 0.111328125 0.68798828125 0.1142578125 0.68798828125 0.1328125 0.6865234375 0.1357421875 0.6865234375 0.138671875 0.68701171875 0.140625 0.68701171875 0.1435546875 0.68701171875 0.1552734375 0.68701171875 0.1787109375 0.68408203125 0.189453125 0.66748046875 0.1923828125 0.65869140625 0.2197265625 0.6494140625 0.22265625 0.5908203125 0.189453125 0.5400390625 0.1181640625 0.38720703125 0.0458984375 0.30517578125 0.0
1 0.0 0.609375 0.076171875 0.55078125 0.046875 0.599609375 0.138671875 0.615234375 0.19677734375 0.6201171875 0.22509765625 0.6416015625 0.0 0.8173828125
1 0.0 0.6376953125 0.05810546875 0.607421875 0.1015625 0.6083984375 0.11181640625 0.5791015625 0.1611328125 0.5517578125 0.1767578125 0.4921875 0.14306640625 0.5078125 0.0712890625 0.52734375 0.0009765625 0.546875 0.0 0.6240234375
9 0.59375 0.4638671875 0.59912109375 0.46484375 0.607421875 0.4658203125 0.6123046875 0.46484375 0.6142578125 0.4638671875 0.61474609375 0.4619140625 0.6123046875 0.4609375 0.61083984375 0.4599609375 0.60888671875 0.4599609375 0.603515625 0.4599609375 0.6005859375 0.4599609375 0.5947265625 0.458984375 0.5927734375 0.4599609375 0.59130859375 0.4560546875 0.5908203125 0.4521484375 0.58837890625 0.451171875 0.5849609375 0.451171875 0.58349609375 0.4541015625 0.5810546875 0.45703125 0.5849609375 0.46875 0.5888671875 0.4697265625 0.59375 0.4697265625 0.59521484375 0.46875 0.5947265625 0.466796875
1 0.66259765625 0.4755859375 0.64453125 0.4794921875 0.6357421875 0.484375 0.6240234375 0.486328125 0.61767578125 0.48828125 0.61328125 0.4921875 0.6064453125 0.498046875 0.6025390625 0.5029296875 0.6015625 0.5087890625 0.60107421875 0.5126953125 0.6005859375 0.5166015625 0.6005859375 0.5234375 0.60205078125 0.5302734375 0.603515625 0.5361328125 0.6123046875 0.5556640625 0.61865234375 0.5673828125 0.62646484375 0.580078125 0.6416015625 0.6005859375 0.75439453125 0.7255859375 0.8671875 0.8427734375 0.99951171875 0.97265625 0.99951171875 0.615234375 0.87353515625 0.578125 0.79296875 0.5498046875 0.76171875 0.5322265625 0.728515625 0.5263671875 0.71435546875 0.521484375 0.70458984375 0.51171875 0.705078125 0.453125 0.671875 0.4609375
5 0.57568359375 0.2509765625 0.572265625 0.4375 0.57470703125 0.43359375 0.57470703125 0.421875 0.5771484375 0.2568359375
5 0.373046875 0.23046875 0.37060546875 0.4189453125 0.373046875 0.41796875 0.375 0.41015625 0.376953125 0.2197265625 0.373046875 0.22265625
7 0.4501953125 0.3525390625 0.45458984375 0.3505859375 0.47021484375 0.3505859375 0.47021484375 0.3447265625 0.453125 0.34375
5 0.59326171875 0.365234375 0.591796875 0.451171875 0.59326171875 0.4501953125 0.59326171875 0.4501953125 0.59375 0.4189453125 0.5947265625 0.3466796875
8 0.08740234375 0.0087890625 0.103515625 0.0244140625 0.107421875 0.04296875 0.10595703125 0.0546875 0.11865234375 0.0634765625 0.1259765625 0.0703125 0.12744140625 0.08203125 0.12158203125 0.0908203125 0.12451171875 0.1005859375 0.11328125 0.1123046875 0.11181640625 0.119140625 0.11181640625 0.1298828125 0.10888671875 0.1416015625 0.10888671875 0.142578125 0.1181640625 0.1435546875 0.13720703125 0.1669921875 0.1484375 0.1796875 0.1630859375 0.212890625 0.17041015625 0.1982421875 0.17822265625 0.1982421875 0.18603515625 0.203125 0.19189453125 0.203125 0.21044921875 0.2021484375 0.21875 0.197265625 0.2109375 0.189453125 0.2099609375 0.1875 0.20751953125 0.1708984375 0.21337890625 0.15625 0.21875 0.162109375 0.2197265625 0.158203125 0.22265625 0.142578125 0.2265625 0.1337890625 0.2294921875 0.123046875 0.23583984375 0.107421875 0.23876953125 0.09765625 0.2451171875 0.1025390625 0.24951171875 0.1201171875 0.24609375 0.1328125 0.244140625 0.1513671875 0.24365234375 0.1826171875 0.24560546875 0.2265625 0.25048828125 0.240234375 0.25146484375 0.2490234375 0.25537109375 0.25390625 0.255859375 0.26171875 0.25927734375 0.26953125 0.26220703125 0.2802734375 0.26318359375 0.283203125 0.26416015625 0.2841796875 0.265625 0.287109375 0.26953125 0.2890625 0.2705078125 0.29296875 0.26318359375 0.298828125 0.2626953125 0.298828125 0.2626953125 0.3076171875 0.26611328125 0.306640625 0.2685546875 0.3046875 0.27294921875 0.302734375 0.275390625 0.30078125 0.27880859375 0.30078125 0.27978515625 0.3046875 0.27880859375 0.31640625 0.27587890625 0.3466796875 0.2724609375 0.3603515625 0.2705078125 0.376953125 0.26513671875 0.404296875 0.26513671875 0.4150390625 0.2783203125 0.40625 0.2763671875 0.384765625 0.27978515625 0.3623046875 0.2841796875 0.337890625 0.28564453125 0.3251953125 0.28759765625 0.2998046875 0.2890625 0.291015625 0.2900390625 0.2841796875 0.29150390625 0.27734375 0.29345703125 0.2763671875 0.2939453125 0.2763671875 0.29833984375 0.275390625 0.3017578125 0.275390625 0.3037109375 0.2734375 0.30517578125 0.2666015625 0.30615234375 0.2646484375 0.30859375 0.265625 0.31005859375 0.265625 0.31298828125 0.26953125 0.31640625 0.2705078125 0.3193359375 0.26953125 0.3203125 0.2646484375 0.3203125 0.2578125 0.31787109375 0.2578125 0.32080078125 0.251953125 0.32470703125 0.25390625 0.32958984375 0.25390625 0.33154296875 0.2529296875 0.33154296875 0.248046875 0.3310546875 0.2421875 0.33447265625 0.2412109375 0.33740234375 0.2373046875 0.3388671875 0.2294921875 0.34130859375 0.2265625 0.3447265625 0.2236328125 0.345703125 0.2255859375 0.34765625 0.224609375 0.3515625 0.2265625 0.353515625 0.2265625 0.3564453125 0.2265625 0.35986328125 0.2265625 0.369140625 0.2275390625 0.373046875 0.2265625 0.3759765625 0.228515625 0.37890625 0.228515625 0.38037109375 0.228515625 0.3818359375 0.2294921875 0.388671875 0.234375 0.3876953125 0.2705078125 0.384765625 0.283203125 0.384765625 0.291015625 0.3828125 0.3212890625 0.38134765625 0.3603515625 0.37939453125 0.3828125 0.37744140625 0.4072265625 0.36474609375 0.474609375 0.3857421875 0.4599609375 0.39111328125 0.427734375 0.3916015625 0.404296875 0.392578125 0.3837890625 0.3955078125 0.3310546875 0.39794921875 0.306640625 0.39892578125 0.2978515625 0.39892578125 0.2802734375 0.39892578125 0.26953125 0.39892578125 0.248046875 0.3994140625 0.2373046875 0.40234375 0.236328125 0.40673828125 0.2373046875 0.41064453125 0.236328125 0.41259765625 0.23046875 0.4130859375 0.2255859375 0.4169921875 0.22265625 0.42138671875 0.216796875 0.42529296875 0.21875 0.42724609375 0.2177734375 0.4296875 0.216796875 0.42626953125 0.2724609375 0.42431640625 0.30859375 0.4228515625 0.3623046875 0.42138671875 0.3779296875 0.421875 0.39453125 0.4228515625 0.421875 0.42236328125 0.44140625 0.421875 0.4501953125 0.42333984375 0.4814453125 0.43310546875 0.45703125 0.43212890625 0.4296875 0.43115234375 0.4072265625 0.4306640625 0.3818359375 0.4326171875 0.3603515625 0.43310546875 0.341796875 0.43359375 0.3173828125 0.43359375 0.291015625 0.4345703125 0.263671875 0.43701171875 0.2333984375 0.4365234375 0.2158203125 0.439453125 0.2216796875 0.44287109375 0.2265625 0.44384765625 0.2373046875 0.4443359375 0.2861328125 0.4453125 0.3212890625 0.4453125 0.345703125 0.44384765625 0.3583984375 0.44482421875 0.3837890625 0.4443359375 0.4453125 0.451171875 0.439453125 0.4541015625 0.416015625 0.45361328125 0.3798828125 0.45263671875 0.353515625 0.4560546875 0.328125 0.45947265625 0.294921875 0.46240234375 0.263671875 0.4638671875 0.2509765625 0.46533203125 0.2548828125 0.46923828125 0.2607421875 0.4716796875 0.2626953125 0.47802734375 0.2724609375 0.4814453125 0.2744140625 0.48291015625 0.2822265625 0.482421875 0.3291015625 0.48291015625 0.3525390625 0.48291015625 0.376953125 0.4833984375 0.384765625 0.484375 0.400390625 0.486328125 0.4384765625 0.4921875 0.431640625 0.49365234375 0.4052734375 0.4931640625 0.359375 0.4921875 0.3232421875 0.49169921875 0.2861328125 0.4921875 0.25390625 0.4931640625 0.2509765625 0.49462890625 0.25 0.49560546875 0.2529296875 0.49951171875 0.2626953125 0.50244140625 0.2705078125 0.5048828125 0.283203125 0.50634765625 0.2958984375 0.5068359375 0.2998046875 0.505859375 0.3427734375 0.505859375 0.3671875 0.5068359375 0.3994140625 0.5068359375 0.4169921875 0.50830078125 0.4423828125 0.51220703125 0.44140625 0.51416015625 0.419921875 0.5126953125 0.384765625 0.51220703125 0.3583984375 0.51220703125 0.330078125 0.5126953125 0.3076171875 0.51513671875 0.2998046875 0.51806640625 0.29296875 0.51708984375 0.28515625 0.52001953125 0.2822265625 0.52197265625 0.2783203125 0.525390625 0.275390625 0.52880859375 0.275390625 0.5341796875 0.271484375 0.53759765625 0.2685546875 0.54345703125 0.259765625 0.548828125 0.2587890625 0.55615234375 0.25 0.564453125 0.251953125 0.5673828125 0.2568359375 0.56640625 0.2626953125 0.5673828125 0.271484375 0.5712890625 0.2705078125 0.57177734375 0.271484375 0.57568359375 0.263671875 0.578125 0.2626953125 0.5830078125 0.2607421875 0.58203125 0.265625 0.58251953125 0.2734375 0.57763671875 0.27734375 0.57470703125 0.2783203125 0.5771484375 0.28515625 0.57861328125 0.2880859375 0.57958984375 0.29296875 0.5810546875 0.2958984375 0.58154296875 0.330078125 0.58203125 0.3486328125 0.58154296875 0.3642578125 0.580078125 0.3857421875 0.57861328125 0.40625 0.578125 0.41796875 0.5771484375 0.447265625 0.5810546875 0.4482421875 0.58154296875 0.4404296875 0.58203125 0.4384765625 0.58251953125 0.423828125 0.583984375 0.396484375 0.5849609375 0.37890625 0.5859375 0.3681640625 0.58837890625 0.365234375 0.58984375 0.3662109375 0.5927734375 0.365234375 0.5966796875 0.365234375 0.59765625 0.3681640625 0.5986328125 0.3720703125 0.60009765625 0.373046875 0.60107421875 0.3720703125 0.6015625 0.373046875 0.60205078125 0.3828125 0.6005859375 0.3994140625 0.6005859375 0.412109375 0.6005859375 0.431640625 0.6005859375 0.4384765625 0.60205078125 0.4365234375 0.60302734375 0.4287109375 0.603515625 0.40234375 0.6044921875 0.39453125 0.6044921875 0.388671875 0.6044921875 0.380859375 0.60693359375 0.3740234375 0.60888671875 0.3662109375 0.61181640625 0.3623046875 0.61376953125 0.3623046875 0.61572265625 0.3642578125 0.6201171875 0.3623046875 0.623046875 0.359375 0.62548828125 0.353515625 0.62646484375 0.3427734375 0.62646484375 0.3369140625 0.62548828125 0.33203125 0.6259765625 0.32421875 0.62548828125 0.3173828125 0.62646484375 0.3115234375 0.625 0.3046875 0.625 0.298828125 0.62451171875 0.28515625 0.62939453125 0.2890625 0.6318359375 0.294921875 0.63525390625 0.2958984375 0.64404296875 0.296875 0.65673828125 0.2705078125 0.6708984375 0.208984375 0.65087890625 0.2021484375 0.64794921875 0.1904296875 0.65087890625 0.1826171875 0.6513671875 0.173828125 0.6494140625 0.1630859375 0.64404296875 0.1494140625 0.642578125 0.1435546875 0.64306640625 0.1376953125 0.646484375 0.140625 0.6484375 0.14453125 0.6552734375 0.1455078125 0.65576171875 0.138671875 0.65283203125 0.12890625 0.6513671875 0.123046875 0.6533203125 0.12109375 0.6591796875 0.1201171875 0.65966796875 0.1123046875 0.6591796875 0.1083984375 0.6552734375 0.1142578125 0.6533203125 0.1123046875 0.65478515625 0.1064453125 0.6513671875 0.103515625 0.6455078125 0.107421875 0.64208984375 0.1083984375 0.63720703125 0.109375 0.63330078125 0.099609375 0.6357421875 0.09375 0.63916015625 0.0947265625 0.6484375 0.0927734375 0.65087890625 0.087890625 0.64697265625 0.08203125 0.6474609375 0.076171875 0.646484375 0.0732421875 0.64306640625 0.072265625 0.64111328125 0.0732421875 0.63818359375 0.0693359375 0.63330078125 0.06640625 0.62646484375 0.06640625 0.62109375 0.078125 0.6171875 0.0859375 0.61279296875 0.0859375 0.61474609375 0.076171875 0.6201171875 0.0703125 0.62109375 0.060546875 0.6259765625 0.0595703125 0.6259765625 0.0556640625 0.6201171875 0.0556640625 0.61865234375 0.0478515625 0.62158203125 0.044921875 0.6240234375 0.0439453125 0.625 0.0390625 0.625 0.03515625 0.6240234375 0.0322265625 0.62255859375 0.03125 0.6240234375 0.0166015625 0.61865234375 0.0126953125 0.61669921875 0.0146484375 0.61572265625 0.01171875 0.6171875 0.0107421875 0.61865234375 0.0078125 0.619140625 0.00390625 0.6181640625 0.0 0.08447265625 0.0
8 0.677734375 0.1337890625 0.6845703125 0.1435546875 0.68505859375 0.1552734375 0.68505859375 0.166015625 0.6865234375 0.169921875 0.689453125 0.1767578125 0.6904296875 0.185546875 0.69287109375 0.1982421875 0.6953125 0.2158203125 0.69580078125 0.22265625 0.6953125 0.2265625 0.6943359375 0.2392578125 0.69580078125 0.2431640625 0.697265625 0.2548828125 0.69873046875 0.2626953125 0.701171875 0.2705078125 0.70263671875 0.2724609375 0.703125 0.275390625 0.70361328125 0.2939453125 0.7060546875 0.302734375 0.70703125 0.3544921875 0.70361328125 0.3681640625 0.7001953125 0.384765625 0.6982421875 0.392578125 0.69775390625 0.3994140625 0.6962890625 0.404296875 0.6923828125 0.4072265625 0.6904296875 0.4033203125 0.689453125 0.3896484375 0.68798828125 0.384765625 0.68603515625 0.3779296875 0.68408203125 0.376953125 0.6826171875 0.380859375 0.6806640625 0.388671875 0.67919921875 0.39453125 0.6787109375 0.416015625 0.6767578125 0.435546875 0.6767578125 0.4443359375 0.6767578125 0.466796875 0.67529296875 0.4716796875 0.6748046875 0.466796875 0.6748046875 0.45703125 0.67431640625 0.4453125 0.6748046875 0.4326171875 0.6748046875 0.4248046875 0.67431640625 0.40625 0.673828125 0.3935546875 0.67236328125 0.3798828125 0.669921875 0.3828125 0.66748046875 0.392578125 0.6650390625 0.3994140625 0.6630859375 0.439453125 0.66259765625 0.4453125 0.66162109375 0.4453125 0.6611328125 0.4453125 0.6611328125 0.4423828125 0.6611328125 0.427734375 0.66162109375 0.4052734375 0.6611328125 0.400390625 0.6572265625 0.3828125 0.65478515625 0.3798828125 0.6494140625 0.373046875 0.64697265625 0.37109375 0.64794921875 0.361328125 0.64794921875 0.359375 0.646484375 0.3447265625 0.64697265625 0.3349609375 0.6474609375 0.326171875 0.6474609375 0.3193359375 0.64794921875 0.3125 0.64892578125 0.3046875 0.6455078125 0.2978515625 0.6455078125 0.2939453125 0.64697265625 0.2861328125 0.64697265625 0.2861328125 0.6484375 0.2763671875 0.6494140625 0.2685546875 0.65087890625 0.2568359375 0.650390625 0.248046875 0.6513671875 0.2373046875 0.65380859375 0.2294921875 0.65380859375 0.2216796875 0.654296875 0.2158203125 0.6552734375 0.2109375 0.65625 0.2041015625 0.65869140625 0.1982421875 0.662109375 0.1806640625 0.6640625 0.16796875 0.66748046875 0.146484375 0.669921875 0.1435546875 0.67138671875 0.138671875 0.6728515625 0.1337890625 0.673828125 0.1328125
8 0.53955078125 0.2900390625 0.53955078125 0.296875 0.53662109375 0.3056640625 0.5341796875 0.3134765625 0.529296875 0.3212890625 0.529296875 0.330078125 0.52880859375 0.3408203125 0.52880859375 0.3447265625 0.52978515625 0.3486328125 0.5302734375 0.353515625 0.5283203125 0.357421875 0.52587890625 0.3505859375 0.5244140625 0.3564453125 0.5244140625 0.361328125 0.52490234375 0.3671875 0.52734375 0.369140625 0.53125 0.3701171875 0.53173828125 0.373046875 0.5322265625 0.376953125 0.53369140625 0.3798828125 0.53466796875 0.3818359375 0.537109375 0.388671875 0.5380859375 0.3916015625 0.5390625 0.392578125 0.53759765625 0.43359375 0.53955078125 0.4306640625 0.5400390625 0.4248046875 0.54052734375 0.3955078125 0.5419921875 0.390625 0.5439453125 0.3857421875 0.54638671875 0.3828125 0.55126953125 0.3798828125 0.5537109375 0.376953125 0.5556640625 0.376953125 0.5576171875 0.3740234375 0.55908203125 0.3720703125 0.55908203125 0.3662109375 0.5576171875 0.3603515625 0.5546875 0.3642578125 0.552734375 0.3671875 0.5498046875 0.3662109375 0.55419921875 0.359375 0.5556640625 0.35546875 0.5576171875 0.345703125 0.55712890625 0.3427734375 0.55517578125 0.34375 0.55322265625 0.3486328125 0.5517578125 0.353515625 0.5498046875 0.357421875 0.54833984375 0.3564453125 0.546875 0.353515625 0.5478515625 0.3486328125 0.54931640625 0.34375 0.55029296875 0.337890625 0.55029296875 0.3349609375 0.55126953125 0.32421875 0.55029296875 0.314453125 0.548828125 0.306640625 0.54736328125 0.298828125 0.546875 0.302734375 0.546875 0.3095703125 0.5439453125 0.3095703125 0.54296875 0.3056640625 0.54345703125 0.298828125 0.54345703125 0.29296875 0.54296875 0.2880859375 0.54150390625 0.287109375 0.5400390625 0.287109375
13 0.64453125 0.435546875 0.6513671875 0.4287109375 0.65576171875 0.427734375 0.65673828125 0.431640625 0.6572265625 0.4404296875 0.658203125 0.44140625 0.65869140625 0.4453125 0.65869140625 0.451171875 0.658203125 0.4521484375 0.65625 0.453125 0.65576171875 0.451171875 0.6552734375 0.4482421875
13 0.63427734375 0.439453125 0.64404296875 0.427734375 0.64697265625 0.427734375 0.65234375 0.4287109375 0.65380859375 0.4365234375 0.654296875 0.4404296875 0.6552734375 0.4482421875 0.6552734375 0.4521484375 0.654296875 0.453125 0.6533203125 0.453125 0.65234375 0.453125 0.6513671875 0.4521484375 0.65087890625 0.451171875 0.64794921875 0.4521484375 0.64306640625 0.4521484375 0.6416015625 0.4482421875 0.64208984375 0.44921875 0.6416015625 0.4453125
13 0.62158203125 0.4365234375 0.63232421875 0.4267578125 0.6357421875 0.4287109375 0.63671875 0.431640625 0.63916015625 0.4375 0.6376953125 0.4443359375 0.6328125 0.443359375
13 0.61962890625 0.4404296875 0.625 0.427734375 0.62939453125 0.4267578125 0.6318359375 0.427734375 0.63427734375 0.4306640625 0.63525390625 0.435546875 0.63623046875 0.4375 0.63623046875 0.4423828125 0.63623046875 0.4453125 0.63623046875 0.44921875 0.6357421875 0.4541015625 0.63427734375 0.4541015625 0.6328125 0.4541015625 0.6328125 0.4560546875 0.6328125 0.45703125 0.63232421875 0.458984375 0.63134765625 0.458984375 0.630859375 0.45703125 0.6298828125 0.4560546875 0.626953125 0.4560546875 0.62158203125 0.451171875
13 0.6083984375 0.4423828125 0.60986328125 0.427734375 0.61181640625 0.42578125 0.61669921875 0.4248046875 0.62255859375 0.42578125 0.62451171875 0.427734375 0.62548828125 0.4306640625 0.6259765625 0.435546875 0.6259765625 0.4404296875 0.62646484375 0.44921875 0.62646484375 0.453125 0.62646484375 0.45703125 0.6259765625 0.4609375 0.625 0.4609375 0.62353515625 0.45703125 0.62255859375 0.458984375 0.62255859375 0.4599609375 0.62255859375 0.4609375 0.62158203125 0.4609375 0.6201171875 0.4609375 0.6181640625 0.4599609375 0.6142578125 0.451171875
5 0.46875 0.3759765625 0.4677734375 0.412109375 0.4697265625 0.41015625 0.47021484375 0.3759765625
8 0.38818359375 0.44921875 0.39306640625 0.4365234375 0.39892578125 0.4375 0.4013671875 0.439453125 0.404296875 0.4423828125 0.408203125 0.4453125 0.4111328125 0.4453125 0.41552734375 0.4482421875 0.42041015625 0.4482421875 0.4228515625 0.451171875 0.427734375 0.45703125 0.42919921875 0.4599609375 0.4296875 0.466796875 0.42529296875 0.478515625 0.42138671875 0.4912109375 0.4169921875 0.4912109375 0.416015625 0.4931640625 0.4130859375 0.498046875 0.41015625 0.501953125 0.41162109375 0.509765625 0.41162109375 0.5146484375 0.4091796875 0.515625 0.40478515625 0.5166015625 0.40234375 0.515625 0.39990234375 0.515625 0.3955078125 0.5146484375 0.3935546875 0.5146484375 0.38916015625 0.4873046875
13 0.59619140625 0.4453125 0.5986328125 0.4365234375 0.60107421875 0.4306640625 0.60302734375 0.4287109375 0.60546875 0.4287109375 0.61181640625 0.4287109375 0.6142578125 0.4287109375 0.61572265625 0.431640625 0.6171875 0.4365234375 0.6181640625 0.439453125 0.6181640625 0.4443359375 0.6181640625 0.44921875 0.61865234375 0.44921875 0.619140625 0.451171875 0.619140625 0.451171875 0.619140625 0.4541015625 0.619140625 0.45703125 0.61865234375 0.4609375 0.61767578125 0.4609375 0.61669921875 0.4609375 0.61474609375 0.4599609375 0.6142578125 0.4609375 0.6083984375 0.462890625 0.59765625 0.4619140625 0.595703125 0.458984375 0.595703125 0.455078125 0.595703125 0.4501953125
13 0.55224609375 0.451171875 0.5615234375 0.4287109375 0.56982421875 0.4287109375 0.57763671875 0.4296875 0.5791015625 0.43359375 0.580078125 0.4375 0.58251953125 0.4482421875 0.5830078125 0.4501953125 0.583984375 0.4521484375 0.58447265625 0.453125 0.58447265625 0.458984375 0.58447265625 0.462890625 0.583984375 0.466796875 0.58447265625 0.47265625 0.583984375 0.474609375 0.58203125 0.4765625 0.57958984375 0.4765625 0.5791015625 0.474609375 0.5791015625 0.4736328125 0.578125 0.47265625 0.57763671875 0.47265625 0.578125 0.474609375 0.57763671875 0.4765625 0.576171875 0.4765625 0.5751953125 0.4765625 0.5732421875 0.4755859375 0.57275390625 0.4736328125 0.572265625 0.47265625 0.5712890625 0.4716796875 0.56591796875 0.4697265625
13 0.53369140625 0.44140625 0.55322265625 0.4287109375 0.5576171875 0.4287109375 0.5595703125 0.4287109375 0.560546875 0.4296875 0.5615234375 0.4306640625 0.56298828125 0.4326171875 0.564453125 0.4375 0.5654296875 0.44140625 0.56640625 0.4443359375 0.56640625 0.4521484375 0.56689453125 0.45703125 0.5673828125 0.46484375 0.56787109375 0.4697265625 0.56787109375 0.474609375 0.56787109375 0.4765625 0.5673828125 0.4775390625 0.56591796875 0.478515625 0.564453125 0.478515625 0.56396484375 0.4765625 0.56298828125 0.4755859375 0.5615234375 0.47265625
13 0.51416015625 0.4560546875 0.5205078125 0.4423828125 0.52294921875 0.4375 0.52587890625 0.4306640625 0.52783203125 0.4296875 0.53173828125 0.427734375 0.53662109375 0.427734375 0.54150390625 0.4267578125 0.5458984375 0.4267578125 0.5498046875 0.4267578125 0.5517578125 0.4267578125 0.5537109375 0.4306640625 0.55419921875 0.43359375 0.5546875 0.435546875 0.5576171875 0.439453125 0.55859375 0.4423828125 0.55859375 0.4482421875 0.5595703125 0.453125 0.560546875 0.45703125 0.5615234375 0.4599609375 0.56201171875 0.466796875 0.5615234375 0.4736328125 0.5615234375 0.4765625 0.560546875 0.4794921875 0.5595703125 0.48046875 0.5576171875 0.48046875 0.55712890625 0.48046875 0.5556640625 0.4794921875 0.5556640625 0.4775390625 0.5556640625 0.4765625 0.55322265625 0.4765625 0.55322265625 0.478515625 0.55322265625 0.48046875 0.55224609375 0.4814453125 0.55029296875 0.4833984375 0.5478515625 0.4833984375 0.54736328125 0.4833984375 0.546875 0.4794921875 0.544921875 0.478515625 0.54150390625 0.478515625 0.53564453125 0.478515625 0.5283203125 0.478515625 0.52197265625 0.4765625 0.51513671875 0.4638671875
13 0.4873046875 0.4541015625 0.49853515625 0.4248046875 0.501953125 0.4248046875 0.51025390625 0.42578125 0.51171875 0.42578125 0.51318359375 0.4306640625 0.51416015625 0.43359375 0.5166015625 0.4384765625 0.5185546875 0.44140625 0.52001953125 0.4443359375 0.5224609375 0.451171875 0.5234375 0.4541015625 0.5234375 0.458984375 0.52392578125 0.4619140625 0.52490234375 0.462890625 0.52490234375 0.4658203125 0.52490234375 0.46875 0.5244140625 0.4697265625 0.5234375 0.4755859375 0.5234375 0.4794921875 0.5234375 0.486328125 0.52294921875 0.4892578125 0.52197265625 0.490234375 0.51953125 0.4912109375 0.51806640625 0.4912109375 0.51708984375 0.490234375 0.5166015625 0.4853515625 0.51220703125 0.486328125 0.51220703125 0.4873046875 0.51220703125 0.490234375 0.51171875 0.4921875 0.5107421875 0.4931640625 0.509765625 0.4951171875 0.50732421875 0.4951171875 0.5068359375 0.4931640625 0.505859375 0.4912109375 0.505859375 0.4892578125 0.505859375 0.48828125 0.501953125 0.486328125
5 0.4697265625 0.3681640625 0.46923828125 0.4296875 0.4736328125 0.427734375 0.4716796875 0.4091796875 0.47265625 0.3173828125 0.470703125 0.3173828125
13 0.44677734375 0.4443359375 0.45654296875 0.4208984375 0.45947265625 0.4140625 0.46240234375 0.412109375 0.4658203125 0.41015625 0.470703125 0.41015625 0.4765625 0.41015625 0.4873046875 0.41015625 0.4931640625 0.412109375 0.49462890625 0.4130859375 0.49853515625 0.423828125 0.5 0.431640625 0.5009765625 0.435546875 0.50244140625 0.4375 0.50341796875 0.439453125 0.50244140625 0.4423828125 0.50244140625 0.4453125 0.501953125 0.447265625 0.501953125 0.4521484375 0.50244140625 0.4541015625 0.50390625 0.455078125 0.50341796875 0.4658203125 0.50390625 0.46875 0.50390625 0.4765625 0.50439453125 0.4833984375 0.50439453125 0.48828125 0.50439453125 0.49609375 0.50390625 0.498046875 0.50244140625 0.4990234375 0.50146484375 0.4990234375 0.5 0.4970703125 0.5 0.4931640625 0.4990234375 0.4921875 0.49853515625 0.4931640625 0.49853515625 0.5 0.49853515625 0.5029296875 0.49755859375 0.5048828125 0.49658203125 0.5048828125 0.494140625 0.5048828125 0.49365234375 0.5048828125 0.4931640625 0.50390625 0.49267578125 0.5029296875 0.4921875 0.5009765625 0.4921875 0.498046875 0.48681640625 0.498046875 0.484375 0.4970703125
13 0.42236328125 0.4755859375 0.423828125 0.46875 0.42626953125 0.4638671875 0.42919921875 0.4541015625 0.4296875 0.4521484375 0.43115234375 0.4453125 0.43310546875 0.4365234375 0.43408203125 0.4326171875 0.43603515625 0.4287109375 0.44189453125 0.423828125 0.4482421875 0.4208984375 0.46044921875 0.4208984375 0.47412109375 0.423828125 0.4765625 0.42578125 0.47998046875 0.4326171875 0.48291015625 0.4453125 0.48388671875 0.44921875 0.48291015625 0.4541015625 0.4833984375 0.45703125 0.484375 0.4599609375 0.484375 0.462890625 0.48388671875 0.4658203125 0.4833984375 0.4677734375 0.48388671875 0.4697265625 0.48486328125 0.478515625 0.486328125 0.48828125 0.486328125 0.4931640625 0.486328125 0.4990234375 0.486328125 0.5048828125 0.486328125 0.5087890625 0.48486328125 0.5087890625 0.4833984375 0.509765625 0.48291015625 0.513671875 0.4814453125 0.5146484375 0.47998046875 0.5146484375 0.4775390625 0.513671875 0.47607421875 0.5126953125 0.4755859375 0.51171875 0.47509765625 0.509765625 0.474609375 0.5068359375 0.4736328125 0.5029296875 0.46630859375 0.5048828125 0.462890625 0.5068359375 0.45703125 0.5068359375 0.44970703125 0.5068359375 0.44384765625 0.5068359375 0.4384765625 0.5048828125 0.4345703125 0.50390625 0.43310546875 0.5048828125 0.43310546875 0.5126953125 0.43212890625 0.5146484375 0.4306640625 0.5166015625 0.42919921875 0.5166015625 0.42626953125 0.5166015625 0.423828125 0.515625 0.4228515625 0.51171875 0.421875 0.5078125 0.42236328125 0.49609375 0.42236328125 0.48828125 0.4228515625 0.484375 0.421875 0.48046875
13 0.3134765625 0.4775390625 0.33251953125 0.41015625 0.349609375 0.408203125 0.36376953125 0.408203125 0.37109375 0.4130859375 0.37646484375 0.4140625 0.37744140625 0.4169921875 0.384765625 0.439453125 0.388671875 0.4453125 0.39306640625 0.453125 0.39453125 0.47265625 0.3935546875 0.4775390625 0.39501953125 0.4873046875 0.39453125 0.5146484375 0.3935546875 0.5224609375 0.392578125 0.5244140625 0.38916015625 0.5244140625 0.38671875 0.5244140625 0.38525390625 0.5234375 0.38330078125 0.521484375 0.3828125 0.515625 0.38037109375 0.515625 0.3798828125 0.521484375 0.37890625 0.5263671875 0.376953125 0.5302734375 0.375 0.5322265625 0.37255859375 0.533203125 0.3701171875 0.533203125 0.36669921875 0.533203125 0.36376953125 0.5283203125 0.3623046875 0.5224609375 0.36083984375 0.51953125 0.3505859375 0.51953125 0.34619140625 0.513671875 0.3203125 0.48828125
13 0.2744140625 0.462890625 0.294921875 0.4052734375 0.3037109375 0.4052734375 0.31494140625 0.4072265625 0.32666015625 0.4091796875 0.3310546875 0.41015625 0.33837890625 0.4189453125 0.34130859375 0.427734375 0.34619140625 0.4443359375 0.34716796875 0.451171875 0.34912109375 0.4541015625 0.35107421875 0.4560546875 0.3515625 0.4599609375 0.35205078125 0.4658203125 0.3515625 0.474609375 0.35107421875 0.48046875 0.35107421875 0.486328125 0.35107421875 0.4892578125 0.35107421875 0.4951171875 0.3515625 0.4970703125 0.3525390625 0.5029296875 0.3525390625 0.5205078125 0.3515625 0.5361328125 0.35009765625 0.541015625 0.34716796875 0.5439453125 0.34326171875 0.5439453125 0.34033203125 0.54296875 0.33935546875 0.5380859375 0.3388671875 0.53125 0.3369140625 0.5283203125 0.33203125 0.5283203125 0.3212890625 0.5302734375 0.3212890625 0.53515625 0.32080078125 0.5400390625 0.3193359375 0.544921875 0.3173828125 0.548828125 0.31494140625 0.5517578125 0.31201171875 0.5556640625 0.30859375 0.5556640625 0.3046875 0.55078125 0.2939453125 0.5185546875
13 0.18115234375 0.44921875 0.1962890625 0.404296875 0.201171875 0.390625 0.2080078125 0.3857421875 0.21337890625 0.3837890625 0.228515625 0.384765625 0.24365234375 0.384765625 0.271484375 0.3857421875 0.2861328125 0.3896484375 0.28955078125 0.396484375 0.29150390625 0.4052734375 0.29541015625 0.4208984375 0.29833984375 0.4423828125 0.30322265625 0.44921875 0.30712890625 0.4599609375 0.30712890625 0.4736328125 0.30615234375 0.4833984375 0.30615234375 0.4970703125 0.30810546875 0.5048828125 0.30810546875 0.5185546875 0.30908203125 0.5341796875 0.3095703125 0.552734375 0.3076171875 0.564453125 0.30224609375 0.5703125 0.2958984375 0.5673828125 0.29248046875 0.5634765625 0.29150390625 0.5556640625 0.28759765625 0.556640625 0.283203125 0.560546875 0.283203125 0.5693359375 0.283203125 0.57421875 0.2822265625 0.5791015625 0.28125 0.583984375 0.27880859375 0.58984375 0.27734375 0.5927734375 0.27490234375 0.5927734375 0.27197265625 0.5927734375 0.26904296875 0.5908203125 0.265625 0.583984375 0.26513671875 0.5810546875 0.26416015625 0.5732421875 0.263671875 0.56640625 0.26220703125 0.5615234375 0.255859375 0.564453125 0.24560546875 0.5693359375 0.23388671875 0.572265625 0.21533203125 0.57421875 0.185546875 0.5615234375 0.1826171875 0.580078125 0.18017578125 0.583984375 0.17431640625 0.5849609375 0.1689453125 0.5849609375 0.162109375 0.5810546875 0.16015625 0.578125 0.15869140625 0.560546875 0.15673828125 0.5546875 0.15625 0.509765625 0.15869140625 0.474609375 0.166015625 0.4677734375 0.171875 0.4619140625 0.1767578125 0.4541015625
9 0.0576171875 0.609375 0.2158203125 0.65234375 0.25927734375 0.6083984375 0.11181640625 0.576171875
9 0.80810546875 0.728515625 0.91845703125 0.70703125 0.99951171875 0.81640625 0.99951171875 0.89453125
7 0.46484375 0.3359375 0.4765625 0.3369140625 0.4775390625 0.33984375 0.4755859375 0.345703125 0.46533203125 0.34765625
8 0.15869140625 0.5947265625 0.1640625 0.1904296875 0.1572265625 0.1904296875 0.1513671875 0.5947265625
13 0.67724609375 0.4501953125 0.6865234375 0.4326171875 0.6953125 0.43359375 0.69677734375 0.43359375 0.697265625 0.439453125 0.69970703125 0.443359375 0.701171875 0.4453125 0.70068359375 0.44921875 0.701171875 0.4560546875 0.70166015625 0.4619140625 0.70166015625 0.46484375 0.70068359375 0.4677734375 0.6982421875 0.4677734375 0.697265625 0.46875 0.6962890625 0.466796875 0.69384765625 0.46484375
13 0.6630859375 0.4736328125 0.66259765625 0.455078125 0.6640625 0.4521484375 0.6650390625 0.44921875 0.66552734375 0.447265625 0.66650390625 0.4423828125 0.6669921875 0.4365234375 0.66845703125 0.435546875 0.67529296875 0.43359375 0.6796875 0.4326171875 0.68408203125 0.435546875 0.6865234375 0.435546875 0.68896484375 0.4619140625 0.6865234375 0.466796875 0.677734375 0.4716796875
11 0.689453125 0.44140625 0.69091796875 0.4443359375 0.69140625 0.44921875 0.6923828125 0.4560546875 0.69384765625 0.4638671875 0.69287109375 0.46875 0.69140625 0.4697265625 0.69091796875 0.47265625 0.689453125 0.47265625 0.68798828125 0.462890625 0.6865234375 0.4599609375 0.685546875 0.4541015625 0.68359375 0.4521484375 0.6826171875 0.4501953125 0.6826171875 0.44140625 0.68359375 0.4375 0.6845703125 0.435546875 0.6845703125 0.431640625 0.68603515625 0.4306640625 0.68701171875 0.4306640625 0.68798828125 0.4326171875 0.68798828125 0.4375 0.6884765625 0.439453125
18 0.66748046875 0.4609375 0.66650390625 0.46484375 0.666015625 0.4677734375 0.666015625 0.4697265625 0.66650390625 0.47265625 0.6669921875 0.474609375 0.66796875 0.4755859375 0.669921875 0.4765625 0.67236328125 0.4765625 0.67431640625 0.474609375 0.67626953125 0.4677734375 0.6767578125 0.466796875 0.67822265625 0.466796875 0.6796875 0.466796875 0.6806640625 0.4677734375 0.68212890625 0.4677734375 0.6826171875 0.4716796875 0.68359375 0.474609375 0.6845703125 0.4755859375 0.68701171875 0.4755859375 0.68994140625 0.4736328125 0.6904296875 0.4677734375 0.68994140625 0.4638671875 0.689453125 0.4609375 0.6865234375 0.45703125 0.68505859375 0.4560546875 0.68359375 0.45703125 0.68115234375 0.45703125 0.67919921875 0.45703125 0.6767578125 0.45703125 0.67431640625 0.4541015625 0.6748046875 0.453125 0.6767578125 0.4541015625 0.67822265625 0.453125 0.67822265625 0.451171875 0.6748046875 0.451171875 0.6708984375 0.451171875 0.66845703125 0.451171875 0.66748046875 0.4521484375 0.66748046875 0.4541015625 0.66796875 0.4560546875 0.66845703125 0.4560546875 0.6689453125 0.45703125 0.669921875 0.45703125 0.66845703125 0.458984375
5 0.6728515625 0.3828125 0.6708984375 0.4755859375 0.671875 0.4775390625 0.6728515625 0.4736328125 0.67431640625 0.37890625 0.6728515625 0.37890625
5 0.6201171875 0.275390625 0.6201171875 0.26171875 0.62158203125 0.2568359375 0.62451171875 0.25390625 0.62841796875 0.2568359375 0.62939453125 0.2607421875 0.6298828125 0.2685546875 0.6298828125 0.2890625 0.62939453125 0.361328125 0.62890625 0.365234375 0.62841796875 0.3935546875 0.62744140625 0.4296875 0.62744140625 0.4541015625 0.62646484375 0.4951171875 0.6298828125 0.49609375 0.63037109375 0.4853515625 0.63037109375 0.4755859375 0.630859375 0.44140625 0.63134765625 0.3935546875 0.630859375 0.388671875 0.63134765625 0.365234375 0.630859375 0.3623046875 0.630859375 0.3525390625 0.63232421875 0.2666015625 0.63134765625 0.2568359375 0.62890625 0.2509765625 0.62353515625 0.25 0.62109375 0.251953125 0.61865234375 0.259765625 0.6181640625 0.2763671875 0.6181640625 0.2802734375 0.61767578125 0.2861328125 0.615234375 0.2880859375 0.6142578125 0.291015625 0.61376953125 0.294921875 0.61376953125 0.298828125 0.6142578125 0.2998046875 0.62353515625 0.30078125 0.6240234375 0.298828125 0.6240234375 0.2939453125 0.623046875 0.28515625 0.62109375 0.283203125 0.62109375 0.28125 0.6201171875 0.2783203125
5 0.6240234375 0.138671875 0.6240234375 0.123046875 0.62255859375 0.119140625 0.62158203125 0.0966796875 0.623046875 0.0869140625 0.625 0.080078125 0.62744140625 0.0751953125 0.63134765625 0.07421875 0.63623046875 0.078125 0.638671875 0.0810546875 0.64111328125 0.08984375 0.64111328125 0.0966796875 0.6416015625 0.115234375 0.64111328125 0.1591796875 0.64111328125 0.1953125 0.64111328125 0.2294921875 0.64013671875 0.3408203125 0.63818359375 0.3486328125 0.6376953125 0.4326171875 0.63671875 0.5244140625 0.6357421875 0.52734375 0.6357421875 0.552734375 0.642578125 0.552734375 0.64306640625 0.5283203125 0.64208984375 0.5244140625 0.64404296875 0.3447265625 0.64306640625 0.3408203125 0.64306640625 0.3291015625 0.6435546875 0.0927734375 0.642578125 0.083984375 0.63916015625 0.0751953125 0.63330078125 0.0703125 0.62744140625 0.0703125 0.62353515625 0.0751953125 0.61962890625 0.0869140625 0.619140625 0.1005859375 0.619140625 0.1171875 0.61767578125 0.1201171875 0.61669921875 0.1259765625 0.61669921875 0.134765625 0.61474609375 0.1396484375 0.61181640625 0.146484375 0.61083984375 0.1552734375 0.609375 0.162109375 0.60986328125 0.169921875 0.62744140625 0.169921875 0.630859375 0.16796875 0.630859375 0.16015625 0.63037109375 0.1513671875 0.62939453125 0.14453125 0.626953125 0.140625
18 0.9296875 0.5966796875 0.91748046875 0.6103515625 0.91259765625 0.6181640625 0.90576171875 0.62890625 0.900390625 0.6435546875 0.89697265625 0.6533203125 0.89208984375 0.669921875 0.890625 0.6875 0.888671875 0.701171875 0.890625 0.7177734375 0.8935546875 0.7314453125 0.8974609375 0.7509765625 0.9072265625 0.77734375 0.91650390625 0.79296875 0.9228515625 0.7998046875 0.93994140625 0.81640625 0.95361328125 0.826171875 0.96435546875 0.828125 0.9755859375 0.822265625 0.98876953125 0.818359375 0.99951171875 0.8134765625 0.99951171875 0.6181640625 0.990234375 0.6005859375 0.98291015625 0.5947265625 0.9677734375 0.587890625 0.95703125 0.5869140625 0.94580078125 0.5869140625 0.93310546875 0.5947265625
5 0.6513671875 0.392578125 0.65087890625 0.4248046875 0.65087890625 0.4306640625 0.65087890625 0.4365234375 0.650390625 0.44140625 0.64990234375 0.443359375 0.650390625 0.4482421875 0.65087890625 0.4521484375 0.65234375 0.453125 0.65380859375 0.4541015625 0.6552734375 0.453125 0.65478515625 0.4501953125 0.65478515625 0.443359375 0.654296875 0.4375 0.65283203125 0.4326171875 0.65283203125 0.4287109375 0.6533203125 0.408203125 0.6533203125 0.388671875 0.6513671875 0.388671875
9 0.0 0.6865234375 0.1181640625 0.7158203125 0.123046875 0.72265625 0.0 0.814453125
4 0.720703125 0.1572265625 0.76123046875 0.099609375 0.83447265625 0.0 0.99951171875 0.0 0.7890625 0.181640625 0.77783203125 0.1826171875 0.775390625 0.1923828125 0.76953125 0.1953125 0.76806640625 0.203125 0.71044921875 0.2587890625 0.71044921875 0.1748046875
7 0.45947265625 0.373046875 0.46826171875 0.373046875 0.46826171875 0.3828125 0.45947265625 0.3828125
