10 0.50927734375 0.0 0.76318359375 0.201171875 0.99951171875 0.0
0 0.0 0.77734375 0.4248046875 0.4814453125 0.62890625 0.4736328125 0.76171875 0.52734375 0.99951171875 0.705078125 0.99951171875 0.9990234375 0.0 0.9990234375
2 0.0 0.0 0.61181640625 0.0 0.61376953125 0.0029296875 0.61572265625 0.00390625 0.61572265625 0.0078125 0.623046875 0.0185546875 0.62353515625 0.0 0.63720703125 0.0 0.6376953125 0.021484375 0.6376953125 0.0234375 0.6455078125 0.0234375 0.65380859375 0.0302734375 0.65234375 0.033203125 0.66796875 0.033203125 0.66845703125 0.0400390625 0.67236328125 0.041015625 0.67333984375 0.0361328125 0.67529296875 0.0400390625 0.67529296875 0.056640625 0.6796875 0.05859375 0.6796875 0.0517578125 0.68212890625 0.044921875 0.68359375 0.0478515625 0.68310546875 0.060546875 0.68701171875 0.0625 0.70263671875 0.0712890625 0.71240234375 0.078125 0.71337890625 0.0 0.99951171875 0.0 0.99951171875 0.626953125 0.64111328125 0.4775390625 0.60107421875 0.4951171875 0.50634765625 0.49609375 0.35205078125 0.4814453125 0.25244140625 0.474609375 0.0 0.6083984375
5 0.68017578125 0.40625 0.6806640625 0.3779296875 0.68310546875 0.3779296875 0.6826171875 0.408203125
1 0.00048828125 0.5498046875 0.04736328125 0.5615234375 0.087890625 0.5400390625 0.08740234375 0.533203125 0.06591796875 0.53125 0.103515625 0.5166015625 0.14990234375 0.5009765625 0.23291015625 0.4619140625 0.26513671875 0.44140625 0.412109375 0.4794921875 0.43408203125 0.4833984375 0.4599609375 0.474609375 0.49609375 0.48828125 0.50390625 0.4853515625 0.50390625 0.48828125 0.50732421875 0.490234375 0.51708984375 0.48828125 0.5283203125 0.4921875 0.53466796875 0.4931640625 0.54736328125 0.486328125 0.5517578125 0.4921875 0.55517578125 0.4921875 0.5546875 0.4873046875 0.560546875 0.4853515625 0.56103515625 0.490234375 0.56689453125 0.4921875 0.5673828125 0.4951171875 0.607421875 0.490234375 0.60791015625 0.498046875 0.60009765625 0.501953125 0.5634765625 0.5029296875 0.5224609375 0.5029296875 0.49072265625 0.50390625 0.47021484375 0.5048828125 0.4580078125 0.509765625 0.43115234375 0.5205078125 0.39111328125 0.55078125 0.38623046875 0.5517578125 0.375 0.55859375 0.3203125 0.59765625 0.2265625 0.6787109375 0.1826171875 0.72265625 0.158203125 0.7431640625 0.09619140625 0.8125 0.0 0.90625
1 0.998046875 0.73046875 0.93017578125 0.685546875 0.8203125 0.615234375 0.77734375 0.5634765625 0.86962890625 0.5458984375 0.87939453125 0.578125 0.8955078125 0.576171875 0.89892578125 0.58203125 0.912109375 0.580078125 0.923828125 0.5810546875 0.93896484375 0.578125 0.94091796875 0.576171875 0.94140625 0.59765625 0.9638671875 0.595703125 0.99951171875 0.5908203125 0.99951171875 0.7333984375
13 0.6005859375 0.5166015625 0.6015625 0.4912109375 0.6025390625 0.4599609375 0.60498046875 0.453125 0.603515625 0.451171875 0.6044921875 0.447265625 0.607421875 0.4453125 0.6123046875 0.423828125 0.61572265625 0.4208984375 0.62353515625 0.4208984375 0.62939453125 0.4208984375 0.62646484375 0.5205078125 0.60986328125 0.5146484375 0.609375 0.5185546875 0.60791015625 0.5205078125 0.60498046875 0.5205078125
13 0.69384765625 0.4208984375 0.6923828125 0.4130859375 0.68994140625 0.408203125 0.68408203125 0.4052734375 0.67626953125 0.40234375 0.6611328125 0.400390625 0.6484375 0.400390625 0.634765625 0.40234375 0.62744140625 0.4072265625 0.6240234375 0.4169921875 0.619140625 0.439453125 0.61669921875 0.44140625 0.61572265625 0.453125 0.6181640625 0.4541015625 0.61328125 0.4736328125 0.61376953125 0.486328125 0.61181640625 0.4912109375 0.609375 0.5048828125 0.61181640625 0.525390625 0.61572265625 0.5263671875 0.619140625 0.5263671875 0.62109375 0.5224609375 0.625 0.5224609375 0.62548828125 0.52734375 0.626953125 0.5322265625 0.63037109375 0.5322265625 0.63330078125 0.5302734375 0.63427734375 0.5244140625 0.634765625 0.5205078125 0.69384765625 0.5185546875
13 0.70068359375 0.4208984375 0.6962890625 0.4189453125 0.69091796875 0.4169921875 0.66259765625 0.4169921875 0.65966796875 0.419921875 0.6552734375 0.4326171875 0.65234375 0.4482421875 0.64990234375 0.453125 0.64892578125 0.4501953125 0.64501953125 0.4482421875 0.640625 0.4521484375 0.6416015625 0.458984375 0.64453125 0.4609375 0.646484375 0.462890625 0.64453125 0.47265625 0.64306640625 0.484375 0.64111328125 0.4892578125 0.64013671875 0.5029296875 0.64013671875 0.5166015625 0.63916015625 0.5283203125 0.64013671875 0.541015625 0.64111328125 0.5458984375 0.64453125 0.5478515625 0.646484375 0.546875 0.64794921875 0.541015625 0.64794921875 0.5390625 0.6494140625 0.537109375 0.6484375 0.5458984375 0.6494140625 0.552734375 0.654296875 0.552734375 0.65576171875 0.5498046875 0.65576171875 0.5439453125 0.703125 0.5078125
13 0.748046875 0.44921875 0.748046875 0.4306640625 0.74462890625 0.4296875 0.732421875 0.4248046875 0.73193359375 0.4208984375 0.72509765625 0.419921875 0.72216796875 0.423828125 0.69384765625 0.421875 0.68505859375 0.421875 0.6787109375 0.4306640625 0.67236328125 0.447265625 0.66796875 0.458984375 0.66455078125 0.4599609375 0.65966796875 0.4599609375 0.658203125 0.46484375 0.6591796875 0.46875 0.66259765625 0.4697265625 0.6650390625 0.47265625 0.66455078125 0.4794921875 0.662109375 0.484375 0.6611328125 0.4892578125 0.65869140625 0.4951171875 0.6572265625 0.5029296875 0.65673828125 0.5146484375 0.6552734375 0.5439453125 0.65576171875 0.556640625 0.6591796875 0.5615234375 0.6640625 0.5615234375 0.6669921875 0.5595703125 0.6669921875 0.556640625 0.67333984375 0.556640625 0.673828125 0.5703125 0.67724609375 0.5732421875 0.68115234375 0.5751953125 0.6845703125 0.572265625 0.68603515625 0.568359375 0.68701171875 0.5615234375 0.712890625 0.564453125 0.748046875 0.56640625
13 0.86962890625 0.5009765625 0.85986328125 0.4638671875 0.85205078125 0.4404296875 0.841796875 0.435546875 0.81396484375 0.4287109375 0.8154296875 0.4140625 0.81884765625 0.39453125 0.8212890625 0.3798828125 0.81787109375 0.3916015625 0.81396484375 0.416015625 0.810546875 0.427734375 0.79150390625 0.42578125 0.7685546875 0.4248046875 0.75244140625 0.4267578125 0.744140625 0.435546875 0.73486328125 0.451171875 0.72802734375 0.47265625 0.72607421875 0.4833984375 0.72607421875 0.4716796875 0.71484375 0.4697265625 0.71435546875 0.4765625 0.71435546875 0.4833984375 0.7158203125 0.4873046875 0.7236328125 0.48828125 0.71923828125 0.49609375 0.7138671875 0.5087890625 0.71240234375 0.513671875 0.71044921875 0.5224609375 0.70947265625 0.5283203125 0.708984375 0.5361328125 0.708984375 0.5400390625 0.70849609375 0.568359375 0.7099609375 0.599609375 0.71337890625 0.6044921875 0.71923828125 0.60546875 0.72216796875 0.6044921875 0.72607421875 0.595703125 0.7265625 0.5849609375 0.740234375 0.5966796875 0.740234375 0.607421875 0.740234375 0.6171875 0.7421875 0.6298828125 0.74609375 0.630859375 0.75244140625 0.6318359375 0.755859375 0.626953125 0.75830078125 0.6142578125 0.75927734375 0.609375 0.84326171875 0.619140625 0.84619140625 0.615234375 0.84765625 0.62890625 0.8505859375 0.6416015625 0.8544921875 0.6455078125 0.861328125 0.646484375 0.86669921875 0.642578125 0.8701171875 0.6318359375 0.87109375 0.62109375 0.87158203125 0.6083984375 0.87548828125 0.591796875 0.87841796875 0.576171875 0.87890625 0.56640625 0.87548828125 0.5576171875 0.8759765625 0.541015625 0.87548828125 0.5185546875
13 0.99951171875 0.513671875 0.99169921875 0.51953125 0.98876953125 0.544921875 0.9921875 0.552734375 0.99951171875 0.5732421875 0.9833984375 0.580078125 0.96923828125 0.58984375 0.962890625 0.5986328125 0.95751953125 0.611328125 0.94775390625 0.642578125 0.94287109375 0.6865234375 0.939453125 0.748046875 0.9423828125 0.7978515625 0.9501953125 0.8466796875 0.955078125 0.859375 0.96435546875 0.8662109375 0.97216796875 0.8720703125 0.9775390625 0.8740234375 0.98095703125 0.873046875 0.984375 0.8701171875 0.99365234375 0.853515625 0.998046875 0.8427734375 0.99951171875 0.8359375
7 0.6787109375 0.3837890625 0.67724609375 0.37890625 0.677734375 0.3681640625 0.67919921875 0.3623046875 0.68212890625 0.361328125 0.6845703125 0.3642578125 0.68603515625 0.369140625 0.68603515625 0.3759765625 0.68505859375 0.3828125 0.68310546875 0.3857421875 0.6806640625 0.3857421875
8 0.24609375 0.3935546875 0.2421875 0.3720703125 0.248046875 0.37890625 0.2548828125 0.384765625 0.255859375 0.3857421875 0.25927734375 0.3857421875 0.2626953125 0.376953125 0.2626953125 0.3701171875 0.26171875 0.3662109375 0.25927734375 0.3603515625 0.2626953125 0.3544921875 0.26416015625 0.3525390625 0.26611328125 0.34375 0.26611328125 0.3359375 0.2685546875 0.3251953125 0.26953125 0.3232421875 0.26953125 0.3173828125 0.26953125 0.3115234375 0.26806640625 0.306640625 0.26806640625 0.3056640625 0.267578125 0.2978515625 0.26708984375 0.29296875 0.2666015625 0.28125 0.26708984375 0.2724609375 0.267578125 0.2705078125 0.2666015625 0.26171875 0.26513671875 0.25390625 0.26318359375 0.2509765625 0.265625 0.2373046875 0.265625 0.2353515625 0.265625 0.23046875 0.26416015625 0.2255859375 0.2607421875 0.2177734375 0.259765625 0.212890625 0.25634765625 0.2041015625 0.255859375 0.1953125 0.2626953125 0.1953125 0.263671875 0.1953125 0.263671875 0.1953125 0.26611328125 0.193359375 0.2666015625 0.193359375 0.27392578125 0.1953125 0.27880859375 0.1953125 0.28173828125 0.197265625 0.28564453125 0.1923828125 0.28125 0.18359375 0.279296875 0.177734375 0.27587890625 0.1669921875 0.271484375 0.162109375 0.267578125 0.1513671875 0.27392578125 0.1552734375 0.275390625 0.150390625 0.2724609375 0.14453125 0.26611328125 0.138671875 0.26123046875 0.12890625 0.2568359375 0.1171875 0.2568359375 0.1064453125 0.26220703125 0.12109375 0.26708984375 0.126953125 0.265625 0.111328125 0.26611328125 0.1083984375 0.263671875 0.0966796875 0.259765625 0.0869140625 0.25732421875 0.0712890625 0.26171875 0.0673828125 0.25830078125 0.0517578125 0.2568359375 0.0458984375 0.263671875 0.0498046875 0.26806640625 0.0615234375 0.27392578125 0.0712890625 0.271484375 0.060546875 0.27294921875 0.05078125 0.27001953125 0.04296875 0.26611328125 0.033203125 0.259765625 0.02734375 0.25439453125 0.01953125 0.2568359375 0.00390625 0.2626953125 0.009765625 0.26953125 0.0205078125 0.27734375 0.03125 0.279296875 0.0244140625 0.275390625 0.013671875 0.27001953125 0.0 0.35009765625 0.0 0.359375 0.0 0.36181640625 0.0146484375 0.36865234375 0.0166015625 0.37158203125 0.0185546875 0.3701171875 0.0322265625 0.36572265625 0.044921875 0.36767578125 0.05078125 0.37109375 0.056640625 0.37255859375 0.064453125 0.37353515625 0.0703125 0.37646484375 0.07421875 0.37890625 0.078125 0.37939453125 0.0830078125 0.37841796875 0.0927734375 0.37841796875 0.0966796875 0.37841796875 0.1025390625 0.37939453125 0.107421875 0.3828125 0.1064453125 0.3857421875 0.1025390625 0.3916015625 0.1064453125 0.3916015625 0.119140625 0.38720703125 0.1337890625 0.3857421875 0.140625 0.3857421875 0.142578125 0.38818359375 0.15234375 0.38818359375 0.1630859375 0.38720703125 0.1708984375 0.38671875 0.1748046875 0.39013671875 0.1826171875 0.392578125 0.189453125 0.39501953125 0.1943359375 0.39453125 0.203125 0.3935546875 0.208984375 0.3916015625 0.2119140625 0.390625 0.2138671875 0.39404296875 0.2255859375 0.3916015625 0.236328125 0.3876953125 0.240234375 0.39111328125 0.248046875 0.39501953125 0.2568359375 0.39453125 0.26953125 0.4013671875 0.2705078125 0.404296875 0.2822265625 0.396484375 0.2880859375 0.390625 0.2958984375 0.39013671875 0.302734375 0.38818359375 0.3125 0.3857421875 0.3212890625 0.38330078125 0.330078125 0.3818359375 0.33984375 0.3818359375 0.34765625 0.38232421875 0.353515625 0.3798828125 0.3662109375 0.37939453125 0.37109375 0.37939453125 0.373046875 0.388671875 0.37109375 0.3828125 0.3857421875 0.3828125 0.390625 0.38671875 0.396484375 0.39013671875 0.40234375 0.3935546875 0.4052734375 0.3857421875 0.41796875 0.3857421875 0.4365234375 0.38525390625 0.4599609375 0.38330078125 0.4697265625 0.24755859375 0.4599609375
5 0.36328125 0.4970703125 0.36474609375 0.37890625 0.36865234375 0.171875 0.37158203125 0.0 0.3759765625 0.0 0.37451171875 0.0966796875 0.3701171875 0.40625 0.37060546875 0.5009765625
18 0.3505859375 0.45703125 0.353515625 0.453125 0.35791015625 0.4501953125 0.3623046875 0.4501953125 0.361328125 0.439453125 0.35791015625 0.4375 0.3583984375 0.43359375 0.35986328125 0.431640625 0.36083984375 0.42578125 0.36279296875 0.4287109375 0.36474609375 0.4267578125 0.3642578125 0.4384765625 0.36474609375 0.4443359375 0.3671875 0.451171875 0.3701171875 0.4619140625 0.37109375 0.4619140625 0.3740234375 0.4521484375 0.3740234375 0.447265625 0.37353515625 0.4404296875 0.37060546875 0.4375 0.3701171875 0.431640625 0.37890625 0.4326171875 0.37890625 0.4365234375 0.3759765625 0.44140625 0.37548828125 0.4482421875 0.3759765625 0.4521484375 0.37841796875 0.4501953125 0.38134765625 0.451171875 0.384765625 0.4560546875 0.38623046875 0.4638671875 0.3876953125 0.4697265625 0.38818359375 0.4794921875 0.38818359375 0.4892578125 0.38671875 0.498046875 0.3828125 0.5029296875 0.37939453125 0.5 0.376953125 0.4931640625 0.37451171875 0.4892578125 0.37353515625 0.4833984375 0.36962890625 0.484375 0.36865234375 0.4912109375 0.36669921875 0.498046875 0.36279296875 0.5 0.3583984375 0.4990234375 0.35546875 0.4951171875 0.353515625 0.490234375 0.35107421875 0.48046875 0.35107421875 0.4697265625
7 0.36279296875 0.3046875 0.36181640625 0.296875 0.3623046875 0.2890625 0.36474609375 0.283203125 0.3681640625 0.28125 0.373046875 0.28125 0.375 0.2841796875 0.376953125 0.2900390625 0.37744140625 0.298828125 0.37646484375 0.30859375 0.37255859375 0.3115234375 0.3671875 0.3125 0.3642578125 0.3095703125
5 0.115234375 0.68359375 0.11572265625 0.626953125 0.11328125 0.6201171875 0.1142578125 0.6142578125 0.1171875 0.609375 0.1181640625 0.58984375 0.11767578125 0.564453125 0.11669921875 0.556640625 0.11669921875 0.5458984375 0.1201171875 0.5390625 0.1201171875 0.48828125 0.11572265625 0.4833984375 0.12060546875 0.478515625 0.11962890625 0.466796875 0.125 0.4638671875 0.12841796875 0.4638671875 0.1318359375 0.4658203125 0.1318359375 0.478515625 0.13427734375 0.4814453125 0.1318359375 0.4873046875 0.13134765625 0.544921875 0.13330078125 0.5498046875 0.13427734375 0.556640625 0.13037109375 0.560546875 0.1298828125 0.607421875 0.13330078125 0.6162109375 0.130859375 0.6220703125 0.12939453125 0.6259765625 0.12841796875 0.6796875 0.1328125 0.6826171875 0.1328125 0.6923828125 0.13623046875 0.69921875 0.12646484375 0.70703125 0.10986328125 0.705078125 0.1142578125 0.693359375
5 0.341796875 0.546875 0.3447265625 0.5361328125 0.34521484375 0.53125 0.34619140625 0.5078125 0.34716796875 0.498046875 0.34716796875 0.4794921875 0.34716796875 0.47265625 0.34765625 0.4443359375 0.349609375 0.443359375 0.35009765625 0.4384765625 0.35107421875 0.435546875 0.3525390625 0.4384765625 0.353515625 0.4453125 0.35498046875 0.447265625 0.35302734375 0.453125 0.35302734375 0.4736328125 0.35302734375 0.486328125 0.35205078125 0.50390625 0.353515625 0.5068359375 0.35205078125 0.513671875 0.3515625 0.5185546875 0.35107421875 0.5361328125 0.35107421875 0.5390625 0.3515625 0.54296875 0.35302734375 0.544921875 0.349609375 0.5478515625
5 0.36669921875 0.5322265625 0.36767578125 0.52734375 0.3681640625 0.513671875 0.3681640625 0.5029296875 0.3681640625 0.4931640625 0.3681640625 0.478515625 0.3681640625 0.4599609375 0.36865234375 0.4482421875 0.369140625 0.4453125 0.36962890625 0.44140625 0.37109375 0.439453125 0.373046875 0.44140625 0.37353515625 0.447265625 0.3740234375 0.4482421875 0.37353515625 0.451171875 0.37353515625 0.478515625 0.37353515625 0.5087890625 0.373046875 0.5224609375 0.373046875 0.52734375 0.37451171875 0.53515625 0.36572265625 0.5361328125
18 0.482421875 0.46875 0.48291015625 0.462890625 0.4833984375 0.4560546875 0.48486328125 0.4541015625 0.48681640625 0.4501953125 0.48779296875 0.447265625 0.48583984375 0.443359375 0.486328125 0.4404296875 0.49658203125 0.4423828125 0.498046875 0.4443359375 0.49755859375 0.44921875 0.49609375 0.44921875 0.4921875 0.4501953125 0.49072265625 0.44921875 0.490234375 0.4560546875 0.49072265625 0.458984375 0.49365234375 0.458984375 0.4951171875 0.4599609375 0.49658203125 0.4638671875 0.498046875 0.4697265625 0.49755859375 0.478515625 0.49609375 0.4853515625 0.494140625 0.4873046875 0.4921875 0.4873046875 0.48974609375 0.4853515625 0.4892578125 0.48046875 0.4892578125 0.4775390625 0.4873046875 0.4814453125 0.48583984375 0.484375 0.4833984375 0.4833984375 0.482421875 0.478515625 0.48193359375 0.4736328125 0.48193359375 0.4716796875
5 0.7109375 0.2060546875 0.68994140625 0.2021484375 0.6884765625 0.203125 0.67822265625 0.2001953125 0.6796875 0.1953125 0.68408203125 0.1923828125 0.68798828125 0.193359375 0.69140625 0.1953125 0.6923828125 0.19921875 0.6953125 0.2001953125 0.7109375 0.2021484375
5 0.33544921875 0.5068359375 0.337890625 0.4970703125 0.33837890625 0.4892578125 0.3388671875 0.4423828125 0.3388671875 0.4384765625 0.33837890625 0.43359375 0.33984375 0.4287109375 0.34130859375 0.4287109375 0.341796875 0.435546875 0.3427734375 0.47265625 0.3427734375 0.5009765625 0.34375 0.5078125
5 0.20458984375 0.638671875 0.208984375 0.62109375 0.2099609375 0.609375 0.2109375 0.578125 0.20947265625 0.5712890625 0.21240234375 0.56640625 0.21337890625 0.5283203125 0.21044921875 0.5263671875 0.21044921875 0.5224609375 0.21337890625 0.51953125 0.21484375 0.5126953125 0.21533203125 0.474609375 0.21240234375 0.4716796875 0.2158203125 0.466796875 0.21533203125 0.4599609375 0.2216796875 0.451171875 0.22216796875 0.4677734375 0.22607421875 0.4697265625 0.22216796875 0.474609375 0.22216796875 0.478515625 0.22216796875 0.515625 0.22265625 0.5234375 0.2216796875 0.533203125 0.22216796875 0.5673828125 0.2236328125 0.57421875 0.22021484375 0.5810546875 0.22021484375 0.623046875 0.2216796875 0.630859375 0.2236328125 0.638671875 0.21875 0.642578125 0.212890625 0.642578125
5 0.2822265625 0.5185546875 0.2841796875 0.5107421875 0.2861328125 0.4609375 0.28662109375 0.435546875 0.2890625 0.4296875 0.2890625 0.4267578125 0.291015625 0.423828125 0.2919921875 0.4248046875 0.29248046875 0.4296875 0.29296875 0.43359375 0.28955078125 0.50390625 0.28955078125 0.51171875 0.291015625 0.5234375 0.2861328125 0.5244140625 0.28173828125 0.5224609375
5 0.267578125 0.591796875 0.26806640625 0.5830078125 0.26953125 0.576171875 0.2705078125 0.55859375 0.2705078125 0.544921875 0.26806640625 0.54296875 0.26953125 0.53515625 0.27001953125 0.5048828125 0.26953125 0.5009765625 0.271484375 0.4951171875 0.271484375 0.462890625 0.26953125 0.4599609375 0.271484375 0.455078125 0.27197265625 0.4501953125 0.2734375 0.4443359375 0.275390625 0.4453125 0.27783203125 0.4482421875 0.27783203125 0.451171875 0.27734375 0.4560546875 0.2802734375 0.458984375 0.2783203125 0.4638671875 0.27783203125 0.498046875 0.27880859375 0.5 0.2783203125 0.5078125 0.27783203125 0.5341796875 0.27978515625 0.541015625 0.27783203125 0.5478515625 0.27783203125 0.58203125 0.2802734375 0.5869140625 0.28125 0.5947265625 0.27392578125 0.5986328125 0.26708984375 0.595703125
5 0.31103515625 0.5673828125 0.31298828125 0.556640625 0.31494140625 0.55078125 0.314453125 0.525390625 0.314453125 0.5205078125 0.3154296875 0.5146484375 0.3154296875 0.4892578125 0.31591796875 0.48046875 0.31689453125 0.46875 0.31689453125 0.458984375 0.3212890625 0.45703125 0.3212890625 0.4853515625 0.32177734375 0.490234375 0.3212890625 0.515625 0.32275390625 0.521484375 0.32177734375 0.525390625 0.32080078125 0.5322265625 0.32080078125 0.552734375 0.32177734375 0.55859375 0.32373046875 0.5634765625 0.32177734375 0.568359375 0.3173828125 0.5703125
5 0.482421875 0.498046875 0.48291015625 0.4931640625 0.4833984375 0.48046875 0.4833984375 0.47265625 0.48291015625 0.4697265625 0.4833984375 0.4677734375 0.48388671875 0.45703125 0.486328125 0.45703125 0.486328125 0.4677734375 0.48681640625 0.4697265625 0.486328125 0.47265625 0.486328125 0.48046875 0.48681640625 0.4833984375 0.48583984375 0.4853515625 0.48583984375 0.4951171875 0.48583984375 0.4970703125 0.48583984375 0.4990234375
5 0.47119140625 0.4990234375 0.47509765625 0.4990234375 0.474609375 0.49609375 0.474609375 0.484375 0.47509765625 0.4716796875 0.4755859375 0.4677734375 0.47509765625 0.466796875 0.4755859375 0.45703125 0.47607421875 0.455078125 0.4755859375 0.453125 0.474609375 0.453125 0.4736328125 0.455078125 0.47412109375 0.4560546875 0.4736328125 0.4658203125 0.47265625 0.4677734375 0.4736328125 0.4716796875 0.47216796875 0.4794921875 0.4716796875 0.4814453125 0.47216796875 0.4833984375 0.47216796875 0.4931640625 0.4716796875 0.4951171875
5 0.46240234375 0.5 0.4658203125 0.5 0.4658203125 0.498046875 0.46533203125 0.49609375 0.4658203125 0.4853515625 0.466796875 0.4833984375 0.4677734375 0.4716796875 0.4677734375 0.46484375 0.46826171875 0.4560546875 0.46826171875 0.4521484375 0.4677734375 0.4501953125 0.466796875 0.4501953125 0.46630859375 0.4521484375 0.4658203125 0.4541015625 0.4658203125 0.4560546875 0.46533203125 0.46484375 0.46435546875 0.4677734375 0.46484375 0.4697265625 0.4638671875 0.478515625 0.4638671875 0.4814453125 0.46337890625 0.4931640625 0.462890625 0.49609375 0.46240234375 0.4970703125
5 0.451171875 0.5 0.4541015625 0.5 0.4541015625 0.4970703125 0.4541015625 0.4853515625 0.45458984375 0.4814453125 0.4541015625 0.478515625 0.4541015625 0.4697265625 0.455078125 0.4677734375 0.45458984375 0.46484375 0.45458984375 0.4541015625 0.4560546875 0.4521484375 0.455078125 0.4501953125 0.45458984375 0.447265625 0.45361328125 0.4453125 0.453125 0.4482421875 0.453125 0.44921875 0.4521484375 0.451171875 0.45263671875 0.4541015625 0.4521484375 0.4658203125 0.45166015625 0.4677734375 0.4521484375 0.46875 0.4521484375 0.4794921875 0.451171875 0.4814453125 0.45166015625 0.484375 0.451171875 0.49609375
5 0.44140625 0.501953125 0.44482421875 0.501953125 0.44482421875 0.4990234375 0.4443359375 0.4970703125 0.4443359375 0.4853515625 0.4453125 0.4814453125 0.44482421875 0.4794921875 0.4453125 0.4677734375 0.44580078125 0.4658203125 0.4453125 0.462890625 0.4453125 0.4521484375 0.4462890625 0.4501953125 0.44580078125 0.4482421875 0.44580078125 0.4453125 0.4453125 0.443359375 0.44384765625 0.443359375 0.44287109375 0.447265625 0.4423828125 0.4482421875 0.44287109375 0.451171875 0.4423828125 0.4619140625 0.44140625 0.46484375 0.44140625 0.466796875 0.44189453125 0.4677734375 0.44189453125 0.4775390625 0.44091796875 0.4794921875 0.44091796875 0.4814453125 0.44140625 0.4833984375 0.44140625 0.4970703125 0.4404296875 0.498046875 0.4404296875 0.501953125
5 0.43115234375 0.5068359375 0.43115234375 0.501953125 0.43212890625 0.5 0.4326171875 0.484375 0.43359375 0.466796875 0.43408203125 0.4638671875 0.4345703125 0.4521484375 0.4345703125 0.4501953125 0.43505859375 0.447265625 0.435546875 0.443359375 0.4365234375 0.4423828125 0.43798828125 0.443359375 0.43798828125 0.447265625 0.43798828125 0.44921875 0.43701171875 0.451171875 0.4365234375 0.46484375 0.43701171875 0.466796875 0.4365234375 0.46875 0.4365234375 0.4794921875 0.4365234375 0.4833984375 0.435546875 0.486328125 0.4345703125 0.5009765625 0.43505859375 0.501953125 0.43505859375 0.5068359375
5 0.41845703125 0.5107421875 0.423828125 0.5107421875 0.423828125 0.5068359375 0.42333984375 0.5048828125 0.42333984375 0.4912109375 0.42431640625 0.4873046875 0.42431640625 0.486328125 0.423828125 0.4833984375 0.42431640625 0.4697265625 0.42431640625 0.4658203125 0.42431640625 0.451171875 0.42529296875 0.44921875 0.42529296875 0.447265625 0.4248046875 0.4443359375 0.42431640625 0.4423828125 0.4228515625 0.4423828125 0.42236328125 0.4443359375 0.42138671875 0.4482421875 0.421875 0.451171875 0.42138671875 0.46484375 0.4208984375 0.466796875 0.42138671875 0.4697265625 0.4208984375 0.4833984375 0.419921875 0.4853515625 0.42041015625 0.48828125 0.419921875 0.5048828125 0.4189453125 0.5068359375
5 0.40576171875 0.5205078125 0.41064453125 0.5205078125 0.41064453125 0.5126953125 0.41015625 0.5126953125 0.41015625 0.4951171875 0.4111328125 0.4931640625 0.4111328125 0.490234375 0.41064453125 0.4892578125 0.41064453125 0.474609375 0.4111328125 0.4716796875 0.41064453125 0.4677734375 0.4111328125 0.4521484375 0.412109375 0.4501953125 0.41162109375 0.4482421875 0.41162109375 0.4443359375 0.41064453125 0.4423828125 0.4091796875 0.4423828125 0.408203125 0.4453125 0.408203125 0.4482421875 0.4072265625 0.4501953125 0.4072265625 0.4521484375 0.40673828125 0.46875 0.40673828125 0.474609375 0.40673828125 0.4873046875 0.40576171875 0.4892578125 0.40576171875 0.4921875 0.40625 0.4951171875 0.40625 0.5107421875 0.4052734375 0.5126953125 0.4052734375 0.5146484375 0.40478515625 0.5166015625 0.40478515625 0.51953125
