10 0.19482421875 0.0 0.19091796875 0.10546875 0.25537109375 0.08203125 0.29833984375 0.0078125 0.29833984375 0.0
8 0.0478515625 0.4189453125 0.05322265625 0.361328125 0.05615234375 0.3330078125 0.05615234375 0.3212890625 0.05322265625 0.3310546875 0.05322265625 0.3232421875 0.0498046875 0.3232421875 0.04833984375 0.3251953125 0.03662109375 0.3232421875 0.0361328125 0.302734375 0.03369140625 0.3212890625 0.03125 0.3310546875 0.02978515625 0.3349609375 0.02734375 0.33203125 0.02587890625 0.3193359375 0.00927734375 0.3232421875 0.0 0.3232421875 0.0 0.001953125 0.0 0.0 0.23095703125 0.0 0.22998046875 0.0068359375 0.2294921875 0.009765625 0.22607421875 0.0146484375 0.22509765625 0.0185546875 0.2236328125 0.0263671875 0.22802734375 0.037109375 0.22216796875 0.0380859375 0.21875 0.041015625 0.21533203125 0.0400390625 0.21630859375 0.0458984375 0.2177734375 0.0498046875 0.21923828125 0.05859375 0.21875 0.0634765625 0.224609375 0.0634765625 0.22607421875 0.056640625 0.23095703125 0.0517578125 0.23681640625 0.05859375 0.23681640625 0.072265625 0.23388671875 0.08984375 0.2275390625 0.1005859375 0.234375 0.365234375 0.23388671875 0.3896484375 0.20654296875 0.3857421875 0.1884765625 0.380859375 0.14892578125 0.369140625 0.08984375 0.359375 0.07568359375 0.3408203125 0.06787109375 0.3212890625 0.0634765625 0.3642578125 0.0615234375 0.4052734375 0.0595703125 0.4208984375 0.05322265625 0.4287109375
2 0.99951171875 0.0 0.27783203125 0.0 0.27783203125 0.01953125 0.2666015625 0.0361328125 0.25341796875 0.044921875 0.25439453125 0.0517578125 0.24365234375 0.0498046875 0.23388671875 0.0556640625 0.23291015625 0.083984375 0.224609375 0.103515625 0.21875 0.1044921875 0.2177734375 0.1083984375 0.22119140625 0.1171875 0.2197265625 0.154296875 0.2119140625 0.1552734375 0.2099609375 0.1748046875 0.220703125 0.17578125 0.21875 0.2099609375 0.2099609375 0.2099609375 0.208984375 0.2314453125 0.21826171875 0.2333984375 0.216796875 0.27734375 0.2216796875 0.3017578125 0.220703125 0.3349609375 0.22509765625 0.3359375 0.2265625 0.365234375 0.373046875 0.369140625 0.435546875 0.37890625 0.4365234375 0.45703125 0.63232421875 0.4755859375 0.916015625 0.49609375 0.99951171875 0.498046875
7 0.732421875 0.328125 0.75341796875 0.3310546875 0.75244140625 0.337890625 0.73291015625 0.3349609375
9 0.0 0.3212890625 0.03173828125 0.3134765625 0.1533203125 0.369140625 0.2373046875 0.388671875 0.23486328125 0.4130859375 0.04345703125 0.380859375 0.00390625 0.3916015625 0.0 0.353515625
0 0.00927734375 0.3798828125 0.13134765625 0.3974609375 0.33349609375 0.431640625 0.6845703125 0.4990234375 0.98681640625 0.498046875 0.99951171875 0.591796875 0.99951171875 0.9990234375 0.0 0.9990234375 0.0 0.3837890625
1 0.44384765625 0.474609375 0.43212890625 0.48046875 0.421875 0.478515625 0.3818359375 0.4697265625 0.26025390625 0.443359375 0.17919921875 0.421875 0.12548828125 0.41015625 0.0859375 0.4033203125 0.03662109375 0.3857421875 0.03759765625 0.359375 0.06201171875 0.3740234375 0.169921875 0.3994140625 0.462890625 0.44140625 0.59716796875 0.490234375 0.916015625 0.5 0.91064453125 0.515625 0.875 0.509765625 0.7890625 0.509765625 0.74365234375 0.5087890625 0.72021484375 0.5107421875 0.68408203125 0.5087890625 0.5966796875 0.5048828125 0.48876953125 0.4873046875
5 0.03662109375 0.3623046875 0.11376953125 0.3818359375 0.11376953125 0.404296875 0.10595703125 0.4033203125 0.0947265625 0.400390625 0.0830078125 0.396484375 0.0341796875 0.380859375
5 0.93896484375 0.4296875 0.94091796875 0.3681640625 0.94189453125 0.2529296875 0.94384765625 0.21875 0.94384765625 0.185546875 0.93701171875 0.1552734375 0.93017578125 0.1396484375 0.91845703125 0.134765625 0.89306640625 0.1318359375 0.88232421875 0.1318359375 0.87744140625 0.1337890625 0.87939453125 0.138671875 0.88525390625 0.1357421875 0.91845703125 0.140625 0.92822265625 0.1435546875 0.935546875 0.1640625 0.939453125 0.1923828125 0.9384765625 0.2568359375 0.93505859375 0.44140625
9 0.06494140625 0.3232421875 0.09423828125 0.3193359375 0.10205078125 0.3203125 0.10546875 0.3408203125 0.10107421875 0.34765625 0.0927734375 0.349609375 0.07958984375 0.3447265625 0.06591796875 0.345703125 0.0634765625 0.34375
8 0.439453125 0.33203125 0.43701171875 0.3251953125 0.435546875 0.3232421875 0.4345703125 0.314453125 0.4345703125 0.3017578125 0.43115234375 0.3076171875 0.42724609375 0.302734375 0.42626953125 0.2978515625 0.42431640625 0.2880859375 0.41845703125 0.2783203125 0.4169921875 0.283203125 0.4140625 0.2822265625 0.4111328125 0.2744140625 0.40478515625 0.271484375 0.40576171875 0.2548828125 0.400390625 0.2607421875 0.39794921875 0.259765625 0.396484375 0.25390625 0.39306640625 0.2578125 0.39111328125 0.2509765625 0.39013671875 0.2607421875 0.390625 0.2685546875 0.38330078125 0.2646484375 0.3798828125 0.2646484375 0.37109375 0.2685546875 0.369140625 0.2841796875 0.36767578125 0.2939453125 0.36669921875 0.30078125 0.36962890625 0.3115234375 0.37060546875 0.314453125 0.36865234375 0.3193359375 0.36669921875 0.3232421875 0.3642578125 0.32421875 0.361328125 0.326171875 0.3583984375 0.326171875 0.35595703125 0.3212890625 0.35498046875 0.326171875 0.35107421875 0.3291015625 0.34912109375 0.3330078125 0.34716796875 0.3330078125 0.341796875 0.3330078125 0.34033203125 0.3291015625 0.33837890625 0.3359375 0.33447265625 0.3359375 0.33203125 0.337890625 0.32958984375 0.337890625 0.33447265625 0.3466796875 0.330078125 0.349609375 0.32666015625 0.341796875 0.32373046875 0.33984375 0.32275390625 0.345703125 0.32080078125 0.3486328125 0.31689453125 0.3505859375 0.31201171875 0.34765625 0.31298828125 0.3447265625 0.31201171875 0.3359375 0.30615234375 0.333984375 0.28759765625 0.330078125 0.28369140625 0.330078125 0.2783203125 0.328125 0.2734375 0.326171875 0.27197265625 0.333984375 0.26904296875 0.330078125 0.26708984375 0.3359375 0.265625 0.3447265625 0.2666015625 0.353515625 0.2607421875 0.3525390625 0.25927734375 0.345703125 0.25732421875 0.3408203125 0.25732421875 0.3359375 0.25634765625 0.330078125 0.25634765625 0.322265625 0.25244140625 0.3193359375 0.2509765625 0.3203125 0.25 0.328125 0.248046875 0.3359375 0.24658203125 0.345703125 0.24072265625 0.3447265625 0.232421875 0.3447265625 0.23046875 0.345703125 0.228515625 0.3720703125 0.2275390625 0.3896484375 0.30029296875 0.396484375 0.39794921875 0.41015625 0.439453125 0.4072265625
7 0.92626953125 0.2216796875 0.92529296875 0.2451171875 0.95361328125 0.2470703125 0.9580078125 0.24609375 0.9580078125 0.2236328125
7 0.935546875 0.2744140625 0.93994140625 0.2783203125 0.9443359375 0.2783203125 0.947265625 0.2744140625 0.94873046875 0.2666015625 0.9482421875 0.2568359375 0.9443359375 0.2490234375 0.939453125 0.248046875 0.93505859375 0.2529296875 0.93359375 0.2607421875 0.93359375 0.2705078125
6 0.8759765625 0.169921875 0.880859375 0.169921875 0.88427734375 0.1708984375 0.884765625 0.1650390625 0.888671875 0.1650390625 0.888671875 0.162109375 0.8935546875 0.1591796875 0.8955078125 0.15625 0.8955078125 0.15234375 0.89208984375 0.150390625 0.88916015625 0.1494140625 0.88916015625 0.142578125 0.89501953125 0.1396484375 0.8955078125 0.1376953125 0.88916015625 0.1337890625 0.88916015625 0.123046875 0.89306640625 0.12109375 0.8955078125 0.119140625 0.896484375 0.1162109375 0.892578125 0.1142578125 0.89013671875 0.1142578125 0.89013671875 0.1064453125 0.88818359375 0.1044921875 0.8759765625 0.1044921875
6 0.923828125 0.361328125 0.9501953125 0.3642578125 0.953125 0.361328125 0.95361328125 0.357421875 0.95361328125 0.35546875 0.958984375 0.353515625 0.958984375 0.34765625 0.9560546875 0.3466796875 0.95458984375 0.3408203125 0.9541015625 0.33984375 0.9541015625 0.3330078125 0.95849609375 0.33203125 0.958984375 0.3310546875 0.95849609375 0.32421875 0.955078125 0.32421875 0.955078125 0.3212890625 0.9541015625 0.318359375 0.951171875 0.3173828125 0.951171875 0.3134765625 0.935546875 0.3125 0.93408203125 0.31640625 0.9345703125 0.3212890625 0.93505859375 0.3251953125 0.93115234375 0.3251953125 0.9296875 0.3232421875 0.923828125 0.322265625 0.92333984375 0.328125 0.91845703125 0.328125 0.91796875 0.3583984375 0.9228515625 0.357421875
9 0.88330078125 0.54296875 0.8515625 0.541015625 0.826171875 0.5380859375 0.81591796875 0.53515625 0.8134765625 0.533203125 0.814453125 0.525390625 0.8232421875 0.5224609375 0.84619140625 0.5205078125 0.88818359375 0.5224609375 0.89404296875 0.5341796875
3 0.9287109375 0.4609375 0.6884765625 0.4423828125 0.45458984375 0.421875 0.14501953125 0.388671875 0.146484375 0.404296875 0.2890625 0.443359375 0.4013671875 0.4658203125 0.46875 0.4755859375 0.61083984375 0.4951171875 0.7841796875 0.4990234375 0.89306640625 0.4990234375 0.92822265625 0.4990234375
4 0.93701171875 0.431640625 0.73046875 0.4140625 0.59716796875 0.40625 0.46875 0.400390625 0.439453125 0.400390625 0.43994140625 0.3798828125 0.4306640625 0.380859375 0.42041015625 0.3828125 0.421875 0.3828125 0.416015625 0.376953125 0.4091796875 0.3720703125 0.400390625 0.3740234375 0.3994140625 0.380859375 0.38427734375 0.3798828125 0.38330078125 0.376953125 0.375 0.3759765625 0.37451171875 0.380859375 0.35791015625 0.380859375 0.35498046875 0.361328125 0.3330078125 0.3603515625 0.31396484375 0.3623046875 0.3134765625 0.37109375 0.3037109375 0.3701171875 0.2998046875 0.37109375 0.28955078125 0.369140625 0.27734375 0.3818359375 0.2744140625 0.380859375 0.27392578125 0.376953125 0.27294921875 0.376953125 0.27197265625 0.3779296875 0.27197265625 0.3798828125 0.2685546875 0.3798828125 0.2685546875 0.3720703125 0.2685546875 0.3681640625 0.2666015625 0.3662109375 0.26123046875 0.3662109375 0.2607421875 0.3759765625 0.26025390625 0.3798828125 0.2548828125 0.3798828125 0.2314453125 0.3740234375 0.23095703125 0.3779296875 0.1953125 0.3759765625 0.19384765625 0.4033203125 0.28662109375 0.4169921875 0.28662109375 0.4169921875 0.3857421875 0.4326171875 0.4482421875 0.4404296875 0.671875 0.4609375 0.83203125 0.47265625 0.935546875 0.4755859375
6 0.72265625 0.35546875 0.7294921875 0.353515625 0.73583984375 0.3544921875 0.73486328125 0.3427734375 0.74072265625 0.3427734375 0.74169921875 0.3447265625 0.7451171875 0.34375 0.74609375 0.3466796875 0.74560546875 0.349609375 0.74072265625 0.353515625 0.740234375 0.3583984375 0.74609375 0.3583984375 0.74658203125 0.359375 0.74658203125 0.3642578125 0.740234375 0.3662109375 0.73974609375 0.3701171875 0.74609375 0.373046875 0.7451171875 0.3798828125 0.73974609375 0.380859375 0.73974609375 0.384765625 0.73486328125 0.3857421875 0.7333984375 0.3857421875 0.73046875 0.384765625 0.7216796875 0.3828125 0.720703125 0.376953125 0.720703125 0.3720703125 0.7216796875 0.3681640625
5 0.4228515625 0.4716796875 0.4248046875 0.361328125 0.4267578125 0.361328125 0.42431640625 0.4697265625
6 0.771484375 0.2216796875 0.7734375 0.171875 0.77978515625 0.173828125 0.779296875 0.1787109375 0.78515625 0.1787109375 0.78515625 0.181640625 0.7802734375 0.189453125 0.7802734375 0.193359375 0.78515625 0.193359375 0.7861328125 0.2001953125 0.77978515625 0.2021484375 0.77978515625 0.2099609375 0.78515625 0.212890625 0.783203125 0.2177734375 0.77978515625 0.216796875 0.77880859375 0.22265625
5 0.73095703125 0.5 0.732421875 0.4453125 0.73388671875 0.298828125 0.73388671875 0.2734375 0.73486328125 0.263671875 0.7373046875 0.2509765625 0.74169921875 0.2421875 0.7685546875 0.201171875 0.76806640625 0.22265625 0.76953125 0.2236328125 0.77587890625 0.2255859375 0.7763671875 0.2197265625 0.77001953125 0.21875 0.7705078125 0.177734375 0.77392578125 0.1767578125 0.775390625 0.1748046875 0.77001953125 0.1748046875 0.76904296875 0.1767578125 0.7685546875 0.1982421875 0.7392578125 0.240234375 0.73486328125 0.2509765625 0.73193359375 0.2666015625 0.72802734375 0.4404296875 0.72705078125 0.4482421875 0.72705078125 0.4990234375
5 0.869140625 0.5029296875 0.8701171875 0.453125 0.86767578125 0.453125 0.86767578125 0.501953125
5 0.8564453125 0.5205078125 0.85888671875 0.4306640625 0.85595703125 0.4296875 0.8544921875 0.521484375
5 0.8212890625 0.50390625 0.822265625 0.4541015625 0.8193359375 0.453125 0.8193359375 0.5029296875
5 0.685546875 0.498046875 0.6865234375 0.453125 0.6845703125 0.4541015625 0.68359375 0.49609375
8 0.6533203125 0.4931640625 0.6513671875 0.4755859375 0.65087890625 0.4658203125 0.65234375 0.458984375 0.650390625 0.4501953125 0.6572265625 0.439453125 0.65234375 0.4404296875 0.65087890625 0.44140625 0.64892578125 0.4365234375 0.6455078125 0.431640625 0.6416015625 0.43359375 0.64208984375 0.4423828125 0.64404296875 0.4453125 0.6416015625 0.4501953125 0.64013671875 0.453125 0.6416015625 0.4599609375 0.640625 0.4658203125 0.64013671875 0.474609375 0.63916015625 0.478515625 0.6376953125 0.484375 0.634765625 0.4912109375 0.634765625 0.4921875
5 0.60986328125 0.4970703125 0.60986328125 0.451171875 0.60791015625 0.4501953125 0.6083984375 0.4951171875
11 0.591796875 0.4658203125 0.5927734375 0.4453125 0.5927734375 0.4404296875 0.5908203125 0.4326171875 0.59375 0.431640625 0.59423828125 0.423828125 0.5927734375 0.4150390625 0.59326171875 0.408203125 0.5966796875 0.4091796875 0.59912109375 0.412109375 0.6025390625 0.423828125 0.6015625 0.4306640625 0.6015625 0.439453125 0.60009765625 0.44140625 0.6015625 0.44921875 0.60107421875 0.4658203125 0.6044921875 0.4775390625 0.60595703125 0.486328125 0.6044921875 0.49609375 0.60107421875 0.4951171875
5 0.52587890625 0.4306640625 0.52880859375 0.40234375 0.52978515625 0.328125 0.52783203125 0.3291015625
7 0.52978515625 0.333984375 0.54052734375 0.333984375 0.54150390625 0.326171875 0.52978515625 0.3251953125
6 0.5224609375 0.3740234375 0.5361328125 0.3740234375 0.53662109375 0.3701171875 0.53662109375 0.35546875 0.5361328125 0.353515625 0.53515625 0.353515625 0.52978515625 0.353515625 0.52978515625 0.3466796875 0.52490234375 0.3466796875 0.52392578125 0.3466796875 0.517578125 0.3486328125 0.517578125 0.3525390625 0.521484375 0.3564453125 0.5224609375 0.3583984375 0.51708984375 0.361328125 0.51708984375 0.3671875 0.52001953125 0.369140625
5 0.5126953125 0.4375 0.513671875 0.404296875 0.5205078125 0.0 0.5166015625 0.0 0.5078125 0.4775390625
5 0.45166015625 0.46484375 0.45263671875 0.41796875 0.45166015625 0.4169921875 0.45361328125 0.337890625 0.45166015625 0.3369140625 0.44873046875 0.4404296875
7 0.44775390625 0.333984375 0.44970703125 0.3291015625 0.45166015625 0.3251953125 0.45458984375 0.3251953125 0.45703125 0.3330078125 0.45654296875 0.341796875 0.45361328125 0.3447265625 0.45068359375 0.34375 0.4482421875 0.3408203125
7 0.44873046875 0.35546875 0.44970703125 0.3447265625 0.4560546875 0.3447265625 0.455078125 0.3564453125
7 0.45263671875 0.3759765625 0.4560546875 0.373046875 0.45654296875 0.3662109375 0.45458984375 0.3583984375 0.45068359375 0.3564453125 0.447265625 0.3642578125 0.447265625 0.37109375 0.4501953125 0.3740234375
7 0.4169921875 0.376953125 0.4248046875 0.3408203125 0.43505859375 0.3759765625
7 0.41650390625 0.4072265625 0.4228515625 0.3828125 0.42333984375 0.380859375 0.4248046875 0.3798828125 0.43310546875 0.408203125
5 0.3046875 0.4443359375 0.30517578125 0.4130859375 0.30810546875 0.412109375 0.30712890625 0.443359375
7 0.21875 0.419921875 0.2197265625 0.4140625 0.220703125 0.3935546875 0.2265625 0.3935546875 0.2255859375 0.42578125
5 0.173828125 0.416015625 0.17431640625 0.3896484375 0.17724609375 0.388671875 0.1767578125 0.416015625
5 0.16259765625 0.412109375 0.16552734375 0.2822265625 0.1630859375 0.28125 0.16162109375 0.384765625 0.1611328125 0.4140625
7 0.1591796875 0.345703125 0.16796875 0.345703125 0.16796875 0.3291015625 0.16015625 0.328125
7 0.16015625 0.32421875 0.16455078125 0.3046875 0.169921875 0.3251953125
5 0.203125 0.4287109375 0.20458984375 0.3095703125 0.20263671875 0.3056640625 0.20263671875 0.287109375 0.21044921875 0.2880859375 0.2109375 0.302734375 0.20751953125 0.3095703125 0.2060546875 0.41015625
5 0.4287109375 0.4755859375 0.4296875 0.43359375 0.43212890625 0.43359375 0.43212890625 0.462890625 0.43212890625 0.4775390625
5 0.41064453125 0.46875 0.41162109375 0.431640625 0.4130859375 0.4306640625 0.412109375 0.4716796875
5 0.3935546875 0.46484375 0.39404296875 0.4287109375 0.396484375 0.4296875 0.3955078125 0.4609375
13 0.22607421875 0.421875 0.23193359375 0.412109375 0.2373046875 0.408203125 0.2421875 0.400390625 0.244140625 0.3974609375 0.26416015625 0.3974609375 0.2705078125 0.4013671875 0.275390625 0.404296875 0.28076171875 0.4169921875 0.28125 0.43359375 0.26953125 0.443359375 0.25146484375 0.44140625 0.23193359375 0.431640625
5 0.00732421875 0.3583984375 0.00732421875 0.326171875 0.0078125 0.3251953125 0.00830078125 0.376953125
6 0.20703125 0.31640625 0.212890625 0.3173828125 0.2177734375 0.318359375 0.21875 0.3212890625 0.2177734375 0.3251953125 0.2138671875 0.330078125 0.21240234375 0.330078125 0.21240234375 0.333984375 0.21533203125 0.3330078125 0.21533203125 0.3369140625 0.21484375 0.3408203125 0.21435546875 0.3427734375 0.205078125 0.33984375
7 0.20654296875 0.3642578125 0.21044921875 0.3623046875 0.2119140625 0.3603515625 0.21240234375 0.3544921875 0.212890625 0.349609375 0.2109375 0.3427734375 0.20751953125 0.341796875 0.205078125 0.3427734375 0.203125 0.349609375 0.203125 0.3583984375 0.2041015625 0.361328125
5 0.1650390625 0.416015625 0.166015625 0.388671875 0.16796875 0.388671875 0.16796875 0.4140625
7 0.15869140625 0.4130859375 0.15576171875 0.412109375 0.15673828125 0.3857421875 0.15966796875 0.384765625
11 0.02001953125 0.3720703125 0.0205078125 0.35546875 0.021484375 0.349609375 0.0224609375 0.3486328125 0.0224609375 0.345703125 0.0234375 0.3427734375 0.025390625 0.3427734375 0.025390625 0.3466796875 0.025390625 0.349609375 0.0263671875 0.349609375 0.02783203125 0.353515625 0.0283203125 0.357421875 0.0283203125 0.3623046875 0.02734375 0.365234375 0.025390625 0.37109375 0.0224609375 0.3779296875
18 0.10107421875 0.3955078125 0.0986328125 0.3935546875 0.09716796875 0.3896484375 0.0966796875 0.3857421875 0.0966796875 0.3828125 0.09912109375 0.37890625 0.10009765625 0.37890625 0.10107421875 0.3779296875 0.09912109375 0.3779296875 0.0986328125 0.373046875 0.09912109375 0.3701171875 0.10107421875 0.369140625 0.1025390625 0.3671875 0.1044921875 0.3671875 0.10546875 0.369140625 0.10595703125 0.3740234375 0.10791015625 0.3740234375 0.10888671875 0.3740234375 0.109375 0.3798828125 0.10986328125 0.3818359375 0.111328125 0.3876953125 0.109375 0.3935546875 0.1083984375 0.3955078125 0.10693359375 0.396484375 0.10498046875 0.3974609375 0.103515625 0.3955078125 0.10302734375 0.39453125
1 0.0 0.7236328125 0.072265625 0.685546875 0.169921875 0.6337890625 0.2158203125 0.609375 0.22021484375 0.6044921875 0.21923828125 0.591796875 0.20947265625 0.580078125 0.14306640625 0.5712890625 0.0 0.576171875
7 0.0517578125 0.3017578125 0.05859375 0.27734375 0.0634765625 0.2861328125 0.064453125 0.3046875
7 0.03369140625 0.3701171875 0.04931640625 0.37109375 0.04931640625 0.361328125 0.04931640625 0.3583984375 0.03759765625 0.357421875 0.03173828125 0.3671875
7 0.0439453125 0.353515625 0.0498046875 0.3486328125 0.05224609375 0.345703125 0.05322265625 0.3408203125 0.0537109375 0.333984375 0.0537109375 0.330078125 0.05126953125 0.32421875 0.048828125 0.3212890625 0.0458984375 0.3203125 0.04345703125 0.3203125 0.0380859375 0.322265625 0.0361328125 0.33203125 0.0361328125 0.34375 0.041015625 0.353515625
7 0.0380859375 0.3603515625 0.0498046875 0.3603515625 0.0498046875 0.34765625 0.037109375 0.345703125
13 0.99951171875 0.3447265625 0.97216796875 0.3466796875 0.9560546875 0.3583984375 0.94775390625 0.3671875 0.94287109375 0.3759765625 0.93310546875 0.384765625 0.91748046875 0.4189453125 0.89404296875 0.4755859375 0.892578125 0.484375 0.88623046875 0.4853515625 0.8818359375 0.484375 0.87890625 0.4853515625 0.87255859375 0.48828125 0.87109375 0.4970703125 0.87255859375 0.5048828125 0.87939453125 0.513671875 0.87353515625 0.5302734375 0.86767578125 0.5595703125 0.8642578125 0.587890625 0.86376953125 0.6357421875 0.8642578125 0.65234375 0.86767578125 0.6630859375 0.8701171875 0.6640625 0.8701171875 0.685546875 0.8701171875 0.701171875 0.87060546875 0.7099609375 0.8740234375 0.712890625 0.88134765625 0.716796875 0.8876953125 0.71875 0.8916015625 0.7177734375 0.89306640625 0.712890625 0.89404296875 0.6982421875 0.89453125 0.69140625 0.89404296875 0.6826171875 0.93017578125 0.7255859375 0.9306640625 0.7548828125 0.93017578125 0.7744140625 0.935546875 0.7958984375 0.94384765625 0.80859375 0.95068359375 0.8095703125 0.962890625 0.810546875 0.970703125 0.794921875 0.97412109375 0.7724609375 0.9765625 0.759765625 0.99951171875 0.7626953125
13 0.4345703125 0.5029296875 0.43408203125 0.4765625 0.43701171875 0.466796875 0.4404296875 0.45703125 0.43603515625 0.458984375 0.435546875 0.4560546875 0.435546875 0.453125 0.435546875 0.4501953125 0.4365234375 0.44921875 0.43798828125 0.44921875 0.439453125 0.44921875 0.4404296875 0.4501953125 0.44091796875 0.4501953125 0.44091796875 0.4521484375 0.44140625 0.453125 0.44384765625 0.4482421875 0.447265625 0.4384765625 0.44970703125 0.4296875 0.4521484375 0.42578125 0.4599609375 0.42578125 0.49462890625 0.4287109375 0.49853515625 0.431640625 0.5009765625 0.4365234375 0.50341796875 0.4541015625 0.49609375 0.4892578125 0.4931640625 0.5126953125 0.48828125 0.5166015625 0.48681640625 0.5185546875 0.48486328125 0.5166015625 0.48388671875 0.513671875 0.47021484375 0.5126953125 0.4658203125 0.5126953125 0.462890625 0.5107421875 0.45703125 0.51171875 0.45703125 0.5166015625 0.45654296875 0.5224609375 0.45458984375 0.5234375 0.4521484375 0.5234375 0.45068359375 0.5234375 0.4482421875 0.5224609375 0.44677734375 0.5205078125 0.447265625 0.509765625 0.44384765625 0.5078125 0.44384765625 0.513671875 0.44287109375 0.515625 0.44091796875 0.5166015625 0.43701171875 0.5166015625 0.43603515625 0.5166015625 0.435546875 0.515625 0.43505859375 0.513671875 0.43505859375 0.5126953125
13 0.48876953125 0.560546875 0.48828125 0.5205078125 0.48876953125 0.5009765625 0.48876953125 0.4873046875 0.48974609375 0.4765625 0.48974609375 0.474609375 0.4892578125 0.46875 0.486328125 0.4677734375 0.482421875 0.466796875 0.4814453125 0.46484375 0.48095703125 0.462890625 0.48095703125 0.4609375 0.48095703125 0.45703125 0.48193359375 0.4541015625 0.4833984375 0.453125 0.486328125 0.451171875 0.4931640625 0.451171875 0.49365234375 0.4541015625 0.49365234375 0.45703125 0.494140625 0.4609375 0.49365234375 0.4638671875 0.49560546875 0.4609375 0.49951171875 0.4384765625 0.5048828125 0.4169921875 0.50830078125 0.40625 0.5126953125 0.40234375 0.53369140625 0.4013671875 0.546875 0.4013671875 0.54833984375 0.3857421875 0.548828125 0.37890625 0.54833984375 0.4013671875 0.56884765625 0.40234375 0.5751953125 0.404296875 0.5859375 0.421875 0.59375 0.4453125 0.60009765625 0.4453125 0.60107421875 0.453125 0.5986328125 0.455078125 0.5986328125 0.45703125 0.6015625 0.4765625 0.60205078125 0.4921875 0.6044921875 0.56640625 0.60302734375 0.587890625 0.60009765625 0.59375 0.59375 0.5927734375 0.58837890625 0.5908203125 0.58837890625 0.5869140625 0.587890625 0.5791015625 0.587890625 0.5703125 0.5849609375 0.5693359375 0.58447265625 0.5712890625 0.58154296875 0.5732421875 0.57763671875 0.5732421875 0.57470703125 0.572265625 0.5732421875 0.5712890625 0.5732421875 0.568359375 0.57275390625 0.56640625 0.52880859375 0.56640625 0.52734375 0.568359375 0.52587890625 0.5673828125 0.52490234375 0.56640625 0.51806640625 0.564453125 0.5166015625 0.5673828125 0.513671875 0.568359375 0.5107421875 0.5673828125 0.50537109375 0.568359375 0.50537109375 0.591796875 0.50341796875 0.59375 0.5 0.59375 0.49560546875 0.5927734375 0.49365234375 0.591796875 0.4921875 0.5869140625 0.49169921875 0.583984375 0.4921875 0.57421875 0.4921875 0.572265625 0.49072265625 0.572265625 0.48974609375 0.572265625 0.48876953125 0.5712890625 0.48876953125 0.568359375
13 0.109375 0.4169921875 0.10888671875 0.4072265625 0.1083984375 0.3994140625 0.109375 0.392578125 0.11279296875 0.390625 0.1171875 0.3916015625 0.12744140625 0.3974609375 0.12890625 0.421875 0.12109375 0.4189453125 0.11572265625 0.416015625
9 0.0 0.51953125 0.08154296875 0.509765625 0.16162109375 0.501953125 0.19580078125 0.4892578125 0.17138671875 0.4541015625 0.15869140625 0.447265625 0.08740234375 0.4169921875 0.0224609375 0.3974609375 0.0 0.3916015625
5 0.1201171875 0.4970703125 0.12109375 0.447265625 0.12353515625 0.447265625 0.12255859375 0.4931640625
5 0.12060546875 0.60546875 0.1259765625 0.39453125 0.12841796875 0.388671875 0.13232421875 0.2548828125 0.13330078125 0.1005859375 0.13525390625 0.0634765625 0.13623046875 0.015625 0.1484375 0.0146484375 0.1474609375 0.1162109375 0.140625 0.1123046875 0.13330078125 0.6083984375
6 0.126953125 0.09765625 0.13916015625 0.099609375 0.14453125 0.109375 0.14404296875 0.1552734375 0.15087890625 0.158203125 0.1533203125 0.1630859375 0.169921875 0.17578125 0.1689453125 0.193359375 0.16259765625 0.19921875 0.15576171875 0.2021484375 0.15087890625 0.201171875 0.14990234375 0.2099609375 0.1689453125 0.216796875 0.16845703125 0.228515625 0.16796875 0.234375 0.1572265625 0.2412109375 0.14990234375 0.240234375 0.14697265625 0.2451171875 0.140625 0.2490234375 0.13525390625 0.2529296875 0.12841796875 0.248046875 0.123046875 0.2431640625 0.11865234375 0.2333984375 0.12255859375 0.103515625
5 0.0849609375 0.421875 0.0849609375 0.396484375 0.08544921875 0.3642578125 0.08544921875 0.33203125 0.0869140625 0.3076171875 0.08984375 0.3076171875 0.08837890625 0.421875
12 0.07763671875 0.4404296875 0.078125 0.4248046875 0.07861328125 0.416015625 0.080078125 0.4130859375 0.08251953125 0.4130859375 0.0830078125 0.412109375 0.0830078125 0.41015625 0.0830078125 0.4052734375 0.0830078125 0.3994140625 0.08544921875 0.396484375 0.08837890625 0.3994140625 0.08935546875 0.4033203125 0.08935546875 0.4072265625 0.08935546875 0.4091796875 0.0927734375 0.412109375 0.09375 0.4150390625 0.0947265625 0.4169921875 0.0947265625 0.421875 0.0947265625 0.4306640625 0.0947265625 0.4365234375 0.09521484375 0.4423828125 0.0966796875 0.4482421875 0.0966796875 0.45703125 0.0966796875 0.478515625 0.09619140625 0.4921875 0.0966796875 0.5078125 0.09521484375 0.5068359375 0.09326171875 0.5078125 0.0810546875 0.490234375 0.080078125 0.486328125 0.080078125 0.4833984375 0.080078125 0.478515625 0.07958984375 0.4736328125 0.0791015625 0.4716796875 0.07861328125 0.466796875 0.078125 0.4658203125 0.078125 0.4619140625 0.07861328125 0.4560546875 0.0771484375 0.4541015625 0.07666015625 0.4521484375 0.07666015625 0.447265625
8 0.05029296875 0.4140625 0.05029296875 0.392578125 0.052734375 0.3681640625 0.052734375 0.35546875 0.05419921875 0.337890625 0.05517578125 0.3203125 0.05810546875 0.298828125 0.06103515625 0.2734375 0.0595703125 0.2197265625 0.078125 0.1943359375 0.080078125 0.212890625 0.07080078125 0.2216796875 0.06787109375 0.2626953125 0.06787109375 0.287109375 0.06591796875 0.3173828125 0.06298828125 0.353515625 0.0595703125 0.3974609375 0.06005859375 0.4267578125 0.05322265625 0.431640625
18 0.07958984375 0.486328125 0.07958984375 0.4931640625 0.0810546875 0.5048828125 0.08251953125 0.51171875 0.0849609375 0.513671875 0.08740234375 0.5126953125 0.08984375 0.515625 0.091796875 0.5146484375 0.09326171875 0.5107421875 0.0927734375 0.5078125 0.09521484375 0.5087890625 0.095703125 0.5048828125 0.09326171875 0.50390625 0.0927734375 0.4892578125 0.091796875 0.4755859375 0.0947265625 0.4736328125 0.0947265625 0.4697265625 0.0927734375 0.4677734375 0.09130859375 0.466796875 0.091796875 0.4638671875 0.091796875 0.458984375 0.091796875 0.455078125 0.09326171875 0.453125 0.0927734375 0.451171875 0.0908203125 0.4482421875 0.0888671875 0.4482421875 0.08740234375 0.4482421875 0.0859375 0.4521484375 0.0869140625 0.453125 0.087890625 0.455078125 0.087890625 0.458984375 0.087890625 0.466796875 0.087890625 0.4697265625 0.0859375 0.4697265625 0.08544921875 0.458984375 0.08203125 0.4560546875 0.0810546875 0.4541015625 0.080078125 0.453125 0.078125 0.453125 0.0751953125 0.453125 0.0751953125 0.455078125 0.078125 0.4560546875 0.08203125 0.4560546875 0.08544921875 0.458984375 0.0859375 0.4697265625 0.0849609375 0.474609375 0.0859375 0.48046875 0.08447265625 0.4814453125 0.0830078125 0.4814453125 0.08154296875 0.484375
5 0.09521484375 0.6328125 0.095703125 0.6259765625 0.09619140625 0.611328125 0.09716796875 0.580078125 0.0966796875 0.5732421875 0.09765625 0.5712890625 0.095703125 0.5380859375 0.09619140625 0.533203125 0.09619140625 0.533203125 0.095703125 0.4921875 0.09375 0.4892578125 0.09423828125 0.4873046875 0.09423828125 0.478515625 0.09521484375 0.4755859375 0.1015625 0.474609375 0.10205078125 0.4814453125 0.103515625 0.4873046875 0.10302734375 0.4892578125 0.103515625 0.52734375 0.1044921875 0.53125 0.103515625 0.53515625 0.10595703125 0.5673828125 0.1064453125 0.57421875 0.10546875 0.5791015625 0.1064453125 0.6123046875 0.107421875 0.615234375 0.10693359375 0.6201171875 0.10791015625 0.6279296875 0.09716796875 0.630859375
6 0.06689453125 0.3134765625 0.0732421875 0.3125 0.07763671875 0.3125 0.078125 0.310546875 0.080078125 0.3095703125 0.083984375 0.30859375 0.08740234375 0.3076171875 0.08837890625 0.3076171875 0.08984375 0.3076171875 0.08984375 0.3232421875 0.0927734375 0.3232421875 0.0927734375 0.3427734375 0.0947265625 0.3408203125 0.0966796875 0.341796875 0.1005859375 0.341796875 0.10302734375 0.341796875 0.10498046875 0.3447265625 0.1064453125 0.3486328125 0.10546875 0.353515625 0.10302734375 0.357421875 0.1015625 0.3642578125 0.099609375 0.3662109375 0.09716796875 0.3671875 0.09521484375 0.3681640625 0.0947265625 0.3681640625 0.09326171875 0.3740234375 0.09130859375 0.376953125 0.08984375 0.3779296875 0.08837890625 0.3740234375 0.08837890625 0.3681640625 0.08447265625 0.3701171875 0.0830078125 0.369140625 0.0830078125 0.376953125 0.07861328125 0.3759765625 0.07666015625 0.37109375 0.072265625 0.3671875 0.0703125 0.3662109375 0.07080078125 0.3642578125 0.07470703125 0.3642578125 0.07470703125 0.3603515625 0.072265625 0.359375 0.0712890625 0.3583984375 0.07080078125 0.3525390625 0.07275390625 0.349609375 0.0751953125 0.3486328125 0.0732421875 0.3466796875 0.07177734375 0.345703125 0.06982421875 0.337890625 0.07080078125 0.3359375 0.07373046875 0.3349609375 0.07568359375 0.3359375 0.07666015625 0.3349609375 0.07373046875 0.3291015625 0.0703125 0.3232421875 0.06884765625 0.3232421875 0.0673828125 0.3212890625 0.06689453125 0.318359375
7 0.005859375 0.3330078125 0.005859375 0.3193359375 0.009765625 0.318359375 0.009765625 0.3330078125
12 0.03759765625 0.4423828125 0.04052734375 0.4306640625 0.04248046875 0.423828125 0.04736328125 0.4130859375 0.04833984375 0.408203125 0.04833984375 0.4033203125 0.04833984375 0.4013671875 0.04931640625 0.3994140625 0.05126953125 0.396484375 0.0537109375 0.396484375 0.05419921875 0.400390625 0.05419921875 0.4052734375 0.0546875 0.408203125 0.06005859375 0.416015625 0.06103515625 0.41796875 0.0615234375 0.42578125 0.06103515625 0.431640625 0.06298828125 0.4375 0.06298828125 0.44140625 0.0615234375 0.4453125 0.06005859375 0.447265625 0.0595703125 0.453125 0.05859375 0.4541015625 0.05810546875 0.484375 0.05810546875 0.48828125 0.05712890625 0.4921875 0.05517578125 0.4931640625 0.05419921875 0.48828125 0.052734375 0.48046875 0.0478515625 0.48828125 0.04736328125 0.498046875 0.046875 0.5 0.0458984375 0.5 0.0439453125 0.5 0.04248046875 0.498046875 0.04345703125 0.4931640625 0.0439453125 0.4873046875 0.04541015625 0.45703125 0.044921875 0.451171875 0.044921875 0.44921875 0.0439453125 0.447265625 0.04345703125 0.4443359375 0.0419921875 0.4482421875 0.04052734375 0.4482421875 0.03955078125 0.4482421875 0.03955078125 0.4482421875
18 0.04736328125 0.515625 0.04638671875 0.50390625 0.044921875 0.501953125 0.04345703125 0.501953125 0.04296875 0.5 0.04541015625 0.5 0.0458984375 0.498046875 0.046875 0.4912109375 0.04833984375 0.4765625 0.04833984375 0.4736328125 0.04833984375 0.4697265625 0.04833984375 0.4658203125 0.04931640625 0.4609375 0.04931640625 0.451171875 0.04296875 0.447265625 0.03955078125 0.44921875 0.0380859375 0.4443359375 0.04248046875 0.4453125 0.05029296875 0.4521484375 0.052734375 0.4521484375 0.0537109375 0.4521484375 0.0537109375 0.4541015625 0.0537109375 0.45703125 0.0537109375 0.458984375 0.05322265625 0.462890625 0.05322265625 0.46484375 0.052734375 0.46875 0.0517578125 0.47265625 0.052734375 0.48046875 0.0546875 0.4833984375 0.0556640625 0.4853515625 0.0576171875 0.486328125 0.05810546875 0.4931640625 0.0576171875 0.4931640625 0.05517578125 0.4951171875 0.0546875 0.4951171875 0.0537109375 0.4951171875 0.05419921875 0.4990234375 0.0546875 0.501953125 0.0537109375 0.501953125 0.05322265625 0.501953125 0.0537109375 0.509765625 0.05322265625 0.5146484375 0.05224609375 0.51953125 0.05126953125 0.5205078125 0.05029296875 0.5185546875 0.04931640625 0.5166015625
5 0.02294921875 0.5029296875 0.0224609375 0.455078125 0.02587890625 0.4541015625 0.02587890625 0.50390625
6 0.0302734375 0.294921875 0.015625 0.2841796875 0.0107421875 0.2734375 0.00439453125 0.26953125 0.00390625 0.2626953125 0.00390625 0.2548828125 0.01025390625 0.2529296875 0.0107421875 0.251953125 0.013671875 0.251953125 0.01171875 0.2373046875 0.00732421875 0.2392578125 0.00244140625 0.234375 0.00341796875 0.224609375 0.00732421875 0.2177734375 0.01171875 0.2158203125 0.0107421875 0.2138671875 0.00732421875 0.2021484375 0.00537109375 0.1943359375 0.0 0.193359375 0.0 0.1708984375 0.01025390625 0.166015625 0.017578125 0.162109375 0.02392578125 0.158203125 0.0302734375 0.16015625 0.03466796875 0.1669921875 0.0390625 0.1787109375 0.03955078125 0.1923828125 0.0341796875 0.201171875 0.03076171875 0.2099609375 0.029296875 0.2138671875 0.0283203125 0.283203125 0.03515625 0.2890625 0.03515625 0.2998046875
6 0.03955078125 0.27734375 0.06201171875 0.27734375 0.06591796875 0.2734375 0.06787109375 0.2646484375 0.0654296875 0.2548828125 0.064453125 0.2470703125 0.06640625 0.23046875 0.0703125 0.2265625 0.06640625 0.2216796875 0.06591796875 0.2216796875 0.06591796875 0.2109375 0.06201171875 0.2001953125 0.0595703125 0.19921875 0.04736328125 0.193359375 0.04248046875 0.193359375 0.04150390625 0.20703125 0.04541015625 0.201171875 0.04248046875 0.271484375 0.03759765625 0.2734375
5 0.0302734375 0.5166015625 0.0390625 0.0751953125 0.03759765625 0.0478515625 0.0361328125 0.0 0.052734375 0.0 0.0478515625 0.095703125 0.0390625 0.443359375 0.029296875 0.521484375
5 0.015625 0.658203125 0.021484375 0.6435546875 0.02783203125 0.4775390625 0.0322265625 0.4765625 0.0361328125 0.4814453125 0.03759765625 0.490234375 0.03515625 0.5869140625 0.033203125 0.59375 0.03369140625 0.6416015625 0.03564453125 0.6494140625 0.03662109375 0.658203125
13 0.24560546875 0.43359375 0.2548828125 0.41796875 0.25830078125 0.412109375 0.2900390625 0.4130859375 0.29248046875 0.41796875 0.2978515625 0.4501953125 0.30029296875 0.4697265625 0.29833984375 0.4873046875 0.2939453125 0.490234375 0.29248046875 0.484375 0.29296875 0.48046875 0.28564453125 0.4794921875 0.2822265625 0.4853515625 0.28076171875 0.4794921875 0.263671875 0.4794921875 0.248046875 0.4453125
13 0.13916015625 0.51171875 0.138671875 0.48828125 0.1416015625 0.4677734375 0.1474609375 0.4599609375 0.15283203125 0.4541015625 0.15478515625 0.4482421875 0.1572265625 0.4443359375 0.162109375 0.4453125 0.1640625 0.4453125 0.1728515625 0.427734375 0.1845703125 0.4169921875 0.2001953125 0.4130859375 0.25 0.416015625 0.25927734375 0.419921875 0.2685546875 0.439453125 0.275390625 0.4794921875 0.2763671875 0.49609375 0.27587890625 0.5078125 0.2734375 0.5166015625 0.271484375 0.5205078125 0.271484375 0.5263671875 0.26953125 0.533203125 0.26416015625 0.537109375 0.2607421875 0.5361328125 0.2568359375 0.53125 0.25634765625 0.5263671875 0.25439453125 0.5224609375 0.23095703125 0.5224609375 0.2216796875 0.5244140625 0.21630859375 0.5234375 0.21630859375 0.5302734375 0.21484375 0.5361328125 0.2099609375 0.5380859375 0.2060546875 0.5380859375 0.201171875 0.5380859375 0.1982421875 0.52734375 0.19775390625 0.5244140625 0.1640625 0.5185546875 0.16015625 0.5263671875 0.15380859375 0.53125 0.14794921875 0.53125 0.14501953125 0.52734375 0.1435546875 0.5244140625
5 0.1640625 0.59375 0.1650390625 0.5830078125 0.1640625 0.552734375 0.1630859375 0.5498046875 0.1650390625 0.5458984375 0.16552734375 0.51953125 0.16552734375 0.5146484375 0.166015625 0.4853515625 0.166015625 0.478515625 0.16796875 0.4697265625 0.17138671875 0.47265625 0.17138671875 0.4775390625 0.171875 0.484375 0.1708984375 0.509765625 0.17138671875 0.5166015625 0.17138671875 0.51953125 0.17138671875 0.5439453125 0.1728515625 0.5478515625 0.1708984375 0.55078125 0.1708984375 0.5830078125 0.171875 0.59375 0.1708984375 0.595703125
5 0.13818359375 0.5849609375 0.13818359375 0.5439453125 0.138671875 0.5380859375 0.138671875 0.5107421875 0.138671875 0.501953125 0.14013671875 0.4794921875 0.14111328125 0.47265625 0.14404296875 0.4716796875 0.14501953125 0.4765625 0.14453125 0.4794921875 0.14404296875 0.5029296875 0.14501953125 0.5087890625 0.14453125 0.5166015625 0.1435546875 0.541015625 0.1455078125 0.5458984375 0.1435546875 0.548828125 0.142578125 0.5859375
13 0.29541015625 0.5625 0.29345703125 0.5263671875 0.2939453125 0.5029296875 0.296875 0.48046875 0.2978515625 0.4697265625 0.29638671875 0.46875 0.29541015625 0.4658203125 0.2939453125 0.458984375 0.2958984375 0.4560546875 0.30126953125 0.453125 0.30224609375 0.453125 0.31005859375 0.41796875 0.3154296875 0.4091796875 0.341796875 0.4072265625 0.34375 0.4013671875 0.34619140625 0.40625 0.3740234375 0.41015625 0.37939453125 0.4169921875 0.38623046875 0.4482421875 0.3876953125 0.4560546875 0.39111328125 0.45703125 0.39306640625 0.4521484375 0.396484375 0.4541015625 0.39892578125 0.45703125 0.39892578125 0.4638671875 0.39794921875 0.46484375 0.39501953125 0.466796875 0.3935546875 0.466796875 0.39208984375 0.466796875 0.3916015625 0.466796875 0.392578125 0.4765625 0.39306640625 0.484375 0.39404296875 0.4892578125 0.39404296875 0.498046875 0.39453125 0.5546875 0.39404296875 0.568359375 0.392578125 0.5703125 0.388671875 0.5703125 0.3828125 0.5703125 0.38232421875 0.56640625 0.38232421875 0.55859375 0.38232421875 0.548828125 0.38134765625 0.5478515625 0.3798828125 0.5546875 0.376953125 0.5546875 0.373046875 0.5546875 0.37109375 0.552734375 0.36962890625 0.548828125 0.33154296875 0.548828125 0.31982421875 0.548828125 0.3193359375 0.552734375 0.31787109375 0.55859375 0.31396484375 0.55859375 0.31103515625 0.5576171875 0.30908203125 0.5556640625 0.30859375 0.5634765625 0.3076171875 0.5693359375 0.3046875 0.572265625 0.30224609375 0.572265625 0.298828125 0.572265625 0.296875 0.5712890625 0.2958984375 0.5693359375
7 0.8505859375 0.4384765625 0.85205078125 0.4326171875 0.85693359375 0.4287109375 0.86083984375 0.4306640625 0.86181640625 0.4384765625 0.861328125 0.455078125 0.85986328125 0.462890625 0.8564453125 0.47265625 0.8544921875 0.4736328125 0.8505859375 0.4677734375 0.8486328125 0.458984375 0.84912109375 0.44921875
7 0.09912109375 0.322265625 0.10498046875 0.322265625 0.10498046875 0.3291015625 0.09912109375 0.328125
7 0.09716796875 0.3349609375 0.10205078125 0.3291015625 0.10595703125 0.3349609375 0.10205078125 0.34375
2 0.37646484375 0.2744140625 0.37548828125 0.2802734375 0.37548828125 0.2861328125 0.37548828125 0.2958984375 0.37646484375 0.298828125 0.37890625 0.2998046875 0.3818359375 0.3046875 0.38525390625 0.3046875 0.38623046875 0.2978515625 0.38427734375 0.296875 0.3828125 0.2939453125 0.38232421875 0.2890625 0.384765625 0.2890625 0.38427734375 0.28515625 0.38525390625 0.2802734375 0.38623046875 0.2841796875 0.38720703125 0.2802734375 0.3876953125 0.2734375 0.384765625 0.2705078125 0.38037109375 0.2705078125
