10 0.123046875 0.0009765625 0.1259765625 0.275390625 0.99951171875 0.4208984375 0.99951171875 0.0 0.12939453125 0.0
0 0.1689453125 0.541015625 0.99951171875 0.4775390625 0.99951171875 0.9990234375 0.0 0.9990234375 0.0 0.5302734375
1 0.0 0.5966796875 0.0302734375 0.599609375 0.046875 0.60546875 0.0595703125 0.6123046875 0.0673828125 0.6220703125 0.06689453125 0.6328125 0.05419921875 0.650390625 0.015625 0.6708984375 0.0 0.67578125
1 0.99951171875 0.654296875 0.98486328125 0.6552734375 0.9501953125 0.6572265625 0.91259765625 0.6591796875 0.888671875 0.662109375 0.8583984375 0.6669921875 0.81640625 0.6748046875 0.7607421875 0.6865234375 0.73779296875 0.6982421875 0.7265625 0.72265625 0.7255859375 0.751953125 0.873046875 0.9990234375 0.99951171875 0.9990234375
8 0.99951171875 0.7060546875 0.99560546875 0.705078125 0.99072265625 0.7109375 0.98876953125 0.712890625 0.98583984375 0.7119140625 0.98291015625 0.708984375 0.982421875 0.7099609375 0.9814453125 0.712890625 0.978515625 0.71484375 0.974609375 0.7177734375 0.9716796875 0.7177734375 0.970703125 0.7197265625 0.9736328125 0.72265625 0.97412109375 0.724609375 0.974609375 0.728515625 0.974609375 0.7294921875 0.97119140625 0.73046875 0.97119140625 0.728515625 0.96923828125 0.7275390625 0.96435546875 0.7265625 0.9609375 0.728515625 0.95947265625 0.7255859375 0.95654296875 0.7255859375 0.9560546875 0.728515625 0.95068359375 0.7294921875 0.9482421875 0.7314453125 0.94287109375 0.7333984375 0.9365234375 0.73828125 0.9267578125 0.7509765625 0.91552734375 0.7724609375 0.8935546875 0.7763671875 0.85498046875 0.775390625 0.78759765625 0.7734375 0.78759765625 0.7705078125 0.7666015625 0.7734375 0.76220703125 0.81640625 0.84521484375 0.958984375 0.86865234375 0.9990234375 0.99951171875 0.9990234375
1 0.0 0.5634765625 0.0400390625 0.56640625 0.146484375 0.564453125 0.2265625 0.5634765625 0.2890625 0.5634765625 0.3935546875 0.5595703125 0.44775390625 0.5576171875 0.4697265625 0.552734375 0.48779296875 0.4912109375 0.37548828125 0.52734375 0.1865234375 0.513671875 0.158203125 0.513671875 0.12451171875 0.5126953125 0.1181640625 0.5 0.0 0.515625
1 0.74951171875 0.56640625 0.76611328125 0.5791015625 0.83203125 0.5849609375 0.9150390625 0.580078125 0.8310546875 0.5673828125 0.82177734375 0.5341796875 0.740234375 0.5302734375
8 0.99951171875 0.5908203125 0.9638671875 0.5908203125 0.91259765625 0.58984375 0.8818359375 0.58203125 0.84326171875 0.5732421875 0.81689453125 0.5634765625 0.822265625 0.544921875 0.8291015625 0.5302734375 0.82861328125 0.5263671875 0.828125 0.521484375 0.8349609375 0.51953125 0.8408203125 0.5224609375 0.845703125 0.521484375 0.85107421875 0.5185546875 0.85595703125 0.5185546875 0.861328125 0.521484375 0.86669921875 0.51953125 0.87646484375 0.5185546875 0.884765625 0.5107421875 0.890625 0.5126953125 0.89111328125 0.515625 0.89892578125 0.5146484375 0.9091796875 0.5087890625 0.9228515625 0.5029296875 0.93603515625 0.5009765625 0.94677734375 0.5068359375 0.96435546875 0.5107421875 0.9697265625 0.5107421875 0.97412109375 0.5078125 0.978515625 0.5126953125 0.99951171875 0.5205078125
2 0.7216796875 0.021484375 0.67822265625 0.03125 0.66796875 0.05078125 0.65576171875 0.05078125 0.64892578125 0.0712890625 0.64501953125 0.076171875 0.6015625 0.2021484375 0.6064453125 0.2041015625 0.6015625 0.2119140625 0.5986328125 0.2177734375 0.5908203125 0.2373046875 0.59033203125 0.2509765625 0.5947265625 0.2529296875 0.59619140625 0.2646484375 0.5966796875 0.30859375 0.75 0.4658203125 0.79248046875 0.234375 0.7373046875 0.06640625
9 0.85693359375 0.833984375 0.85888671875 0.8232421875 0.86328125 0.8115234375 0.86865234375 0.7939453125 0.87451171875 0.7841796875 0.88427734375 0.771484375 0.88525390625 0.76953125 0.8798828125 0.763671875 0.87060546875 0.7666015625 0.86376953125 0.7861328125 0.8642578125 0.787109375 0.857421875 0.783203125 0.84912109375 0.7822265625 0.84423828125 0.7744140625 0.8408203125 0.7763671875 0.83740234375 0.7744140625 0.8349609375 0.7744140625 0.828125 0.7666015625 0.82568359375 0.7705078125 0.822265625 0.76171875 0.81787109375 0.759765625 0.81884765625 0.771484375 0.81591796875 0.7744140625 0.80908203125 0.7744140625 0.8037109375 0.783203125 0.7919921875 0.7802734375 0.80908203125 0.806640625 0.8505859375 0.853515625
8 0.66796875 0.0 0.66650390625 0.0078125 0.67041015625 0.0107421875 0.67333984375 0.01171875 0.67333984375 0.015625 0.6708984375 0.0185546875 0.6708984375 0.0234375 0.67431640625 0.02734375 0.6767578125 0.037109375 0.677734375 0.046875 0.6796875 0.056640625 0.6826171875 0.06640625 0.68212890625 0.0751953125 0.6806640625 0.0791015625 0.6806640625 0.0830078125 0.68359375 0.0869140625 0.68408203125 0.0908203125 0.68505859375 0.0966796875 0.685546875 0.1025390625 0.685546875 0.1025390625 0.685546875 0.10546875 0.6845703125 0.109375 0.6845703125 0.109375 0.6845703125 0.1064453125 0.68310546875 0.1025390625 0.6806640625 0.1044921875 0.6796875 0.1064453125 0.67919921875 0.1064453125 0.67822265625 0.1083984375 0.67822265625 0.109375 0.6767578125 0.1162109375 0.6748046875 0.119140625 0.6728515625 0.1259765625 0.669921875 0.1298828125 0.666015625 0.138671875 0.6650390625 0.14453125 0.669921875 0.14453125 0.673828125 0.1435546875 0.67431640625 0.146484375 0.67041015625 0.1494140625 0.66845703125 0.150390625 0.66796875 0.15234375 0.66748046875 0.1591796875 0.6728515625 0.1591796875 0.671875 0.1708984375 0.6689453125 0.17578125 0.66552734375 0.177734375 0.662109375 0.1767578125 0.66064453125 0.1796875 0.66015625 0.1875 0.65869140625 0.1923828125 0.6552734375 0.193359375 0.65673828125 0.2060546875 0.66015625 0.2060546875 0.6611328125 0.2119140625 0.65576171875 0.21484375 0.6572265625 0.22265625 0.6611328125 0.224609375 0.6611328125 0.23828125 0.66455078125 0.2451171875 0.66796875 0.248046875 0.6728515625 0.251953125 0.6767578125 0.25 0.6787109375 0.24609375 0.6806640625 0.25 0.68359375 0.25 0.68505859375 0.251953125 0.68115234375 0.259765625 0.6826171875 0.2646484375 0.685546875 0.2685546875 0.6884765625 0.265625 0.69140625 0.2626953125 0.69189453125 0.2578125 0.6923828125 0.25 0.69482421875 0.251953125 0.6953125 0.259765625 0.69873046875 0.259765625 0.703125 0.2587890625 0.70703125 0.259765625 0.7080078125 0.2529296875 0.70947265625 0.24609375 0.7080078125 0.240234375 0.7119140625 0.23828125 0.71337890625 0.236328125 0.71240234375 0.2421875 0.71337890625 0.25 0.71826171875 0.25 0.72119140625 0.2509765625 0.7236328125 0.248046875 0.72216796875 0.240234375 0.724609375 0.2412109375 0.72802734375 0.2431640625 0.7275390625 0.25 0.72802734375 0.2578125 0.7275390625 0.265625 0.72705078125 0.2724609375 0.72607421875 0.28125 0.72607421875 0.283203125 0.72412109375 0.291015625 0.71923828125 0.296875 0.7158203125 0.3056640625 0.71533203125 0.3134765625 0.71337890625 0.3193359375 0.71337890625 0.30078125 0.70849609375 0.3046875 0.708984375 0.29296875 0.70947265625 0.2861328125 0.70458984375 0.287109375 0.70166015625 0.298828125 0.69970703125 0.3017578125 0.69580078125 0.2958984375 0.69580078125 0.287109375 0.68896484375 0.2939453125 0.68212890625 0.314453125 0.7548828125 0.5341796875 0.76025390625 0.5458984375 0.7744140625 0.54296875 0.78759765625 0.5390625 0.81201171875 0.546875 0.81494140625 0.55078125 0.81689453125 0.564453125 0.82861328125 0.572265625 0.89013671875 0.5869140625 0.9453125 0.59375 0.99951171875 0.595703125 0.99951171875 0.0
5 0.83984375 0.5234375 0.83984375 0.46875 0.84033203125 0.412109375 0.837890625 0.412109375 0.83740234375 0.46484375 0.8369140625 0.5244140625
2 0.0 0.0 0.19384765625 0.0 0.22119140625 0.0 0.22119140625 0.1904296875 0.22119140625 0.2021484375 0.220703125 0.21484375 0.21923828125 0.2197265625 0.22802734375 0.2197265625 0.22998046875 0.2333984375 0.24169921875 0.2333984375 0.2626953125 0.2177734375 0.27783203125 0.2021484375 0.29345703125 0.2109375 0.42236328125 0.328125 0.388671875 0.498046875 0.1494140625 0.5146484375 0.11328125 0.5107421875 0.05712890625 0.5126953125 0.0 0.5166015625
3 0.18310546875 0.501953125 0.1826171875 0.5302734375 0.2197265625 0.537109375 0.2685546875 0.5390625 0.3203125 0.5400390625 0.359375 0.5400390625 0.4111328125 0.5380859375 0.44970703125 0.5244140625 0.4814453125 0.5283203125 0.48486328125 0.5029296875 0.38330078125 0.4990234375 0.279296875 0.4970703125 0.21337890625 0.498046875
9 0.1826171875 0.5029296875 0.224609375 0.5078125 0.2734375 0.50390625 0.32177734375 0.5068359375 0.3623046875 0.5048828125 0.41259765625 0.5068359375 0.46630859375 0.50390625 0.45703125 0.5 0.45458984375 0.4970703125 0.453125 0.4951171875 0.45166015625 0.4951171875 0.451171875 0.4970703125 0.45068359375 0.4931640625 0.44775390625 0.4931640625 0.40380859375 0.49609375 0.36328125 0.4921875 0.345703125 0.490234375 0.29296875 0.490234375 0.26123046875 0.486328125 0.234375 0.486328125 0.21484375 0.4892578125 0.197265625 0.4912109375
8 0.19140625 0.0 0.189453125 0.0 0.18994140625 0.00390625 0.1865234375 0.009765625 0.189453125 0.0166015625 0.19140625 0.0244140625 0.1943359375 0.03125 0.19677734375 0.0400390625 0.197265625 0.048828125 0.1962890625 0.0556640625 0.19970703125 0.0615234375 0.20166015625 0.0634765625 0.20361328125 0.0703125 0.20166015625 0.0751953125 0.19775390625 0.07421875 0.1982421875 0.0810546875 0.20068359375 0.0859375 0.201171875 0.08984375 0.19873046875 0.08984375 0.1962890625 0.091796875 0.1962890625 0.0966796875 0.1982421875 0.103515625 0.20166015625 0.1025390625 0.2021484375 0.1064453125 0.2021484375 0.1103515625 0.2021484375 0.1142578125 0.20361328125 0.1201171875 0.2080078125 0.12890625 0.21533203125 0.130859375 0.2138671875 0.123046875 0.2119140625 0.1171875 0.21435546875 0.1171875 0.2177734375 0.119140625 0.21923828125 0.1171875 0.220703125 0.115234375 0.22021484375 0.119140625 0.22119140625 0.123046875 0.220703125 0.126953125 0.21923828125 0.1298828125 0.22119140625 0.130859375 0.22509765625 0.1337890625 0.22705078125 0.1357421875 0.228515625 0.1337890625 0.2314453125 0.134765625 0.23095703125 0.140625 0.22998046875 0.142578125 0.22998046875 0.1455078125 0.234375 0.146484375 0.2373046875 0.14453125 0.23779296875 0.140625 0.2421875 0.1416015625 0.24609375 0.1435546875 0.2421875 0.146484375 0.23876953125 0.146484375 0.23681640625 0.15234375 0.23583984375 0.154296875 0.23291015625 0.1552734375 0.23193359375 0.162109375 0.228515625 0.1669921875 0.2275390625 0.1708984375 0.2275390625 0.1748046875 0.2314453125 0.171875 0.232421875 0.171875 0.2294921875 0.1806640625 0.22607421875 0.1884765625 0.22412109375 0.1943359375 0.224609375 0.2001953125 0.22802734375 0.2041015625 0.23095703125 0.20703125 0.23291015625 0.212890625 0.23291015625 0.21484375 0.23046875 0.2158203125 0.2275390625 0.216796875 0.22705078125 0.2216796875 0.22705078125 0.2216796875 0.22607421875 0.2294921875 0.232421875 0.224609375 0.23583984375 0.228515625 0.23828125 0.2294921875 0.2392578125 0.2265625 0.2392578125 0.22265625 0.24169921875 0.2197265625 0.2431640625 0.2236328125 0.24365234375 0.2275390625 0.24365234375 0.2314453125 0.244140625 0.2373046875 0.24755859375 0.2412109375 0.25244140625 0.2412109375 0.25439453125 0.236328125 0.25390625 0.23046875 0.255859375 0.224609375 0.251953125 0.2197265625 0.2509765625 0.2119140625 0.25146484375 0.205078125 0.2548828125 0.2021484375 0.2607421875 0.201171875 0.26220703125 0.2109375 0.26025390625 0.2158203125 0.26025390625 0.224609375 0.26025390625 0.224609375 0.263671875 0.224609375 0.2666015625 0.2255859375 0.26171875 0.228515625 0.26171875 0.2314453125 0.26513671875 0.2353515625 0.26611328125 0.2373046875 0.2626953125 0.2421875 0.26416015625 0.24609375 0.2666015625 0.2451171875 0.2705078125 0.2451171875 0.267578125 0.248046875 0.263671875 0.2529296875 0.2607421875 0.2578125 0.26123046875 0.26171875 0.2578125 0.26171875 0.255859375 0.265625 0.25537109375 0.2724609375 0.25439453125 0.2802734375 0.251953125 0.2841796875 0.24951171875 0.2880859375 0.25439453125 0.294921875 0.25830078125 0.294921875 0.25537109375 0.2998046875 0.25390625 0.306640625 0.25439453125 0.3193359375 0.25 0.32421875 0.24462890625 0.3310546875 0.2392578125 0.337890625 0.2373046875 0.34765625 0.2421875 0.3486328125 0.2421875 0.3544921875 0.24072265625 0.3623046875 0.23681640625 0.3701171875 0.23876953125 0.376953125 0.24072265625 0.3828125 0.23828125 0.3974609375 0.2421875 0.408203125 0.2451171875 0.392578125 0.25 0.4013671875 0.25390625 0.412109375 0.26416015625 0.419921875 0.26953125 0.4072265625 0.27197265625 0.3994140625 0.271484375 0.408203125 0.2763671875 0.416015625 0.283203125 0.408203125 0.283203125 0.3955078125 0.29150390625 0.400390625 0.30126953125 0.4013671875 0.30908203125 0.4013671875 0.322265625 0.3857421875 0.33203125 0.3828125 0.34521484375 0.3759765625 0.35009765625 0.373046875 0.353515625 0.3671875 0.35107421875 0.353515625 0.35205078125 0.34765625 0.357421875 0.34765625 0.36083984375 0.3466796875 0.359375 0.3544921875 0.3564453125 0.3642578125 0.3564453125 0.3779296875 0.35205078125 0.3876953125 0.353515625 0.3935546875 0.3564453125 0.3994140625 0.35302734375 0.4072265625 0.35498046875 0.4150390625 0.35546875 0.42578125 0.35546875 0.43359375 0.3583984375 0.4384765625 0.361328125 0.4384765625 0.3564453125 0.4833984375 0.3525390625 0.49609375 0.453125 0.49609375 0.458984375 0.5 0.48291015625 0.50390625 0.54833984375 0.310546875 0.6015625 0.3056640625 0.599609375 0.23046875 0.59423828125 0.224609375 0.59423828125 0.2158203125 0.59619140625 0.2060546875 0.5859375 0.2001953125 0.59033203125 0.1904296875 0.58837890625 0.177734375 0.58203125 0.1806640625 0.57861328125 0.17578125 0.5859375 0.169921875 0.58984375 0.158203125 0.59619140625 0.15234375 0.5966796875 0.142578125 0.603515625 0.126953125 0.59765625 0.126953125 0.59521484375 0.1142578125 0.60107421875 0.12109375 0.6123046875 0.1240234375 0.61572265625 0.109375 0.6083984375 0.1142578125 0.60546875 0.1103515625 0.60498046875 0.103515625 0.6044921875 0.09765625 0.6015625 0.091796875 0.59619140625 0.091796875 0.6025390625 0.080078125 0.6044921875 0.064453125 0.603515625 0.060546875 0.60546875 0.0576171875 0.607421875 0.0517578125 0.60498046875 0.04296875 0.599609375 0.044921875 0.60009765625 0.0361328125 0.599609375 0.0244140625 0.59521484375 0.0263671875 0.59423828125 0.0185546875 0.5966796875 0.013671875 0.6015625 0.0078125 0.60498046875 0.0
5 0.8046875 0.5546875 0.8056640625 0.462890625 0.8056640625 0.3544921875 0.8017578125 0.35546875 0.80126953125 0.4384765625 0.79931640625 0.5234375 0.79931640625 0.552734375
7 0.79931640625 0.3310546875 0.80712890625 0.3310546875 0.81396484375 0.345703125 0.81201171875 0.3623046875 0.80615234375 0.369140625 0.79931640625 0.3681640625 0.7939453125 0.357421875 0.794921875 0.341796875
6 0.80517578125 0.37890625 0.7998046875 0.3837890625 0.79296875 0.3857421875 0.79345703125 0.3935546875 0.80126953125 0.3955078125 0.80126953125 0.40234375 0.79345703125 0.4033203125 0.7939453125 0.41015625 0.80224609375 0.41015625 0.802734375 0.4208984375 0.80810546875 0.4208984375 0.80810546875 0.3818359375
7 0.8310546875 0.380859375 0.8369140625 0.3740234375 0.84521484375 0.3759765625 0.849609375 0.3876953125 0.85009765625 0.40234375 0.8447265625 0.4150390625 0.8369140625 0.4169921875 0.83154296875 0.4091796875 0.82958984375 0.3955078125
5 0.8623046875 0.6953125 0.8642578125 0.603515625 0.86376953125 0.486328125 0.8671875 0.4814453125 0.86865234375 0.2451171875 0.87060546875 0.177734375 0.87744140625 0.16015625 0.8876953125 0.1689453125 0.88330078125 0.2431640625 0.88232421875 0.4833984375 0.8857421875 0.4970703125 0.8818359375 0.697265625
7 0.99951171875 0.0556640625 0.9404296875 0.0556640625 0.9404296875 0.0634765625 0.974609375 0.169921875 0.99951171875 0.0859375
7 0.9423828125 0.0 0.94287109375 0.033203125 0.99951171875 0.03125 0.99951171875 0.0
5 0.9384765625 0.697265625 0.93408203125 0.26171875 0.93017578125 0.0 0.921875 0.0 0.9248046875 0.4189453125 0.9306640625 0.69921875
7 0.89892578125 0.18359375 0.89892578125 0.1796875 0.96484375 0.1796875 0.96630859375 0.22265625 0.90234375 0.2236328125 0.8994140625 0.22265625
5 0.43994140625 0.5439453125 0.43994140625 0.4677734375 0.4384765625 0.4453125 0.43896484375 0.4091796875 0.4404296875 0.2861328125 0.4443359375 0.2578125 0.45263671875 0.236328125 0.46240234375 0.2255859375 0.5107421875 0.20703125 0.55029296875 0.193359375 0.5498046875 0.1884765625 0.5302734375 0.19140625 0.49560546875 0.2041015625 0.462890625 0.2158203125 0.4521484375 0.2265625 0.44140625 0.25390625 0.43603515625 0.2822265625 0.435546875 0.466796875 0.43408203125 0.4736328125 0.43408203125 0.54296875
7 0.4482421875 0.2841796875 0.4296875 0.2841796875 0.4287109375 0.32421875 0.4462890625 0.32421875
7 0.42822265625 0.322265625 0.44677734375 0.3232421875 0.44677734375 0.3427734375 0.4287109375 0.3427734375
6 0.43359375 0.3583984375 0.44189453125 0.359375 0.4423828125 0.3642578125 0.4453125 0.3642578125 0.4462890625 0.3681640625 0.44580078125 0.3701171875 0.44189453125 0.3701171875 0.44189453125 0.376953125 0.4482421875 0.376953125 0.44873046875 0.3798828125 0.44873046875 0.3818359375 0.44775390625 0.3837890625 0.44189453125 0.390625 0.44140625 0.3935546875 0.4482421875 0.3935546875 0.44873046875 0.3974609375 0.4482421875 0.400390625 0.4482421875 0.40234375 0.4453125 0.4033203125 0.44140625 0.4052734375 0.44091796875 0.4130859375 0.43408203125 0.4140625
6 0.54736328125 0.16796875 0.55712890625 0.16796875 0.55712890625 0.2197265625 0.546875 0.2216796875
11 0.42431640625 0.439453125 0.42041015625 0.439453125 0.41845703125 0.4423828125 0.41796875 0.451171875 0.41650390625 0.4560546875 0.4140625 0.4609375 0.4130859375 0.4697265625 0.4140625 0.4794921875 0.412109375 0.484375 0.4111328125 0.490234375 0.4111328125 0.501953125 0.40966796875 0.5048828125 0.41015625 0.51171875 0.4150390625 0.513671875 0.41748046875 0.5126953125 0.4169921875 0.5205078125 0.41650390625 0.5341796875 0.4169921875 0.5498046875 0.42431640625 0.55078125 0.43115234375 0.55078125 0.43115234375 0.5478515625 0.42724609375 0.5458984375 0.42724609375 0.541015625 0.4267578125 0.5224609375 0.42822265625 0.5 0.42919921875 0.498046875 0.42919921875 0.4833984375 0.42822265625 0.47265625 0.42626953125 0.4638671875 0.4228515625 0.45703125 0.42529296875 0.45703125 0.42626953125 0.4541015625 0.4267578125 0.447265625 0.42529296875 0.4404296875
11 0.9130859375 0.439453125 0.90966796875 0.4404296875 0.908203125 0.4453125 0.90869140625 0.4521484375 0.90966796875 0.4541015625 0.9072265625 0.45703125 0.90283203125 0.4619140625 0.9013671875 0.4697265625 0.89990234375 0.4873046875 0.90283203125 0.4873046875 0.9033203125 0.498046875 0.90478515625 0.5078125 0.9091796875 0.509765625 0.91162109375 0.5087890625 0.9140625 0.5078125 0.9150390625 0.5087890625 0.9169921875 0.5068359375 0.9169921875 0.5 0.9169921875 0.490234375 0.91748046875 0.4873046875 0.91845703125 0.4873046875 0.919921875 0.4853515625 0.92138671875 0.4814453125 0.9189453125 0.4658203125 0.916015625 0.4599609375 0.91455078125 0.455078125 0.91552734375 0.44921875 0.91455078125 0.443359375
11 0.94580078125 0.458984375 0.94580078125 0.453125 0.94677734375 0.44921875 0.9501953125 0.447265625 0.9521484375 0.4501953125 0.95263671875 0.455078125 0.953125 0.4609375 0.95458984375 0.4658203125 0.95654296875 0.48046875 0.95654296875 0.4912109375 0.95654296875 0.5 0.95654296875 0.5087890625 0.955078125 0.5107421875 0.9521484375 0.50390625
11 0.4814453125 0.46484375 0.47705078125 0.466796875 0.474609375 0.478515625 0.47265625 0.498046875 0.47509765625 0.4970703125 0.4755859375 0.501953125 0.4833984375 0.501953125
11 0.94189453125 0.50390625 0.93994140625 0.4990234375 0.93994140625 0.478515625 0.94287109375 0.4716796875 0.94091796875 0.46875 0.94091796875 0.4619140625 0.94091796875 0.45703125 0.94384765625 0.455078125 0.94775390625 0.458984375 0.94873046875 0.46484375 0.94873046875 0.46875 0.95068359375 0.47265625 0.95263671875 0.48046875 0.9521484375 0.4892578125 0.95166015625 0.5009765625 0.95068359375 0.5068359375 0.94580078125 0.5068359375
11 0.0068359375 0.443359375 0.00341796875 0.4453125 0.0 0.4541015625 0.0 0.51953125 0.009765625 0.5205078125 0.01025390625 0.4541015625 0.01025390625 0.447265625
11 0.962890625 0.466796875 0.9619140625 0.462890625 0.9619140625 0.4541015625 0.96435546875 0.4521484375 0.966796875 0.4541015625 0.9677734375 0.458984375 0.96875 0.4619140625 0.970703125 0.4638671875 0.97412109375 0.466796875 0.97607421875 0.47265625 0.97607421875 0.48046875 0.9775390625 0.48828125 0.978515625 0.4951171875 0.97998046875 0.51171875 0.96337890625 0.515625 0.96044921875 0.51171875 0.9599609375 0.4951171875 0.9599609375 0.478515625 0.9599609375 0.4736328125
11 0.98583984375 0.4765625 0.98388671875 0.486328125 0.98046875 0.490234375 0.9775390625 0.4892578125 0.9775390625 0.4931640625 0.98388671875 0.498046875 0.9873046875 0.48828125 0.98486328125 0.5087890625 0.98583984375 0.51171875 0.986328125 0.5205078125 0.99951171875 0.5205078125 0.99951171875 0.4794921875 0.9951171875 0.4716796875 0.994140625 0.46484375 0.9931640625 0.462890625 0.98876953125 0.4599609375 0.986328125 0.462890625 0.98486328125 0.4677734375
11 0.4619140625 0.4619140625 0.46240234375 0.4560546875 0.46337890625 0.4521484375 0.46533203125 0.4521484375 0.4677734375 0.4541015625 0.4677734375 0.458984375 0.4677734375 0.4609375 0.46826171875 0.46484375 0.46923828125 0.466796875 0.4716796875 0.4921875 0.4697265625 0.49609375 0.46875 0.5078125 0.46875 0.52734375 0.4658203125 0.5283203125 0.46533203125 0.5087890625 0.4638671875 0.5087890625 0.46484375 0.52734375 0.46240234375 0.5283203125 0.462890625 0.5263671875 0.4619140625 0.5205078125 0.4609375 0.5185546875 0.46044921875 0.5078125 0.4599609375 0.5068359375 0.45947265625 0.5009765625 0.45849609375 0.49609375 0.45654296875 0.48828125 0.45703125 0.48046875 0.4580078125 0.4755859375 0.458984375 0.46875
17 0.466796875 0.521484375 0.46630859375 0.5380859375 0.4677734375 0.5546875 0.47021484375 0.5595703125 0.4736328125 0.564453125 0.4775390625 0.5625 0.47998046875 0.5458984375 0.4794921875 0.5126953125 0.47802734375 0.5087890625 0.474609375 0.5078125 0.46923828125 0.509765625 0.46826171875 0.5146484375
11 0.166015625 0.4541015625 0.16796875 0.455078125 0.169921875 0.4599609375 0.1728515625 0.4609375 0.173828125 0.486328125 0.1728515625 0.486328125 0.17431640625 0.498046875 0.17529296875 0.5068359375 0.17724609375 0.5107421875 0.17626953125 0.513671875 0.169921875 0.513671875 0.1728515625 0.509765625 0.171875 0.501953125 0.169921875 0.4951171875 0.16748046875 0.4990234375 0.166015625 0.5087890625 0.1650390625 0.513671875 0.16259765625 0.5126953125 0.16015625 0.51171875 0.15869140625 0.509765625 0.16064453125 0.5087890625 0.162109375 0.5087890625 0.1640625 0.5 0.1640625 0.4951171875 0.16552734375 0.48828125 0.166015625 0.4853515625 0.16552734375 0.4677734375 0.1650390625 0.4619140625 0.16455078125 0.4599609375 0.1640625 0.4560546875
5 0.01123046875 0.2333984375 0.01708984375 0.234375 0.01708984375 0.3701171875 0.015625 0.453125 0.01513671875 0.50390625 0.01416015625 0.5625 0.00732421875 0.5615234375 0.00927734375 0.474609375 0.00927734375 0.451171875 0.01025390625 0.357421875 0.01123046875 0.2685546875
13 0.498046875 0.3134765625 0.51123046875 0.3076171875 0.515625 0.296875 0.53076171875 0.2939453125 0.54541015625 0.3017578125 0.58984375 0.2978515625 0.64892578125 0.298828125 0.654296875 0.2880859375 0.67236328125 0.2900390625 0.69677734375 0.3076171875 0.7119140625 0.32421875 0.71435546875 0.333984375 0.72705078125 0.3466796875 0.732421875 0.3583984375 0.744140625 0.41015625 0.7451171875 0.4150390625 0.74609375 0.431640625 0.75 0.4306640625 0.75927734375 0.431640625 0.76318359375 0.4384765625 0.76416015625 0.453125 0.7607421875 0.4638671875 0.74951171875 0.466796875 0.75732421875 0.5078125 0.75634765625 0.53125 0.76171875 0.548828125 0.76513671875 0.5732421875 0.76708984375 0.6064453125 0.76220703125 0.64453125 0.75390625 0.6572265625 0.73583984375 0.6591796875 0.72705078125 0.64453125 0.72216796875 0.6318359375 0.70166015625 0.642578125 0.69970703125 0.68359375 0.69287109375 0.703125 0.68115234375 0.7060546875 0.6708984375 0.70703125 0.666015625 0.6943359375 0.6611328125 0.6708984375 0.65869140625 0.658203125 0.533203125 0.658203125 0.52587890625 0.689453125 0.51220703125 0.6943359375 0.50048828125 0.6904296875 0.4931640625 0.666015625 0.49169921875 0.6494140625 0.4833984375 0.6435546875 0.4794921875 0.6083984375 0.4775390625 0.5380859375 0.478515625 0.4443359375 0.486328125 0.3662109375
11 0.23779296875 0.4873046875 0.23779296875 0.474609375 0.23876953125 0.47265625 0.23876953125 0.46875 0.2392578125 0.4658203125 0.23974609375 0.46484375 0.24169921875 0.46484375 0.24365234375 0.4677734375 0.24365234375 0.4697265625 0.24365234375 0.4716796875 0.24462890625 0.47265625 0.24609375 0.478515625 0.24755859375 0.486328125 0.24755859375 0.4873046875 0.24755859375 0.4873046875
11 0.0751953125 0.4814453125 0.0751953125 0.4775390625 0.076171875 0.4736328125 0.0771484375 0.47265625 0.0771484375 0.466796875 0.07861328125 0.46484375 0.080078125 0.46484375 0.0810546875 0.4677734375 0.0810546875 0.4716796875 0.08203125 0.4716796875 0.08349609375 0.4736328125 0.083984375 0.4765625 0.08349609375 0.4814453125
5 0.8212890625 0.5458984375 0.82080078125 0.5107421875 0.8203125 0.46484375 0.8203125 0.3427734375 0.8193359375 0.2177734375 0.81787109375 0.216796875 0.81689453125 0.5166015625 0.81689453125 0.5498046875
6 0.87109375 0.0 0.87060546875 0.0869140625 0.8642578125 0.0869140625 0.86474609375 0.1162109375 0.869140625 0.1162109375 0.869140625 0.1435546875 0.8642578125 0.1435546875 0.86376953125 0.173828125 0.869140625 0.173828125 0.87060546875 0.1806640625 0.90380859375 0.177734375 0.90234375 0.087890625 0.90234375 0.0
6 0.01611328125 0.3017578125 0.0048828125 0.3017578125 0.0009765625 0.310546875 0.00341796875 0.3203125 0.00390625 0.3232421875 0.00341796875 0.3291015625 0.0009765625 0.33203125 0.00146484375 0.33984375 0.00390625 0.3447265625 0.00732421875 0.3486328125 0.01611328125 0.3486328125
