6 0.0 0.390625 0.48876953125 0.40234375 0.9169921875 0.330078125 0.99951171875 0.0 0.0 0.0
10 0.0 0.390625 0.48876953125 0.40234375 0.9169921875 0.330078125 0.99951171875 0.0 0.0 0.0
8 0.61767578125 0.4248046875 0.59912109375 0.427734375 0.595703125 0.3916015625 0.59375 0.3369140625 0.5703125 0.32421875 0.56103515625 0.3212890625 0.55712890625 0.3212890625 0.5517578125 0.328125 0.55224609375 0.3349609375 0.5556640625 0.33203125 0.55908203125 0.33984375 0.56396484375 0.3603515625 0.5693359375 0.3681640625 0.5703125 0.384765625 0.5458984375 0.3603515625 0.51904296875 0.3544921875 0.49951171875 0.3115234375 0.48974609375 0.2861328125 0.47607421875 0.265625 0.46484375 0.1787109375 0.4736328125 0.119140625 0.484375 0.0 0.68017578125 0.0 0.68310546875 0.28515625 0.677734375 0.361328125 0.63525390625 0.3671875 0.62158203125 0.3935546875
2 0.671875 0.0 0.66650390625 0.4716796875 0.99951171875 0.4951171875 0.99951171875 0.0
3 0.99951171875 0.357421875 0.72705078125 0.4033203125 0.66015625 0.43359375 0.60107421875 0.4560546875 0.578125 0.45703125 0.57470703125 0.4443359375 0.57275390625 0.4921875 0.591796875 0.5087890625 0.6611328125 0.5458984375 0.74951171875 0.53515625 0.85693359375 0.5712890625 0.99951171875 0.6201171875
0 0.0 0.6953125 0.40625 0.4619140625 0.55517578125 0.4736328125 0.58935546875 0.4970703125 0.99951171875 0.6796875 0.99951171875 0.9990234375 0.0 0.9990234375
1 0.99951171875 0.8505859375 0.70751953125 0.595703125 0.6171875 0.5263671875 0.5634765625 0.498046875 0.54296875 0.4970703125 0.54150390625 0.49609375 0.54345703125 0.4921875 0.55126953125 0.4892578125 0.57080078125 0.4873046875 0.57861328125 0.4921875 0.60888671875 0.4921875 0.662109375 0.4931640625 0.99951171875 0.599609375
17 0.0 0.73046875 0.2763671875 0.56640625 0.39208984375 0.4931640625 0.4072265625 0.48046875 0.365234375 0.46875 0.26171875 0.4892578125 0.19873046875 0.51171875 0.14501953125 0.53125 0.0 0.56640625
1 0.0 0.57421875 0.11279296875 0.5830078125 0.130859375 0.595703125 0.1455078125 0.5673828125 0.2734375 0.5361328125 0.3486328125 0.4599609375 0.32275390625 0.4443359375 0.1025390625 0.5009765625 0.0869140625 0.5068359375 0.0 0.5302734375
9 0.99951171875 0.5068359375 0.9189453125 0.5361328125 0.84619140625 0.4970703125 0.81640625 0.474609375 0.7939453125 0.501953125 0.76416015625 0.4873046875 0.751953125 0.5068359375 0.71240234375 0.4970703125 0.69970703125 0.484375 0.69482421875 0.4814453125 0.68603515625 0.498046875 0.6748046875 0.5107421875 0.662109375 0.5068359375 0.66064453125 0.4873046875 0.6640625 0.4677734375 0.65673828125 0.455078125 0.658203125 0.4365234375 0.64404296875 0.4384765625 0.62548828125 0.44921875 0.61083984375 0.4521484375 0.595703125 0.4560546875 0.5927734375 0.4560546875 0.5947265625 0.43359375 0.609375 0.3955078125 0.60986328125 0.3837890625 0.6240234375 0.3798828125 0.6328125 0.3662109375 0.64306640625 0.353515625 0.66015625 0.345703125 0.67138671875 0.34375 0.68359375 0.345703125 0.6953125 0.349609375 0.70458984375 0.3427734375 0.7060546875 0.3330078125 0.705078125 0.3203125 0.70947265625 0.3046875 0.71533203125 0.294921875 0.71923828125 0.2841796875 0.7255859375 0.275390625 0.7314453125 0.2705078125 0.7314453125 0.263671875 0.73486328125 0.259765625 0.7333984375 0.25 0.7333984375 0.23828125 0.74169921875 0.24609375 0.74560546875 0.24609375 0.75537109375 0.2431640625 0.75439453125 0.2392578125 0.75 0.2373046875 0.75048828125 0.23046875 0.75390625 0.228515625 0.75439453125 0.2255859375 0.75244140625 0.2197265625 0.75390625 0.212890625 0.75341796875 0.208984375 0.75146484375 0.2021484375 0.75537109375 0.1982421875 0.759765625 0.203125 0.76025390625 0.1982421875 0.76318359375 0.1953125 0.76611328125 0.1923828125 0.76806640625 0.1982421875 0.7666015625 0.203125 0.76708984375 0.2138671875 0.76708984375 0.2177734375 0.771484375 0.216796875 0.771484375 0.2138671875 0.76953125 0.2060546875 0.7705078125 0.201171875 0.77197265625 0.1982421875 0.77001953125 0.19140625 0.7724609375 0.1884765625 0.78125 0.1865234375 0.77978515625 0.1708984375 0.78369140625 0.166015625 0.7880859375 0.1708984375 0.79150390625 0.18359375 0.79638671875 0.16015625 0.8017578125 0.1591796875 0.8056640625 0.171875 0.80859375 0.1552734375 0.81591796875 0.1572265625 0.814453125 0.1767578125 0.81689453125 0.177734375 0.82177734375 0.1748046875 0.82568359375 0.15625 0.8330078125 0.158203125 0.8369140625 0.171875 0.8369140625 0.1826171875 0.83740234375 0.1923828125 0.833984375 0.2021484375 0.8388671875 0.2060546875 0.84130859375 0.2001953125 0.8466796875 0.181640625 0.85498046875 0.1787109375 0.8642578125 0.1865234375 0.85791015625 0.193359375 0.85791015625 0.2001953125 0.86669921875 0.1904296875 0.869140625 0.197265625 0.87060546875 0.2041015625 0.87548828125 0.2099609375 0.87451171875 0.216796875 0.87841796875 0.2119140625 0.8857421875 0.208984375 0.884765625 0.1943359375 0.8876953125 0.1806640625 0.88623046875 0.1708984375 0.888671875 0.1689453125 0.8916015625 0.177734375 0.9033203125 0.171875 0.912109375 0.177734375 0.90576171875 0.1865234375 0.9091796875 0.1904296875 0.93017578125 0.17578125 0.9404296875 0.1669921875 0.93994140625 0.1513671875 0.951171875 0.1396484375 0.96484375 0.1513671875 0.96826171875 0.1298828125 0.97802734375 0.142578125 0.9794921875 0.1572265625 0.98291015625 0.142578125 0.98583984375 0.1279296875 0.98388671875 0.1103515625 0.98974609375 0.09375 0.9873046875 0.080078125 0.98681640625 0.0615234375 0.99951171875 0.041015625
8 0.99951171875 0.5068359375 0.9189453125 0.5361328125 0.86376953125 0.5283203125 0.8359375 0.5146484375 0.81640625 0.474609375 0.7939453125 0.501953125 0.76416015625 0.4873046875 0.751953125 0.5068359375 0.71240234375 0.4970703125 0.69970703125 0.484375 0.69482421875 0.4814453125 0.68603515625 0.498046875 0.6748046875 0.5107421875 0.662109375 0.5068359375 0.66064453125 0.4873046875 0.6640625 0.4677734375 0.65673828125 0.455078125 0.658203125 0.4365234375 0.64404296875 0.4384765625 0.62548828125 0.44921875 0.61083984375 0.4521484375 0.595703125 0.4560546875 0.5927734375 0.4560546875 0.5947265625 0.43359375 0.609375 0.3955078125 0.60986328125 0.3837890625 0.6240234375 0.3798828125 0.6328125 0.3662109375 0.64306640625 0.353515625 0.66015625 0.345703125 0.67138671875 0.34375 0.68359375 0.345703125 0.6953125 0.349609375 0.70458984375 0.3427734375 0.7060546875 0.3330078125 0.705078125 0.3203125 0.70947265625 0.3046875 0.71533203125 0.294921875 0.71923828125 0.2841796875 0.7255859375 0.275390625 0.7314453125 0.2705078125 0.7314453125 0.263671875 0.73486328125 0.259765625 0.7333984375 0.25 0.7333984375 0.23828125 0.74169921875 0.24609375 0.74560546875 0.24609375 0.75537109375 0.2431640625 0.75439453125 0.2392578125 0.75 0.2373046875 0.75048828125 0.23046875 0.75390625 0.228515625 0.75439453125 0.2255859375 0.75244140625 0.2197265625 0.75390625 0.212890625 0.75341796875 0.208984375 0.75146484375 0.2021484375 0.75537109375 0.1982421875 0.759765625 0.203125 0.76025390625 0.1982421875 0.76318359375 0.1953125 0.76611328125 0.1923828125 0.76806640625 0.1982421875 0.7666015625 0.203125 0.76708984375 0.2138671875 0.76708984375 0.2177734375 0.771484375 0.216796875 0.771484375 0.2138671875 0.76953125 0.2060546875 0.7705078125 0.201171875 0.77197265625 0.1982421875 0.77001953125 0.19140625 0.7724609375 0.1884765625 0.78125 0.1865234375 0.77978515625 0.1708984375 0.78369140625 0.166015625 0.7880859375 0.1708984375 0.79150390625 0.18359375 0.79638671875 0.16015625 0.8017578125 0.1591796875 0.8056640625 0.171875 0.80859375 0.1552734375 0.81591796875 0.1572265625 0.814453125 0.1767578125 0.81689453125 0.177734375 0.82177734375 0.1748046875 0.82568359375 0.15625 0.8330078125 0.158203125 0.8369140625 0.171875 0.8369140625 0.1826171875 0.83740234375 0.1923828125 0.833984375 0.2021484375 0.8388671875 0.2060546875 0.84130859375 0.2001953125 0.8466796875 0.181640625 0.85498046875 0.1787109375 0.8642578125 0.1865234375 0.85791015625 0.193359375 0.85791015625 0.2001953125 0.86669921875 0.1904296875 0.869140625 0.197265625 0.87060546875 0.2041015625 0.87548828125 0.2099609375 0.87451171875 0.216796875 0.87841796875 0.2119140625 0.8857421875 0.208984375 0.884765625 0.1943359375 0.8876953125 0.1806640625 0.88623046875 0.1708984375 0.888671875 0.1689453125 0.8916015625 0.177734375 0.9033203125 0.171875 0.912109375 0.177734375 0.90576171875 0.1865234375 0.9091796875 0.1904296875 0.93017578125 0.17578125 0.9404296875 0.1669921875 0.93994140625 0.1513671875 0.951171875 0.1396484375 0.96484375 0.1513671875 0.96826171875 0.1298828125 0.97802734375 0.142578125 0.9794921875 0.1572265625 0.98291015625 0.142578125 0.98583984375 0.1279296875 0.98388671875 0.1103515625 0.98974609375 0.09375 0.9873046875 0.080078125 0.98681640625 0.0615234375 0.99951171875 0.041015625
5 0.9453125 0.04296875 0.93701171875 0.0478515625 0.92724609375 0.0517578125 0.92626953125 0.0556640625 0.92626953125 0.2607421875 0.92236328125 0.2607421875 0.92236328125 0.0732421875 0.92236328125 0.046875 0.93505859375 0.0400390625 0.94189453125 0.0390625
8 0.0 0.47265625 0.015625 0.4716796875 0.02197265625 0.453125 0.02880859375 0.4521484375 0.0498046875 0.4521484375 0.064453125 0.4521484375 0.07275390625 0.44921875 0.08251953125 0.451171875 0.0966796875 0.4541015625 0.10888671875 0.4482421875 0.158203125 0.4609375 0.16455078125 0.3916015625 0.16748046875 0.3837890625 0.17138671875 0.3798828125 0.1748046875 0.3798828125 0.173828125 0.3916015625 0.189453125 0.3994140625 0.19677734375 0.4521484375 0.22705078125 0.453125 0.232421875 0.4033203125 0.23291015625 0.39453125 0.2333984375 0.41015625 0.23583984375 0.419921875 0.240234375 0.4296875 0.23486328125 0.4521484375 0.2626953125 0.458984375 0.3759765625 0.4453125 0.41845703125 0.4443359375 0.46923828125 0.490234375 0.5380859375 0.4970703125 0.541015625 0.49609375 0.5439453125 0.4912109375 0.56005859375 0.4921875 0.5859375 0.4921875 0.5859375 0.4619140625 0.60888671875 0.44140625 0.603515625 0.333984375 0.55224609375 0.3095703125 0.50927734375 0.0 0.0 0.0
9 0.01513671875 0.45703125 0.02001953125 0.4658203125 0.0 0.5400390625 0.1240234375 0.5166015625 0.25537109375 0.455078125 0.26123046875 0.447265625 0.1005859375 0.447265625 0.08935546875 0.447265625 0.07275390625 0.447265625 0.041015625 0.44921875 0.015625 0.451171875
5 0.5107421875 0.4892578125 0.5107421875 0.4697265625 0.51123046875 0.4716796875 0.51123046875 0.490234375
5 0.64990234375 0.501953125 0.6552734375 0.5029296875 0.66064453125 0.0 0.6572265625 0.0
7 0.6552734375 0.2900390625 0.64208984375 0.3349609375 0.6669921875 0.3349609375
5 0.57470703125 0.4970703125 0.5771484375 0.4951171875 0.58154296875 0.1123046875 0.53173828125 0.1025390625 0.52587890625 0.0966796875 0.5205078125 0.099609375 0.521484375 0.10546875 0.53076171875 0.107421875 0.5341796875 0.107421875 0.5791015625 0.1181640625 0.57568359375 0.3916015625
7 0.50634765625 0.47265625 0.51220703125 0.47265625 0.51220703125 0.46875 0.50732421875 0.46875
7 0.5732421875 0.3916015625 0.572265625 0.404296875 0.57666015625 0.4091796875 0.58203125 0.4033203125 0.58203125 0.3916015625 0.57861328125 0.3876953125 0.5751953125 0.388671875
7 0.572265625 0.41015625 0.572265625 0.419921875 0.58203125 0.4208984375 0.58251953125 0.4091796875
5 0.54541015625 0.419921875 0.54541015625 0.4931640625 0.54736328125 0.4931640625 0.5478515625 0.421875
7 0.546875 0.41796875 0.541015625 0.4296875 0.546875 0.4404296875 0.552734375 0.4287109375
11 0.56591796875 0.431640625 0.56884765625 0.4296875 0.57080078125 0.43359375 0.5712890625 0.439453125 0.57275390625 0.447265625 0.57177734375 0.458984375 0.5703125 0.47265625 0.5693359375 0.4912109375 0.56494140625 0.4912109375 0.56494140625 0.4853515625 0.5634765625 0.4853515625 0.56201171875 0.478515625 0.56201171875 0.466796875 0.56103515625 0.4658203125 0.55859375 0.4609375 0.5595703125 0.453125 0.56005859375 0.443359375 0.5615234375 0.4375
11 0.5830078125 0.4951171875 0.58251953125 0.4853515625 0.58203125 0.46484375 0.58154296875 0.462890625 0.5791015625 0.4619140625 0.57861328125 0.4560546875 0.580078125 0.4384765625 0.58447265625 0.435546875 0.58447265625 0.4267578125 0.5869140625 0.42578125 0.5888671875 0.427734375 0.5888671875 0.435546875 0.58984375 0.4384765625 0.5908203125 0.4501953125 0.591796875 0.4609375 0.58935546875 0.4638671875 0.587890625 0.46875 0.5869140625 0.4921875
13 0.47509765625 0.490234375 0.478515625 0.490234375 0.478515625 0.486328125 0.50146484375 0.4873046875 0.50244140625 0.4931640625 0.50927734375 0.4931640625 0.50927734375 0.484375 0.509765625 0.474609375 0.509765625 0.4697265625 0.51025390625 0.4638671875 0.50732421875 0.4521484375 0.5048828125 0.443359375 0.50390625 0.4375 0.48388671875 0.4365234375 0.48193359375 0.4375 0.478515625 0.44921875 0.47509765625 0.466796875
13 0.38427734375 0.478515625 0.40478515625 0.48046875 0.416015625 0.4541015625 0.4140625 0.4404296875 0.4052734375 0.435546875 0.388671875 0.431640625 0.38623046875 0.431640625 0.3828125 0.443359375
13 0.40283203125 0.51171875 0.41015625 0.51171875 0.4111328125 0.5029296875 0.4130859375 0.509765625 0.419921875 0.509765625 0.42041015625 0.5 0.45361328125 0.5009765625 0.4541015625 0.509765625 0.45947265625 0.5107421875 0.46337890625 0.5068359375 0.46630859375 0.5068359375 0.46875 0.4990234375 0.46826171875 0.484375 0.46826171875 0.462890625 0.4658203125 0.453125 0.46826171875 0.4501953125 0.46875 0.44140625 0.4677734375 0.4404296875 0.46435546875 0.4404296875 0.462890625 0.4443359375 0.455078125 0.4169921875 0.4130859375 0.4169921875 0.40673828125 0.439453125 0.40234375 0.455078125 0.4013671875 0.4873046875
13 0.35302734375 0.4208984375 0.38134765625 0.421875 0.3857421875 0.4404296875 0.388671875 0.4404296875 0.39111328125 0.443359375 0.388671875 0.447265625 0.38671875 0.447265625 0.388671875 0.45703125 0.38818359375 0.46875 0.3876953125 0.484375 0.38623046875 0.484375 0.38330078125 0.486328125 0.38134765625 0.486328125 0.38037109375 0.4814453125 0.37646484375 0.4794921875 0.36865234375 0.478515625 0.3564453125 0.4765625 0.34716796875 0.47265625
13 0.32080078125 0.4150390625 0.32958984375 0.412109375 0.3583984375 0.416015625 0.36376953125 0.439453125 0.36767578125 0.4384765625 0.36962890625 0.4423828125 0.3681640625 0.4453125 0.365234375 0.4453125 0.3681640625 0.45703125 0.36767578125 0.4677734375 0.3671875 0.4921875 0.36376953125 0.4931640625 0.36083984375 0.486328125 0.359375 0.486328125 0.33154296875 0.4775390625
13 0.3017578125 0.419921875 0.3212890625 0.4150390625 0.34619140625 0.4208984375 0.353515625 0.44140625 0.3564453125 0.4384765625 0.35888671875 0.4384765625 0.36083984375 0.443359375 0.3583984375 0.4443359375 0.35595703125 0.4453125 0.3564453125 0.451171875 0.35986328125 0.4609375 0.361328125 0.4736328125 0.359375 0.484375 0.359375 0.4990234375 0.35498046875 0.5009765625 0.35205078125 0.5009765625 0.35107421875 0.49609375 0.349609375 0.4970703125 0.349609375 0.5029296875 0.34765625 0.5048828125 0.34423828125 0.5048828125 0.341796875 0.5029296875 0.33984375 0.49609375 0.30712890625 0.4892578125
8 0.00341796875 0.47265625 0.021484375 0.4638671875 0.05810546875 0.4609375 0.08984375 0.4599609375 0.29931640625 0.453125 0.291015625 0.4892578125 0.1181640625 0.5263671875 0.0 0.548828125 0.0 0.47265625
13 0.2666015625 0.509765625 0.2734375 0.513671875 0.2763671875 0.5087890625 0.28125 0.5087890625 0.283203125 0.50390625 0.31640625 0.50390625 0.3173828125 0.5146484375 0.32373046875 0.5185546875 0.33203125 0.515625 0.33349609375 0.5107421875 0.337890625 0.5029296875 0.33837890625 0.48828125 0.3369140625 0.4755859375 0.3349609375 0.4697265625 0.3359375 0.4541015625 0.337890625 0.4423828125 0.3349609375 0.4365234375 0.330078125 0.4384765625 0.328125 0.4287109375 0.326171875 0.416015625 0.3251953125 0.408203125 0.30859375 0.4033203125 0.29052734375 0.4033203125 0.27978515625 0.40625 0.27294921875 0.42578125 0.26904296875 0.4501953125 0.2666015625 0.4609375 0.265625 0.4697265625
13 0.0 0.443359375 0.01708984375 0.4794921875 0.0341796875 0.4931640625 0.04541015625 0.5390625 0.046875 0.5791015625 0.04150390625 0.5908203125 0.041015625 0.6103515625 0.03759765625 0.64453125 0.033203125 0.6650390625 0.025390625 0.669921875 0.009765625 0.673828125 0.001953125 0.6572265625 0.0 0.6396484375
13 0.1171875 0.5400390625 0.1259765625 0.5380859375 0.12939453125 0.53125 0.13037109375 0.5224609375 0.15625 0.5234375 0.1689453125 0.5244140625 0.17041015625 0.5361328125 0.17431640625 0.5390625 0.18212890625 0.5400390625 0.1923828125 0.5595703125 0.2041015625 0.5625 0.20849609375 0.5546875 0.2119140625 0.5380859375 0.212890625 0.5341796875 0.22509765625 0.5283203125 0.23828125 0.5302734375 0.24365234375 0.5400390625 0.25390625 0.546875 0.2626953125 0.544921875 0.2666015625 0.5234375 0.267578125 0.4931640625 0.26513671875 0.4716796875 0.2578125 0.45703125 0.251953125 0.4501953125 0.255859375 0.447265625 0.259765625 0.4375 0.25634765625 0.4326171875 0.25048828125 0.4326171875 0.248046875 0.431640625 0.2333984375 0.3955078125 0.2255859375 0.3896484375 0.19140625 0.376953125 0.140625 0.3720703125 0.126953125 0.3857421875 0.115234375 0.4130859375 0.111328125 0.4296875 0.10888671875 0.4677734375 0.10595703125 0.47265625 0.1064453125 0.4892578125 0.109375 0.4970703125 0.109375 0.50390625 0.10888671875 0.515625 0.109375 0.52734375 0.1123046875 0.537109375
10 0.02294921875 0.2353515625 0.02294921875 0.2177734375 0.02490234375 0.2138671875 0.03173828125 0.224609375 0.04296875 0.2373046875 0.04150390625 0.25390625 0.03125 0.25
