2 0.99951171875 0.7763671875 0.44873046875 0.4443359375 0.44677734375 0.4208984375 0.44970703125 0.2861328125 0.99951171875 0.033203125
10 0.7255859375 0.0 0.47119140625 0.2587890625 0.1005859375 0.2890625 0.0009765625 0.0
2 0.0 0.47265625 0.0771484375 0.4150390625 0.14501953125 0.40234375 0.19287109375 0.2626953125 0.19189453125 0.2451171875 0.189453125 0.2421875 0.1689453125 0.23828125 0.15576171875 0.23828125 0.15380859375 0.23828125 0.15380859375 0.2412109375 0.154296875 0.2451171875 0.154296875 0.251953125 0.1533203125 0.2587890625 0.13330078125 0.2958984375 0.12353515625 0.166015625 0.12353515625 0.1513671875 0.12451171875 0.1513671875 0.12548828125 0.1474609375 0.1259765625 0.1455078125 0.13525390625 0.140625 0.08837890625 0.0439453125 0.08740234375 0.041015625 0.07861328125 0.0390625 0.07861328125 0.0361328125 0.078125 0.0185546875 0.08251953125 0.0146484375 0.07861328125 0.0 0.0 0.0
0 0.99951171875 0.6259765625 0.6884765625 0.4970703125 0.583984375 0.46484375 0.41064453125 0.40625 0.27392578125 0.3662109375 0.16259765625 0.3642578125 0.16796875 0.41015625 0.1640625 0.4453125 0.0 0.49609375 0.0 0.9990234375 0.99951171875 0.9990234375
9 0.35302734375 0.41796875 0.35595703125 0.4248046875 0.37353515625 0.435546875 0.37548828125 0.4384765625 0.37646484375 0.4423828125 0.37646484375 0.4443359375 0.31884765625 0.4423828125 0.3173828125 0.439453125 0.31787109375 0.43359375 0.32177734375 0.427734375 0.34716796875 0.419921875
9 0.29345703125 0.466796875 0.2705078125 0.48046875 0.2509765625 0.498046875 0.24462890625 0.50390625 0.2392578125 0.5068359375 0.23876953125 0.5126953125 0.2392578125 0.5185546875 0.28955078125 0.525390625 0.3642578125 0.5263671875 0.39453125 0.5224609375 0.40234375 0.5205078125 0.40869140625 0.5107421875 0.41064453125 0.5009765625 0.4072265625 0.4912109375 0.40283203125 0.47265625 0.39990234375 0.4677734375 0.39306640625 0.466796875 0.36328125 0.4609375 0.3466796875 0.45703125 0.34326171875 0.4609375 0.3388671875 0.46484375 0.328125 0.4658203125 0.31494140625 0.4638671875 0.3076171875 0.46484375
13 0.341796875 0.369140625 0.3525390625 0.3828125 0.35009765625 0.41015625 0.34033203125 0.40234375
8 0.19775390625 0.2841796875 0.2060546875 0.2705078125 0.208984375 0.2587890625 0.21826171875 0.2490234375 0.220703125 0.2548828125 0.2275390625 0.251953125 0.22998046875 0.248046875 0.232421875 0.2490234375 0.23974609375 0.24609375 0.2431640625 0.23828125 0.24853515625 0.240234375 0.25048828125 0.240234375 0.25341796875 0.234375 0.25732421875 0.228515625 0.26123046875 0.2333984375 0.26904296875 0.234375 0.26953125 0.2265625 0.2744140625 0.22265625 0.27392578125 0.216796875 0.2685546875 0.216796875 0.259765625 0.21484375 0.25537109375 0.203125 0.25927734375 0.1943359375 0.2509765625 0.193359375 0.24560546875 0.1796875 0.24072265625 0.171875 0.248046875 0.1640625 0.24365234375 0.1591796875 0.23974609375 0.16015625 0.23876953125 0.154296875 0.2333984375 0.150390625 0.23486328125 0.1591796875 0.23193359375 0.16015625 0.2294921875 0.15234375 0.2314453125 0.14453125 0.22802734375 0.1337890625 0.2294921875 0.12890625 0.2255859375 0.1259765625 0.21923828125 0.130859375 0.20654296875 0.12109375 0.2080078125 0.1162109375 0.2177734375 0.126953125 0.22705078125 0.119140625 0.2177734375 0.1123046875 0.21337890625 0.107421875 0.20947265625 0.0966796875 0.20703125 0.08984375 0.2001953125 0.09375 0.19384765625 0.087890625 0.189453125 0.08203125 0.18212890625 0.0810546875 0.18115234375 0.0712890625 0.17041015625 0.0703125 0.16015625 0.06640625 0.15478515625 0.0625 0.14697265625 0.072265625 0.13720703125 0.0546875 0.13330078125 0.0556640625 0.1298828125 0.0439453125 0.12451171875 0.0341796875 0.11767578125 0.025390625 0.10986328125 0.021484375 0.0966796875 0.0244140625 0.0888671875 0.021484375 0.0869140625 0.0068359375 0.09912109375 0.0048828125 0.0966796875 0.0 0.4541015625 0.0 0.4501953125 0.111328125 0.51513671875 0.1201171875 0.50390625 0.3642578125 0.4482421875 0.34765625 0.447265625 0.421875 0.3564453125 0.40625 0.3564453125 0.462890625 0.3447265625 0.46484375 0.3466796875 0.412109375 0.3486328125 0.380859375 0.34423828125 0.380859375 0.3427734375 0.3984375 0.3349609375 0.41015625 0.33642578125 0.484375 0.3232421875 0.4814453125 0.32421875 0.44140625 0.31787109375 0.404296875 0.29052734375 0.3935546875 0.234375 0.3876953125 0.17724609375 0.3857421875 0.1650390625 0.3427734375
8 0.0 0.1328125 0.0048828125 0.1376953125 0.01318359375 0.1455078125 0.017578125 0.154296875 0.025390625 0.15625 0.03076171875 0.1640625 0.03564453125 0.1767578125 0.0341796875 0.19140625 0.02978515625 0.19921875 0.029296875 0.19921875 0.02978515625 0.203125 0.0302734375 0.212890625 0.025390625 0.2177734375 0.0244140625 0.2177734375 0.02294921875 0.2177734375 0.02294921875 0.2177734375 0.021484375 0.2216796875 0.01806640625 0.2265625 0.01806640625 0.2314453125 0.01953125 0.2373046875 0.01806640625 0.240234375 0.013671875 0.24609375 0.01123046875 0.25 0.0107421875 0.251953125 0.01220703125 0.2568359375 0.01513671875 0.2607421875 0.01416015625 0.263671875 0.01171875 0.2626953125 0.01123046875 0.2626953125 0.00634765625 0.26171875 0.00341796875 0.2626953125 0.00244140625 0.263671875 0.0 0.2744140625
9 0.0009765625 0.4501953125 0.0 0.4267578125 0.009765625 0.423828125 0.029296875 0.41796875 0.0419921875 0.4150390625 0.07568359375 0.4072265625 0.09033203125 0.40234375 0.10009765625 0.400390625 0.11279296875 0.40234375 0.12939453125 0.400390625 0.14794921875 0.396484375 0.18408203125 0.396484375 0.19580078125 0.40234375 0.20703125 0.408203125 0.1953125 0.42578125 0.1552734375 0.44140625 0.095703125 0.443359375
9 0.0 0.43359375 0.02587890625 0.443359375 0.046875 0.4443359375 0.04638671875 0.4619140625 0.0 0.46875
8 0.04931640625 0.2255859375 0.02978515625 0.23828125 0.02587890625 0.2431640625 0.02490234375 0.2490234375 0.02294921875 0.2470703125 0.02197265625 0.248046875 0.02294921875 0.2529296875 0.02294921875 0.2548828125 0.02490234375 0.2568359375 0.0283203125 0.2578125 0.0322265625 0.2607421875 0.0361328125 0.263671875 0.04150390625 0.271484375 0.064453125 0.3330078125 0.0673828125 0.3408203125 0.06787109375 0.3427734375 0.06787109375 0.4052734375 0.06787109375 0.4306640625 0.07177734375 0.4296875 0.0712890625 0.3974609375 0.0712890625 0.3505859375 0.0712890625 0.3447265625 0.0732421875 0.337890625 0.0751953125 0.3291015625 0.0771484375 0.3203125 0.08203125 0.318359375 0.08544921875 0.31640625 0.09033203125 0.3134765625 0.09375 0.318359375 0.09716796875 0.31640625 0.1005859375 0.3193359375 0.1044921875 0.326171875 0.1044921875 0.32421875 0.10595703125 0.3212890625 0.1044921875 0.31640625 0.10205078125 0.3115234375 0.10595703125 0.3095703125 0.1083984375 0.302734375 0.11279296875 0.302734375 0.11328125 0.2998046875 0.111328125 0.2958984375 0.11474609375 0.29296875 0.1142578125 0.283203125 0.1123046875 0.2802734375 0.10693359375 0.28125 0.10302734375 0.28125 0.103515625 0.275390625 0.1025390625 0.2685546875 0.103515625 0.2578125 0.1123046875 0.2568359375 0.11865234375 0.2509765625 0.12060546875 0.248046875 0.12060546875 0.2421875 0.11767578125 0.2392578125 0.11474609375 0.240234375 0.11181640625 0.2392578125 0.1123046875 0.2314453125 0.1142578125 0.2275390625 0.1171875 0.2265625 0.11572265625 0.22265625 0.11474609375 0.22265625 0.11328125 0.2197265625 0.109375 0.2158203125 0.11279296875 0.21484375 0.11474609375 0.212890625 0.1142578125 0.20703125 0.11474609375 0.201171875 0.11669921875 0.1982421875 0.115234375 0.1923828125 0.11279296875 0.189453125 0.10791015625 0.1904296875 0.1064453125 0.1982421875 0.103515625 0.2041015625 0.1015625 0.20703125 0.099609375 0.208984375 0.0986328125 0.193359375 0.09765625 0.1865234375 0.0908203125 0.1806640625 0.08935546875 0.189453125 0.08837890625 0.1953125 0.083984375 0.197265625 0.080078125 0.19921875 0.0791015625 0.1953125 0.07568359375 0.197265625 0.0673828125 0.1943359375
8 0.1201171875 0.166015625 0.12255859375 0.1669921875 0.12646484375 0.169921875 0.12939453125 0.17578125 0.13134765625 0.1806640625 0.13232421875 0.185546875 0.13671875 0.1865234375 0.13623046875 0.1923828125 0.13623046875 0.1953125 0.13818359375 0.197265625 0.1416015625 0.2001953125 0.142578125 0.2041015625 0.14306640625 0.20703125 0.14208984375 0.216796875 0.14306640625 0.216796875 0.14501953125 0.22265625 0.1455078125 0.228515625 0.1455078125 0.234375 0.14990234375 0.240234375 0.1484375 0.24609375 0.1494140625 0.2529296875 0.15087890625 0.2607421875 0.1552734375 0.25390625 0.15576171875 0.2490234375 0.1552734375 0.2431640625 0.1591796875 0.2431640625 0.16162109375 0.24609375 0.16552734375 0.248046875 0.16748046875 0.2451171875 0.171875 0.2548828125 0.17919921875 0.25390625 0.1845703125 0.25 0.18798828125 0.2470703125 0.19189453125 0.248046875 0.1982421875 0.248046875 0.2041015625 0.2529296875 0.20458984375 0.259765625 0.20166015625 0.2646484375 0.20068359375 0.2685546875 0.2060546875 0.2763671875 0.21337890625 0.2822265625 0.2158203125 0.28515625 0.2177734375 0.294921875 0.21923828125 0.3056640625 0.22119140625 0.328125 0.20947265625 0.3408203125 0.20166015625 0.3447265625 0.2001953125 0.34765625 0.19580078125 0.353515625 0.19091796875 0.353515625 0.18408203125 0.3564453125 0.17529296875 0.35546875 0.1748046875 0.359375 0.1650390625 0.3740234375 0.1552734375 0.412109375 0.126953125 0.41015625 0.12255859375 0.40625 0.119140625 0.4091796875 0.11767578125 0.40625 0.11669921875 0.4013671875 0.11328125 0.396484375 0.10791015625 0.3876953125 0.111328125 0.3857421875 0.11474609375 0.384765625 0.11865234375 0.384765625 0.1171875 0.3798828125 0.115234375 0.376953125 0.11962890625 0.376953125 0.12353515625 0.380859375 0.1259765625 0.3828125 0.13330078125 0.3798828125 0.14501953125 0.361328125 0.14453125 0.3544921875 0.14013671875 0.353515625 0.13671875 0.34765625 0.13916015625 0.3408203125 0.142578125 0.3408203125 0.1435546875 0.330078125 0.14111328125 0.326171875 0.13818359375 0.3359375 0.13427734375 0.33203125 0.130859375 0.3310546875 0.1259765625 0.3369140625 0.12255859375 0.341796875 0.12255859375 0.3330078125 0.1240234375 0.330078125 0.12451171875 0.203125 0.12451171875 0.1904296875 0.12353515625 0.1884765625 0.12109375 0.1875 0.12109375 0.185546875 0.12060546875 0.181640625 0.12060546875 0.1767578125 0.119140625 0.171875
1 0.0 0.4599609375 0.00927734375 0.458984375 0.044921875 0.453125 0.0 0.44140625 0.0 0.4287109375 0.0888671875 0.4423828125 0.11669921875 0.4365234375 0.17138671875 0.4208984375 0.18798828125 0.41796875 0.201171875 0.408203125 0.2001953125 0.40625 0.19384765625 0.4013671875 0.18310546875 0.396484375 0.1796875 0.3935546875 0.19189453125 0.39453125 0.20849609375 0.396484375 0.22607421875 0.404296875 0.23974609375 0.421875 0.23681640625 0.435546875 0.21826171875 0.4482421875 0.18896484375 0.4609375 0.154296875 0.474609375 0.0 0.52734375
11 0.1845703125 0.365234375 0.18310546875 0.3681640625 0.18212890625 0.3779296875 0.18310546875 0.3798828125 0.18310546875 0.39453125 0.18505859375 0.3955078125 0.18603515625 0.392578125 0.185546875 0.384765625 0.1865234375 0.3818359375 0.1865234375 0.37890625 0.18701171875 0.373046875 0.18603515625 0.3662109375
11 0.1884765625 0.369140625 0.18701171875 0.373046875 0.18701171875 0.3759765625 0.18701171875 0.3798828125 0.18798828125 0.3818359375 0.18798828125 0.384765625 0.18798828125 0.3935546875 0.1884765625 0.39453125 0.189453125 0.39453125 0.18994140625 0.39453125 0.18994140625 0.392578125 0.18994140625 0.390625 0.18994140625 0.388671875 0.1904296875 0.384765625 0.19091796875 0.3837890625 0.19091796875 0.380859375 0.19140625 0.37890625 0.19140625 0.376953125 0.19140625 0.3740234375 0.19091796875 0.37109375 0.1904296875 0.369140625 0.1904296875 0.3681640625 0.18994140625 0.3671875 0.189453125 0.3671875 0.18896484375 0.3671875
8 0.7841796875 0.4599609375 0.78466796875 0.447265625 0.78662109375 0.4423828125 0.787109375 0.4404296875 0.78955078125 0.4365234375 0.791015625 0.4326171875 0.79296875 0.4296875 0.79736328125 0.4306640625 0.79931640625 0.4306640625 0.80419921875 0.42578125 0.80712890625 0.4248046875 0.80859375 0.4267578125 0.81201171875 0.4296875 0.81494140625 0.4296875 0.8154296875 0.427734375 0.81982421875 0.4267578125 0.830078125 0.4267578125 0.83837890625 0.4296875 0.87109375 0.447265625 0.8798828125 0.451171875 0.8857421875 0.45703125 0.890625 0.455078125 0.89697265625 0.455078125 0.90234375 0.4619140625 0.908203125 0.4619140625 0.916015625 0.458984375 0.92041015625 0.458984375 0.92138671875 0.453125 0.923828125 0.44921875 0.9267578125 0.4453125 0.93017578125 0.4453125 0.93212890625 0.4482421875 0.93359375 0.4521484375 0.9345703125 0.45703125 0.93701171875 0.4619140625 0.94384765625 0.4609375 0.9453125 0.4638671875 0.95068359375 0.4677734375 0.953125 0.4677734375 0.958984375 0.466796875 0.96044921875 0.466796875 0.96533203125 0.46875 0.96923828125 0.4736328125 0.9716796875 0.47265625 0.97265625 0.46875 0.978515625 0.46484375 0.98095703125 0.4658203125 0.98486328125 0.46875 0.99072265625 0.46875 0.99365234375 0.4677734375 0.99951171875 0.458984375 0.99951171875 0.5146484375 0.79150390625 0.4765625
13 0.8095703125 0.453125 0.810546875 0.447265625 0.8115234375 0.4423828125 0.81494140625 0.43359375 0.81689453125 0.431640625 0.8193359375 0.4306640625 0.8310546875 0.4296875 0.84033203125 0.4296875 0.845703125 0.431640625 0.85009765625 0.4365234375 0.861328125 0.4599609375 0.8544921875 0.4677734375 0.84716796875 0.4736328125 0.8447265625 0.474609375 0.8427734375 0.4736328125 0.841796875 0.4697265625 0.84033203125 0.46875 0.83203125 0.46875 0.82470703125 0.47265625 0.81787109375 0.47265625 0.81494140625 0.4697265625 0.81396484375 0.4658203125 0.8115234375 0.46484375 0.81005859375 0.4599609375 0.8095703125 0.45703125
8 0.58740234375 0.44140625 0.6455078125 0.4189453125 0.6630859375 0.4208984375 0.6845703125 0.42578125 0.697265625 0.42578125 0.720703125 0.4296875 0.7451171875 0.4326171875 0.75048828125 0.4521484375 0.74658203125 0.478515625 0.6513671875 0.453125
9 0.65869140625 0.458984375 0.67822265625 0.4638671875 0.6865234375 0.4658203125 0.70361328125 0.46875 0.712890625 0.4736328125 0.82177734375 0.4990234375 0.86669921875 0.5048828125 0.87646484375 0.5048828125 0.8857421875 0.5087890625 0.89501953125 0.5107421875 0.91015625 0.5146484375 0.9384765625 0.525390625 0.966796875 0.525390625 0.99951171875 0.5341796875 0.99951171875 0.572265625 0.677734375 0.48046875 0.65478515625 0.4775390625
8 0.56201171875 0.0 0.5361328125 0.015625 0.537109375 0.0625 0.552734375 0.0859375 0.548828125 0.111328125 0.53662109375 0.1474609375 0.541015625 0.2236328125 0.55224609375 0.25390625 0.56787109375 0.2841796875 0.5849609375 0.287109375 0.59619140625 0.2861328125 0.59912109375 0.2822265625 0.60009765625 0.275390625 0.60302734375 0.2734375 0.60595703125 0.2734375 0.60693359375 0.2685546875 0.60595703125 0.2666015625 0.60498046875 0.26171875 0.60693359375 0.2607421875 0.611328125 0.26171875 0.61181640625 0.2568359375 0.61181640625 0.2490234375 0.61376953125 0.25 0.61572265625 0.251953125 0.61962890625 0.2568359375 0.6259765625 0.2548828125 0.62841796875 0.2509765625 0.64111328125 0.248046875 0.64501953125 0.2529296875 0.64794921875 0.26171875 0.64794921875 0.2705078125 0.64404296875 0.2734375 0.63818359375 0.2744140625 0.63330078125 0.2744140625 0.63134765625 0.2802734375 0.63525390625 0.28125 0.634765625 0.2822265625 0.6298828125 0.28515625 0.6259765625 0.2880859375 0.62841796875 0.2939453125 0.6318359375 0.294921875 0.63671875 0.291015625 0.63818359375 0.2958984375 0.640625 0.29296875 0.6435546875 0.2900390625 0.64892578125 0.291015625 0.65087890625 0.2998046875 0.6494140625 0.3095703125 0.650390625 0.3193359375 0.65380859375 0.322265625 0.65283203125 0.31640625 0.65380859375 0.3134765625 0.65966796875 0.30859375 0.6611328125 0.2998046875 0.66748046875 0.29296875 0.6708984375 0.2900390625 0.6708984375 0.298828125 0.67333984375 0.3046875 0.67822265625 0.3046875 0.6806640625 0.29296875 0.6845703125 0.2900390625 0.68408203125 0.2958984375 0.68310546875 0.30078125 0.68115234375 0.3056640625 0.677734375 0.310546875 0.6748046875 0.3134765625 0.67333984375 0.3203125 0.6728515625 0.326171875 0.677734375 0.3369140625 0.68212890625 0.33984375 0.68359375 0.3330078125 0.68994140625 0.322265625 0.68798828125 0.3369140625 0.68798828125 0.341796875 0.6923828125 0.34765625 0.69580078125 0.3447265625 0.6982421875 0.3466796875 0.69775390625 0.34765625 0.69580078125 0.3740234375 0.6943359375 0.4072265625 0.69189453125 0.4453125 0.68994140625 0.466796875 0.6904296875 0.4677734375 0.69482421875 0.4677734375 0.70654296875 0.474609375 0.705078125 0.4677734375 0.7060546875 0.4453125 0.70703125 0.4150390625 0.70849609375 0.3896484375 0.7099609375 0.3662109375 0.712890625 0.34375 0.720703125 0.33203125 0.732421875 0.3232421875 0.74755859375 0.310546875 0.748046875 0.3193359375 0.74462890625 0.33203125 0.74169921875 0.3466796875 0.7421875 0.3583984375 0.7431640625 0.3701171875 0.7421875 0.3798828125 0.73876953125 0.369140625 0.73193359375 0.3701171875 0.7275390625 0.37109375 0.72216796875 0.3798828125 0.72021484375 0.3896484375 0.72509765625 0.3916015625 0.72265625 0.396484375 0.716796875 0.40234375 0.712890625 0.408203125 0.7138671875 0.412109375 0.72119140625 0.4140625 0.72412109375 0.416015625 0.7216796875 0.419921875 0.71923828125 0.419921875 0.720703125 0.43359375 0.7216796875 0.439453125 0.72119140625 0.4453125 0.7236328125 0.453125 0.72412109375 0.4560546875 0.720703125 0.4609375 0.716796875 0.462890625 0.71240234375 0.46875 0.71630859375 0.4716796875 0.71826171875 0.47265625 0.72021484375 0.474609375 0.72216796875 0.4755859375 0.724609375 0.478515625 0.73095703125 0.4814453125 0.74169921875 0.501953125 0.75341796875 0.4873046875 0.76708984375 0.490234375 0.7724609375 0.4931640625 0.7744140625 0.4931640625 0.77783203125 0.4921875 0.7861328125 0.4970703125 0.7900390625 0.4921875 0.7890625 0.4873046875 0.78662109375 0.478515625 0.78466796875 0.4697265625 0.78564453125 0.46484375 0.78173828125 0.4599609375 0.7744140625 0.4521484375 0.7705078125 0.4521484375 0.76611328125 0.4453125 0.76611328125 0.43359375 0.7685546875 0.4287109375 0.7666015625 0.419921875 0.7666015625 0.41796875 0.767578125 0.4091796875 0.76513671875 0.404296875 0.76220703125 0.4052734375 0.75927734375 0.4013671875 0.76025390625 0.373046875 0.76171875 0.3671875 0.76123046875 0.359375 0.76220703125 0.3525390625 0.76611328125 0.353515625 0.771484375 0.357421875 0.78466796875 0.357421875 0.787109375 0.3525390625 0.787109375 0.359375 0.79638671875 0.357421875 0.796875 0.3623046875 0.80029296875 0.3642578125 0.802734375 0.365234375 0.80224609375 0.37109375 0.802734375 0.380859375 0.8056640625 0.3779296875 0.8095703125 0.369140625 0.8154296875 0.3623046875 0.8193359375 0.3662109375 0.82177734375 0.3759765625 0.82275390625 0.37109375 0.822265625 0.361328125 0.82177734375 0.3544921875 0.82275390625 0.3427734375 0.82275390625 0.3349609375 0.8291015625 0.3349609375 0.8330078125 0.3330078125 0.8349609375 0.3330078125 0.83544921875 0.337890625 0.83447265625 0.359375 0.8310546875 0.384765625 0.82861328125 0.4033203125 0.8251953125 0.4306640625 0.8212890625 0.45703125 0.81640625 0.4951171875 0.81640625 0.5009765625 0.8203125 0.5009765625 0.8271484375 0.5029296875 0.83154296875 0.5029296875 0.83251953125 0.501953125 0.83447265625 0.4755859375 0.83935546875 0.431640625 0.84716796875 0.373046875 0.84912109375 0.3642578125 0.85595703125 0.365234375 0.861328125 0.37109375 0.865234375 0.3857421875 0.87744140625 0.3916015625 0.8818359375 0.3876953125 0.8857421875 0.3798828125 0.888671875 0.3837890625 0.8935546875 0.3828125 0.8935546875 0.3779296875 0.89453125 0.3720703125 0.89453125 0.3701171875 0.9033203125 0.3623046875 0.908203125 0.3662109375 0.91796875 0.37109375 0.9189453125 0.361328125 0.9189453125 0.353515625 0.92236328125 0.349609375 0.9228515625 0.357421875 0.93212890625 0.3564453125 0.93408203125 0.3681640625 0.9326171875 0.3818359375 0.93701171875 0.3759765625 0.94091796875 0.3671875 0.9423828125 0.3583984375 0.94677734375 0.3486328125 0.94873046875 0.3603515625 0.94970703125 0.3740234375 0.955078125 0.373046875 0.96923828125 0.3818359375 0.97509765625 0.37890625 0.9765625 0.365234375 0.98486328125 0.37890625 0.99462890625 0.3798828125 0.99951171875 0.384765625 0.99951171875 0.388671875 0.9951171875 0.5009765625 0.984375 0.5126953125 0.9736328125 0.5224609375 0.96630859375 0.533203125 0.9833984375 0.5400390625 0.9951171875 0.5458984375 0.99951171875 0.5517578125 0.99951171875 0.0
5 0.90234375 0.05078125 0.90283203125 0.052734375 0.9072265625 0.064453125 0.9111328125 0.0751953125 0.91259765625 0.08984375 0.9140625 0.1123046875 0.9140625 0.166015625 0.9140625 0.2138671875 0.9091796875 0.4482421875 0.908203125 0.5078125 0.908203125 0.51953125 0.9111328125 0.5205078125 0.91162109375 0.5068359375 0.912109375 0.447265625 0.9140625 0.390625 0.91845703125 0.1884765625 0.91845703125 0.134765625 0.91796875 0.08984375 0.916015625 0.078125 0.9091796875 0.052734375 0.9072265625 0.05078125 0.90478515625 0.048828125
8 0.8369140625 0.041015625 0.86181640625 0.06640625 0.87939453125 0.095703125 0.8955078125 0.12109375 0.91015625 0.1416015625 0.9306640625 0.1474609375 0.974609375 0.1767578125 0.990234375 0.1943359375 0.99951171875 0.216796875 0.99951171875 0.1337890625 0.9794921875 0.1318359375 0.94677734375 0.130859375 0.92236328125 0.12109375 0.9111328125 0.1201171875 0.90234375 0.1064453125 0.890625 0.091796875 0.88037109375 0.078125 0.86962890625 0.0517578125 0.8623046875 0.041015625 0.85693359375 0.037109375 0.84423828125 0.03515625
5 0.8515625 0.3740234375 0.853515625 0.373046875 0.85009765625 0.5068359375 0.84716796875 0.5068359375
5 0.87158203125 0.3759765625 0.875 0.373046875 0.87451171875 0.5068359375 0.87109375 0.5068359375
9 0.0 0.65625 0.01953125 0.640625 0.08740234375 0.640625 0.17919921875 0.6455078125 0.25927734375 0.6474609375 0.2900390625 0.65234375 0.30908203125 0.65625 0.3212890625 0.6669921875 0.3232421875 0.693359375 0.31884765625 0.7109375 0.2216796875 0.888671875 0.15283203125 0.9990234375 0.0 0.9990234375
8 0.0400390625 0.0 0.0419921875 0.0927734375 0.03759765625 0.2255859375 0.02734375 0.5224609375 0.01416015625 0.67578125 0.005859375 0.708984375 0.00732421875 0.72265625 0.02294921875 0.7158203125 0.044921875 0.7216796875 0.0576171875 0.7275390625 0.0654296875 0.724609375 0.060546875 0.658203125 0.05859375 0.5576171875 0.06591796875 0.3291015625 0.07080078125 0.177734375 0.07470703125 0.0
5 0.14892578125 0.3642578125 0.1474609375 0.3369140625 0.1611328125 0.3369140625 0.15625 0.6787109375 0.1455078125 0.6787109375
5 0.2509765625 0.103515625 0.2294921875 0.1005859375 0.203125 0.099609375 0.20068359375 0.4091796875 0.197265625 0.4091796875 0.19873046875 0.2900390625 0.20166015625 0.095703125 0.25146484375 0.099609375 0.2568359375 0.1005859375 0.25634765625 0.1044921875
8 0.44580078125 0.271484375 0.43896484375 0.2724609375 0.4296875 0.2763671875 0.4287109375 0.283203125 0.43310546875 0.2939453125 0.43603515625 0.3017578125 0.4248046875 0.3095703125 0.41796875 0.3134765625 0.4169921875 0.3310546875 0.4228515625 0.3369140625 0.4228515625 0.3525390625 0.42822265625 0.35546875 0.4345703125 0.3564453125 0.439453125 0.3642578125 0.447265625 0.3525390625 0.4541015625 0.3466796875 0.45751953125 0.3564453125 0.45703125 0.4140625 0.45849609375 0.419921875 0.46240234375 0.4150390625 0.4609375 0.4267578125 0.509765625 0.43359375 0.60107421875 0.4560546875 0.595703125 0.4130859375 0.57177734375 0.4130859375 0.5537109375 0.412109375 0.5537109375 0.39453125 0.55859375 0.3857421875 0.5703125 0.384765625 0.57861328125 0.3740234375 0.58251953125 0.3564453125 0.5947265625 0.3544921875 0.599609375 0.337890625 0.58984375 0.3095703125 0.59423828125 0.291015625 0.59130859375 0.2802734375 0.55810546875 0.1884765625 0.5361328125 0.173828125 0.47705078125 0.2236328125 0.48388671875 0.341796875 0.4921875 0.3525390625 0.49951171875 0.3671875 0.50341796875 0.3779296875 0.49609375 0.3759765625 0.49072265625 0.37890625 0.48388671875 0.3779296875 0.48291015625 0.3779296875 0.4794921875 0.37890625 0.474609375 0.3828125 0.47412109375 0.3955078125 0.47216796875 0.40234375 0.470703125 0.4091796875 0.4658203125 0.4130859375 0.46533203125 0.3974609375 0.46435546875 0.3740234375 0.4658203125 0.3603515625 0.47216796875 0.359375 0.4814453125 0.361328125 0.48681640625 0.361328125 0.48828125 0.35546875 0.478515625 0.33984375 0.47607421875 0.310546875
5 0.62353515625 0.3486328125 0.62109375 0.3544921875 0.62109375 0.3935546875 0.62353515625 0.3916015625
5 0.5947265625 0.4013671875 0.5966796875 0.3564453125 0.59814453125 0.3583984375 0.59716796875 0.40625
1 0.421875 0.4091796875 0.4384765625 0.408203125 0.46337890625 0.4150390625 0.50732421875 0.4267578125 0.5498046875 0.4384765625 0.68994140625 0.4697265625 0.7509765625 0.486328125 0.83154296875 0.5087890625 0.89111328125 0.5244140625 0.99951171875 0.5517578125 0.99951171875 0.6826171875 0.7138671875 0.5283203125 0.625 0.4951171875 0.53125 0.4541015625 0.451171875 0.43359375 0.43017578125 0.42578125
5 0.62744140625 0.3955078125 0.6279296875 0.3544921875 0.63037109375 0.3544921875 0.62890625 0.3955078125
18 0.5634765625 0.404296875 0.56396484375 0.4091796875 0.56591796875 0.41015625 0.56640625 0.4140625 0.5654296875 0.416015625 0.5634765625 0.4189453125 0.56201171875 0.419921875 0.560546875 0.423828125 0.56005859375 0.427734375 0.5595703125 0.4326171875 0.56103515625 0.439453125 0.5634765625 0.4423828125 0.5654296875 0.4443359375 0.5673828125 0.443359375 0.5693359375 0.4423828125 0.5703125 0.4404296875 0.5712890625 0.435546875 0.57177734375 0.4296875 0.57177734375 0.423828125 0.5751953125 0.4248046875 0.57568359375 0.4140625 0.57080078125 0.4091796875 0.56982421875 0.40625 0.56884765625 0.40625 0.56689453125 0.404296875
9 0.4560546875 0.439453125 0.458984375 0.4384765625 0.462890625 0.4375 0.4736328125 0.4365234375 0.486328125 0.4365234375 0.4951171875 0.4375 0.49609375 0.4384765625 0.49609375 0.4423828125 0.494140625 0.4443359375 0.49267578125 0.44921875 0.47998046875 0.4501953125 0.46533203125 0.4501953125 0.45751953125 0.4482421875 0.4560546875 0.4453125 0.4541015625 0.4443359375 0.45361328125 0.443359375
8 0.484375 0.4375 0.48486328125 0.4287109375 0.4814453125 0.416015625 0.48486328125 0.4033203125 0.48876953125 0.388671875 0.49365234375 0.39453125 0.49609375 0.4052734375 0.498046875 0.41015625 0.49755859375 0.4189453125 0.49462890625 0.42578125 0.4921875 0.431640625 0.4921875 0.43359375 0.490234375 0.4404296875
8 0.46240234375 0.251953125 0.47021484375 0.271484375 0.4755859375 0.287109375 0.47509765625 0.3291015625 0.4716796875 0.4189453125 0.47265625 0.435546875 0.47607421875 0.435546875 0.4755859375 0.3837890625 0.4775390625 0.3017578125 0.48046875 0.283203125 0.4873046875 0.275390625 0.5 0.2578125 0.50634765625 0.248046875 0.5224609375 0.208984375 0.5068359375 0.150390625 0.47705078125 0.1201171875 0.45361328125 0.1396484375 0.43310546875 0.177734375 0.43603515625 0.224609375 0.44873046875 0.2431640625
7 0.46875 0.3974609375 0.47509765625 0.3994140625 0.47509765625 0.439453125 0.46826171875 0.439453125
9 0.49267578125 0.458984375 0.4931640625 0.4541015625 0.50146484375 0.44921875 0.51513671875 0.4423828125 0.5224609375 0.443359375 0.52490234375 0.4423828125 0.5283203125 0.4423828125 0.53515625 0.4453125 0.54052734375 0.44921875 0.54638671875 0.4521484375 0.54833984375 0.45703125 0.548828125 0.462890625 0.548828125 0.46484375 0.546875 0.466796875 0.529296875 0.4658203125 0.50830078125 0.46484375 0.5009765625 0.462890625 0.49755859375 0.462890625 0.49462890625 0.4619140625
8 0.5263671875 0.443359375 0.52294921875 0.4443359375 0.51708984375 0.4453125 0.515625 0.4443359375 0.5166015625 0.44140625 0.51416015625 0.439453125 0.51171875 0.4375 0.5107421875 0.43359375 0.5068359375 0.4189453125 0.5078125 0.404296875 0.51318359375 0.3994140625 0.5185546875 0.3955078125 0.5205078125 0.3896484375 0.521484375 0.3798828125 0.52197265625 0.29296875 0.51611328125 0.2705078125 0.50537109375 0.25390625 0.494140625 0.2451171875 0.48095703125 0.2265625 0.46435546875 0.197265625 0.45654296875 0.1533203125 0.43603515625 0.095703125 0.44189453125 0.0546875 0.4443359375 0.0 0.44384765625 0.0 0.5380859375 0.0 0.5615234375 0.0 0.56298828125 0.001953125 0.5615234375 0.05078125 0.56103515625 0.115234375 0.5615234375 0.1708984375 0.55810546875 0.201171875 0.55322265625 0.21484375 0.54150390625 0.2451171875 0.53369140625 0.2666015625 0.53125 0.2734375 0.529296875 0.28515625 0.52783203125 0.3017578125 0.52783203125 0.3232421875 0.52734375 0.3525390625 0.52734375 0.3798828125 0.5263671875 0.4208984375
11 0.5771484375 0.369140625 0.57373046875 0.3720703125 0.57373046875 0.376953125 0.5751953125 0.37890625 0.57470703125 0.380859375 0.572265625 0.3828125 0.57080078125 0.3857421875 0.5693359375 0.3896484375 0.56787109375 0.39453125 0.56884765625 0.396484375 0.5703125 0.396484375 0.57275390625 0.396484375 0.572265625 0.4013671875 0.57177734375 0.4052734375 0.57177734375 0.4091796875 0.5712890625 0.4130859375 0.5712890625 0.4208984375 0.5712890625 0.42578125 0.57177734375 0.44140625 0.5712890625 0.4453125 0.57080078125 0.44921875 0.572265625 0.451171875 0.5732421875 0.44921875 0.57373046875 0.4443359375 0.57470703125 0.431640625 0.5751953125 0.427734375 0.5751953125 0.421875 0.576171875 0.4208984375 0.576171875 0.42578125 0.57666015625 0.4296875 0.57666015625 0.4326171875 0.57666015625 0.4365234375 0.57568359375 0.439453125 0.5751953125 0.4404296875 0.57470703125 0.443359375 0.57568359375 0.4482421875 0.5771484375 0.447265625 0.58154296875 0.4365234375 0.58203125 0.4189453125 0.58154296875 0.41015625 0.58154296875 0.404296875 0.58154296875 0.40234375 0.58203125 0.400390625 0.58154296875 0.396484375 0.58203125 0.3916015625 0.58154296875 0.3876953125 0.580078125 0.3837890625 0.5791015625 0.3828125 0.5791015625 0.3798828125 0.580078125 0.3759765625 0.580078125 0.3720703125 0.57958984375 0.37109375
5 0.5595703125 0.2568359375 0.56298828125 0.2568359375 0.5595703125 0.443359375 0.55517578125 0.443359375 0.55712890625 0.380859375
9 0.2900390625 0.412109375 0.29638671875 0.40625 0.30615234375 0.40234375 0.32177734375 0.4091796875 0.31884765625 0.419921875 0.30322265625 0.4169921875
13 0.626953125 0.3916015625 0.61767578125 0.390625 0.60009765625 0.3916015625 0.59521484375 0.3955078125 0.5888671875 0.4072265625 0.58544921875 0.41796875 0.5830078125 0.41796875 0.57958984375 0.419921875 0.5791015625 0.4267578125 0.5791015625 0.431640625 0.5791015625 0.4326171875 0.57666015625 0.439453125 0.57373046875 0.4521484375 0.57275390625 0.462890625 0.5732421875 0.4716796875 0.5732421875 0.486328125 0.57470703125 0.49609375 0.57666015625 0.5 0.58154296875 0.5009765625 0.58447265625 0.4970703125 0.5849609375 0.490234375 0.59033203125 0.4921875 0.59130859375 0.4931640625 0.59130859375 0.5029296875 0.59326171875 0.5087890625 0.59619140625 0.5107421875 0.599609375 0.509765625 0.60205078125 0.5068359375 0.60302734375 0.4990234375 0.603515625 0.4931640625 0.61865234375 0.4931640625 0.63134765625 0.4931640625 0.63134765625 0.5009765625 0.63330078125 0.5029296875 0.63671875 0.5029296875 0.638671875 0.501953125 0.64013671875 0.498046875 0.64111328125 0.4921875 0.65234375 0.4931640625 0.65283203125 0.5029296875 0.65380859375 0.509765625 0.6552734375 0.51171875 0.65966796875 0.5126953125 0.662109375 0.5107421875 0.6640625 0.5009765625 0.6640625 0.4921875 0.66552734375 0.490234375 0.66552734375 0.48046875 0.66650390625 0.47265625 0.66552734375 0.4560546875 0.66455078125 0.4453125 0.6640625 0.43359375 0.66064453125 0.4267578125 0.65283203125 0.404296875 0.6474609375 0.3955078125 0.6416015625 0.3916015625 0.6357421875 0.3916015625
13 0.22509765625 0.3935546875 0.22705078125 0.3857421875 0.2314453125 0.3818359375 0.23583984375 0.3818359375 0.248046875 0.380859375 0.25 0.376953125 0.25830078125 0.376953125 0.25927734375 0.3818359375 0.26220703125 0.3896484375 0.26513671875 0.40234375 0.26708984375 0.404296875 0.267578125 0.40625 0.26904296875 0.4150390625 0.26904296875 0.421875 0.26904296875 0.439453125 0.26806640625 0.4501953125 0.26708984375 0.4521484375 0.263671875 0.4521484375 0.2626953125 0.44921875 0.26220703125 0.4443359375 0.26171875 0.4453125 0.26171875 0.451171875 0.2607421875 0.4541015625 0.2578125 0.455078125 0.2568359375 0.455078125 0.25634765625 0.4521484375 0.25634765625 0.4482421875 0.244140625 0.4482421875 0.23681640625 0.44921875 0.23095703125 0.44921875 0.23046875 0.453125 0.228515625 0.453125 0.2275390625 0.453125 0.2265625 0.453125 0.2265625 0.4482421875 0.22216796875 0.447265625 0.22216796875 0.4521484375 0.22119140625 0.4541015625 0.21923828125 0.4541015625 0.216796875 0.4541015625 0.21630859375 0.4521484375 0.2158203125 0.4453125 0.2158203125 0.44140625 0.2158203125 0.4375 0.2158203125 0.4306640625 0.21630859375 0.4267578125 0.216796875 0.4169921875 0.21923828125 0.41015625 0.2177734375 0.41015625 0.216796875 0.404296875 0.21875 0.4033203125 0.22119140625 0.40234375 0.22265625 0.4013671875
13 0.39453125 0.3984375 0.3974609375 0.3837890625 0.4150390625 0.3857421875 0.4111328125 0.41796875 0.40576171875 0.41796875 0.39501953125 0.4169921875
13 0.41455078125 0.390625 0.43310546875 0.390625 0.43896484375 0.40625 0.4375 0.42578125 0.43359375 0.431640625 0.42724609375 0.4287109375 0.42529296875 0.4248046875 0.421875 0.4228515625 0.41650390625 0.4228515625 0.4150390625 0.4287109375 0.41357421875 0.4287109375 0.41064453125 0.4306640625 0.4091796875 0.427734375 0.4072265625 0.4248046875 0.40673828125 0.4169921875 0.4072265625 0.4091796875 0.40966796875 0.4013671875 0.412109375 0.3935546875
13 0.3681640625 0.4013671875 0.37744140625 0.3857421875 0.3935546875 0.3876953125 0.39892578125 0.404296875 0.39990234375 0.41015625 0.39990234375 0.4189453125 0.39990234375 0.43359375 0.3974609375 0.435546875 0.3955078125 0.43359375 0.3955078125 0.4287109375 0.39453125 0.4287109375 0.39453125 0.43359375 0.39208984375 0.435546875 0.390625 0.4326171875 0.390625 0.427734375 0.37841796875 0.427734375 0.37548828125 0.4287109375 0.37548828125 0.4326171875 0.36962890625 0.43359375 0.36669921875 0.427734375 0.36669921875 0.41796875 0.3681640625 0.40625
5 0.328125 0.5 0.32861328125 0.375 0.333984375 0.376953125 0.33349609375 0.501953125
7 0.31787109375 0.3955078125 0.3154296875 0.3837890625 0.3203125 0.3798828125 0.32568359375 0.3837890625 0.3271484375 0.404296875 0.32080078125 0.4013671875
7 0.3203125 0.3916015625 0.326171875 0.3857421875 0.333984375 0.3828125 0.3408203125 0.390625 0.3466796875 0.40234375 0.345703125 0.4228515625 0.3408203125 0.4384765625 0.3310546875 0.4443359375 0.32275390625 0.4384765625 0.31689453125 0.4208984375 0.31640625 0.40234375
7 0.21435546875 0.3798828125 0.2138671875 0.3818359375 0.2109375 0.3837890625 0.208984375 0.380859375 0.208984375 0.3759765625 0.21142578125 0.373046875 0.2138671875 0.3740234375
5 0.15185546875 0.255859375 0.15185546875 0.189453125 0.15673828125 0.189453125 0.15673828125 0.193359375 0.154296875 0.193359375 0.1533203125 0.255859375
5 0.30419921875 0.4072265625 0.3056640625 0.3330078125 0.30615234375 0.314453125 0.291015625 0.30859375 0.29248046875 0.3056640625 0.30810546875 0.3115234375 0.30712890625 0.4072265625
6 0.28857421875 0.30078125 0.29150390625 0.30078125 0.29150390625 0.31640625 0.28857421875 0.31640625
5 0.54296875 0.3955078125 0.544921875 0.3271484375 0.546875 0.3271484375 0.544921875 0.404296875 0.54248046875 0.404296875
5 0.37646484375 0.380859375 0.37890625 0.287109375 0.38134765625 0.287109375 0.37890625 0.3828125
7 0.6279296875 0.33203125 0.6328125 0.330078125 0.63134765625 0.3583984375 0.62646484375 0.3583984375
7 0.62255859375 0.3359375 0.62353515625 0.34375 0.62255859375 0.3486328125 0.62109375 0.3544921875 0.61962890625 0.3486328125 0.61962890625 0.3427734375 0.62109375 0.3359375
7 0.59716796875 0.3427734375 0.599609375 0.34765625 0.5986328125 0.359375 0.5966796875 0.361328125 0.5947265625 0.3515625 0.5947265625 0.345703125
