10 0.6962890625 0.0 0.29248046875 0.0 0.580078125 0.318359375 0.81787109375 0.314453125 0.96826171875 0.0
8 0.4765625 0.197265625 0.54736328125 0.20703125 0.61962890625 0.2060546875 0.6572265625 0.208984375 0.67919921875 0.20703125 0.7109375 0.2099609375 0.74267578125 0.201171875 0.783203125 0.181640625 0.99951171875 0.0009765625 0.99951171875 0.28125 0.52783203125 0.3232421875
0 0.0 0.5615234375 0.45458984375 0.43359375 0.5654296875 0.4365234375 0.56298828125 0.3876953125 0.61767578125 0.384765625 0.6787109375 0.4052734375 0.99951171875 0.4951171875 0.99951171875 0.9990234375 0.0 0.9990234375
1 0.60498046875 0.421875 0.61279296875 0.4248046875 0.630859375 0.4267578125 0.603515625 0.3974609375 0.59716796875 0.4052734375
2 0.720703125 0.283203125 0.6767578125 0.27734375 0.65087890625 0.275390625 0.646484375 0.2841796875 0.642578125 0.2880859375 0.634765625 0.287109375 0.63232421875 0.2763671875 0.64208984375 0.259765625 0.6435546875 0.2373046875 0.5791015625 0.234375 0.5771484375 0.3359375 0.60107421875 0.39453125 0.6123046875 0.4091796875 0.63232421875 0.427734375 0.7177734375 0.435546875
8 0.0 0.591796875 0.0 0.0 0.52197265625 0.0 0.52197265625 0.0166015625 0.517578125 0.021484375 0.51513671875 0.0263671875 0.5078125 0.025390625 0.5048828125 0.02734375 0.5107421875 0.0361328125 0.51416015625 0.0400390625 0.51416015625 0.0478515625 0.51611328125 0.0595703125 0.513671875 0.064453125 0.509765625 0.060546875 0.50341796875 0.0625 0.50048828125 0.0673828125 0.5 0.0712890625 0.4990234375 0.0810546875 0.50732421875 0.0810546875 0.509765625 0.08984375 0.50927734375 0.09375 0.51171875 0.0947265625 0.51904296875 0.0908203125 0.5234375 0.0751953125 0.5322265625 0.0732421875 0.53759765625 0.0634765625 0.54541015625 0.0634765625 0.5478515625 0.07421875 0.55908203125 0.06640625 0.57568359375 0.0693359375 0.57568359375 0.0810546875 0.5751953125 0.0859375 0.58740234375 0.083984375 0.5908203125 0.087890625 0.587890625 0.095703125 0.58544921875 0.1025390625 0.58544921875 0.1064453125 0.59375 0.1103515625 0.59375 0.12109375 0.591796875 0.1279296875 0.599609375 0.1318359375 0.5986328125 0.142578125 0.5947265625 0.1435546875 0.5927734375 0.1513671875 0.5986328125 0.15234375 0.59912109375 0.1669921875 0.595703125 0.166015625 0.595703125 0.169921875 0.60205078125 0.171875 0.6025390625 0.17578125 0.61083984375 0.1796875 0.60498046875 0.2041015625 0.6083984375 0.216796875 0.607421875 0.2236328125 0.609375 0.2197265625 0.61376953125 0.21875 0.6171875 0.2275390625 0.623046875 0.2255859375 0.6298828125 0.224609375 0.63916015625 0.2236328125 0.64501953125 0.2265625 0.6484375 0.22265625 0.65087890625 0.2236328125 0.6533203125 0.228515625 0.6533203125 0.2353515625 0.65869140625 0.236328125 0.66162109375 0.236328125 0.66455078125 0.2333984375 0.66748046875 0.23046875 0.669921875 0.2353515625 0.6728515625 0.240234375 0.6748046875 0.2470703125 0.67529296875 0.240234375 0.67724609375 0.2353515625 0.6806640625 0.2294921875 0.68701171875 0.2333984375 0.6953125 0.2314453125 0.701171875 0.2314453125 0.70751953125 0.2373046875 0.7119140625 0.24609375 0.71435546875 0.2626953125 0.7119140625 0.26953125 0.7138671875 0.2763671875 0.7177734375 0.2763671875 0.716796875 0.2939453125 0.716796875 0.3056640625 0.7109375 0.3056640625 0.70458984375 0.3134765625 0.70458984375 0.3193359375 0.7109375 0.3212890625 0.7138671875 0.322265625 0.7138671875 0.361328125 0.70703125 0.3681640625 0.69775390625 0.4326171875 0.68115234375 0.43359375 0.6826171875 0.396484375 0.671875 0.39453125 0.671875 0.3828125 0.6611328125 0.3828125 0.65576171875 0.376953125 0.65625 0.3671875 0.66015625 0.361328125 0.65966796875 0.3447265625 0.65576171875 0.3330078125 0.65625 0.31640625 0.6611328125 0.306640625 0.6650390625 0.28515625 0.66162109375 0.2802734375 0.654296875 0.2822265625 0.646484375 0.2900390625 0.63671875 0.29296875 0.63623046875 0.306640625 0.634765625 0.3232421875 0.63427734375 0.3359375 0.60107421875 0.333984375 0.6015625 0.3427734375 0.6015625 0.34765625 0.60009765625 0.35546875 0.59716796875 0.3671875 0.60009765625 0.3740234375 0.59716796875 0.3876953125 0.5927734375 0.392578125 0.59033203125 0.4033203125 0.58349609375 0.4091796875 0.57568359375 0.419921875 0.57373046875 0.4365234375 0.5546875 0.4423828125 0.505859375 0.4365234375
9 0.46240234375 0.4189453125 0.46435546875 0.44140625 0.572265625 0.4482421875 0.5908203125 0.443359375 0.578125 0.435546875 0.5703125 0.43359375 0.55859375 0.4375 0.46337890625 0.419921875
2 0.99951171875 0.0 0.7939453125 0.0 0.79541015625 0.015625 0.79345703125 0.1220703125 0.7900390625 0.1220703125 0.78955078125 0.140625 0.7509765625 0.1884765625 0.7421875 0.193359375 0.74267578125 0.19921875 0.744140625 0.203125 0.744140625 0.23046875 0.740234375 0.2373046875 0.740234375 0.2392578125 0.71923828125 0.2392578125 0.71630859375 0.3056640625 0.71044921875 0.3056640625 0.7099609375 0.3115234375 0.71240234375 0.3125 0.70947265625 0.4404296875 0.99951171875 0.5126953125
1 0.0 0.751953125 0.51171875 0.4560546875 0.5048828125 0.447265625 0.43505859375 0.419921875 0.0810546875 0.5361328125 0.05126953125 0.546875 0.0 0.564453125
8 0.79248046875 0.2900390625 0.7880859375 0.263671875 0.7841796875 0.2529296875 0.7734375 0.2548828125 0.76904296875 0.26171875 0.763671875 0.2587890625 0.76123046875 0.2421875 0.75927734375 0.2353515625 0.7490234375 0.2421875 0.74462890625 0.251953125 0.74267578125 0.2666015625 0.740234375 0.2822265625 0.740234375 0.298828125 0.740234375 0.3076171875 0.73095703125 0.3076171875 0.72412109375 0.306640625 0.7197265625 0.3125 0.7255859375 0.3232421875 0.72216796875 0.3330078125 0.72265625 0.3466796875 0.73095703125 0.349609375 0.736328125 0.3544921875 0.73681640625 0.3759765625 0.74365234375 0.3974609375 0.767578125 0.4072265625 0.771484375 0.4453125 0.78076171875 0.4453125 0.7783203125 0.4013671875 0.7978515625 0.3837890625 0.802734375 0.341796875 0.7998046875 0.2958984375
1 0.99951171875 0.5498046875 0.9345703125 0.5263671875 0.87060546875 0.5009765625 0.7900390625 0.423828125 0.80810546875 0.4033203125 0.9521484375 0.4970703125 0.99951171875 0.5068359375
13 0.50830078125 0.4130859375 0.52001953125 0.4150390625 0.5244140625 0.421875 0.5234375 0.435546875 0.5166015625 0.4375 0.501953125 0.435546875 0.50390625 0.4248046875
13 0.6005859375 0.412109375 0.60498046875 0.412109375 0.60498046875 0.4033203125 0.60107421875 0.4033203125
5 0.4794921875 0.326171875 0.4755859375 0.443359375 0.478515625 0.4443359375 0.48291015625 0.328125
13 0.60205078125 0.416015625 0.60693359375 0.4169921875 0.60693359375 0.4072265625 0.60546875 0.40625 0.60205078125 0.40625 0.6005859375 0.4091796875
13 0.59130859375 0.423828125 0.6005859375 0.421875 0.60107421875 0.4150390625 0.60009765625 0.412109375 0.59326171875 0.412109375 0.5888671875 0.416015625 0.5888671875 0.421875
13 0.5791015625 0.4248046875 0.5908203125 0.42578125 0.58984375 0.41796875 0.58984375 0.41015625 0.58203125 0.41015625 0.57958984375 0.41796875
5 0.55712890625 0.2783203125 0.55712890625 0.2822265625 0.4931640625 0.2939453125 0.4892578125 0.4248046875 0.4873046875 0.42578125 0.4892578125 0.2900390625
5 0.47021484375 0.349609375 0.4697265625 0.4384765625 0.47265625 0.4384765625 0.4736328125 0.3486328125 0.4716796875 0.3486328125
13 0.4814453125 0.3974609375 0.5 0.400390625 0.50341796875 0.41796875 0.5048828125 0.43359375 0.50341796875 0.4365234375 0.50341796875 0.4443359375 0.50341796875 0.451171875 0.50048828125 0.453125 0.49609375 0.4541015625 0.46875 0.4521484375 0.4658203125 0.419921875
13 0.4580078125 0.458984375 0.4658203125 0.4599609375 0.4658203125 0.455078125 0.48681640625 0.4560546875 0.48681640625 0.4619140625 0.48876953125 0.462890625 0.49169921875 0.4609375 0.49365234375 0.4599609375 0.494140625 0.45703125 0.49658203125 0.45703125 0.49853515625 0.455078125 0.4990234375 0.44921875 0.4990234375 0.4404296875 0.4990234375 0.4306640625 0.49755859375 0.423828125 0.49951171875 0.421875 0.4990234375 0.41796875 0.49755859375 0.41796875 0.49560546875 0.4169921875 0.494140625 0.4072265625 0.4931640625 0.404296875 0.474609375 0.40234375 0.46630859375 0.404296875 0.4619140625 0.4140625 0.458984375 0.4267578125 0.45849609375 0.4404296875 0.458984375 0.443359375
5 0.6728515625 0.2265625 0.70361328125 0.234375 0.7001953125 0.4296875 0.70166015625 0.4326171875 0.705078125 0.2314453125 0.67333984375 0.2236328125
13 0.40966796875 0.47265625 0.412109375 0.4658203125 0.4140625 0.4658203125 0.4140625 0.47265625 0.4189453125 0.4736328125 0.42041015625 0.466796875 0.4208984375 0.46484375 0.44482421875 0.46875 0.44482421875 0.4755859375 0.4462890625 0.4775390625 0.44970703125 0.4775390625 0.45068359375 0.4736328125 0.45068359375 0.466796875 0.45166015625 0.466796875 0.45166015625 0.4697265625 0.45166015625 0.4736328125 0.45458984375 0.474609375 0.45654296875 0.4736328125 0.45703125 0.462890625 0.45751953125 0.4541015625 0.4580078125 0.44140625 0.455078125 0.427734375 0.4560546875 0.42578125 0.458984375 0.42578125 0.46044921875 0.423828125 0.4599609375 0.4189453125 0.45703125 0.41796875 0.45458984375 0.4189453125 0.44970703125 0.3974609375 0.4462890625 0.39453125 0.42138671875 0.390625 0.4169921875 0.3935546875 0.4091796875 0.419921875 0.40673828125 0.4521484375 0.40625 0.466796875
13 0.33349609375 0.3896484375 0.33740234375 0.3837890625 0.34716796875 0.3828125 0.39013671875 0.388671875 0.40283203125 0.4169921875 0.408203125 0.4169921875 0.408203125 0.4248046875 0.40576171875 0.4287109375 0.4111328125 0.4365234375 0.41259765625 0.443359375 0.4130859375 0.4619140625 0.41162109375 0.4716796875 0.4111328125 0.4765625 0.41015625 0.4853515625 0.40966796875 0.490234375 0.408203125 0.4921875 0.40380859375 0.4931640625 0.400390625 0.490234375 0.400390625 0.48046875 0.3857421875 0.48046875 0.38525390625 0.4873046875 0.3828125 0.4951171875 0.3759765625 0.49609375 0.37353515625 0.4951171875 0.373046875 0.4873046875 0.373046875 0.478515625 0.361328125 0.478515625 0.359375 0.4794921875 0.35888671875 0.486328125 0.35302734375 0.4873046875 0.35107421875 0.48046875 0.3515625 0.4736328125 0.34130859375 0.4736328125 0.33935546875 0.4912109375 0.330078125 0.4912109375 0.322265625 0.46484375 0.32275390625 0.43359375 0.32470703125 0.4091796875
13 0.24267578125 0.3779296875 0.26318359375 0.3681640625 0.3232421875 0.3759765625 0.3359375 0.39453125 0.3427734375 0.412109375 0.3447265625 0.421875 0.35009765625 0.4248046875 0.35107421875 0.4296875 0.35009765625 0.435546875 0.34912109375 0.4384765625 0.35302734375 0.4453125 0.35546875 0.458984375 0.35693359375 0.46875 0.35595703125 0.4794921875 0.35498046875 0.48828125 0.3544921875 0.501953125 0.353515625 0.51953125 0.35205078125 0.5283203125 0.34521484375 0.5302734375 0.3408203125 0.5263671875 0.34130859375 0.51953125 0.3408203125 0.5146484375 0.326171875 0.5205078125 0.32568359375 0.5263671875 0.3251953125 0.5361328125 0.32275390625 0.5458984375 0.31494140625 0.5458984375 0.310546875 0.544921875 0.30908203125 0.5322265625 0.30859375 0.51953125 0.2900390625 0.51953125 0.28662109375 0.51953125 0.28759765625 0.5283203125 0.28564453125 0.537109375 0.27587890625 0.54296875 0.27001953125 0.537109375 0.25927734375 0.513671875 0.25048828125 0.4775390625 0.2392578125 0.42578125
5 0.6181640625 0.4033203125 0.6181640625 0.4267578125 0.6171875 0.42578125 0.6171875 0.40234375
13 0.0810546875 0.5732421875 0.08154296875 0.580078125 0.09033203125 0.5859375 0.10302734375 0.5849609375 0.1083984375 0.5732421875 0.11376953125 0.5576171875 0.12548828125 0.5498046875 0.1923828125 0.560546875 0.20751953125 0.5615234375 0.20947265625 0.5849609375 0.21435546875 0.599609375 0.23291015625 0.6025390625 0.240234375 0.587890625 0.2421875 0.564453125 0.24560546875 0.560546875 0.26513671875 0.55078125 0.2666015625 0.56640625 0.27734375 0.5673828125 0.28125 0.564453125 0.2841796875 0.537109375 0.28515625 0.50390625 0.28759765625 0.4736328125 0.2822265625 0.4521484375 0.27783203125 0.4482421875 0.287109375 0.435546875 0.2861328125 0.4248046875 0.2744140625 0.4248046875 0.263671875 0.3994140625 0.24609375 0.3642578125 0.2158203125 0.3525390625 0.1416015625 0.345703125 0.12548828125 0.3544921875 0.1044921875 0.3896484375 0.0986328125 0.3955078125 0.080078125 0.4052734375 0.072265625 0.4296875 0.0712890625 0.4619140625 0.06982421875 0.48046875 0.07275390625 0.4921875 0.0732421875 0.5185546875 0.07861328125 0.5361328125 0.0791015625 0.556640625
5 0.69482421875 0.1376953125 0.697265625 0.138671875 0.701171875 0.138671875 0.69384765625 0.4306640625 0.69677734375 0.4306640625 0.70263671875 0.134765625 0.69775390625 0.1328125
13 0.630859375 0.47265625 0.63525390625 0.47265625 0.63525390625 0.466796875 0.66259765625 0.4677734375 0.6611328125 0.4150390625 0.63818359375 0.416015625 0.6328125 0.4267578125 0.6318359375 0.431640625 0.63037109375 0.4306640625 0.62744140625 0.4306640625 0.62744140625 0.435546875 0.63037109375 0.4365234375 0.6298828125 0.4599609375
13 0.65478515625 0.474609375 0.6513671875 0.4755859375 0.6513671875 0.48046875 0.6484375 0.48046875 0.646484375 0.4794921875 0.6455078125 0.4775390625 0.64404296875 0.4775390625 0.64453125 0.4609375 0.64501953125 0.4521484375 0.64501953125 0.4453125 0.6474609375 0.4384765625 0.64501953125 0.4375 0.64501953125 0.4326171875 0.646484375 0.431640625 0.6484375 0.431640625 0.65283203125 0.4169921875 0.67724609375 0.416015625 0.6845703125 0.4326171875 0.6845703125 0.462890625 0.68408203125 0.4794921875
13 0.6669921875 0.4912109375 0.6669921875 0.5 0.66552734375 0.5029296875 0.65966796875 0.5029296875 0.65869140625 0.5009765625 0.658203125 0.49609375 0.65576171875 0.49609375 0.65478515625 0.4921875 0.65478515625 0.4736328125 0.65625 0.44140625 0.6591796875 0.439453125 0.65576171875 0.4375 0.654296875 0.435546875 0.65478515625 0.431640625 0.66015625 0.4306640625 0.66064453125 0.435546875 0.6611328125 0.435546875 0.6630859375 0.42578125 0.66748046875 0.412109375 0.67138671875 0.408203125 0.67919921875 0.408203125 0.69140625 0.408203125 0.70263671875 0.41015625 0.70654296875 0.4150390625 0.708984375 0.4248046875 0.712890625 0.44140625 0.71240234375 0.5 0.7001953125 0.5 0.7001953125 0.490234375
5 0.69482421875 0.2607421875 0.69580078125 0.2646484375 0.7451171875 0.28515625 0.75244140625 0.2880859375 0.75830078125 0.2939453125 0.76171875 0.306640625 0.76025390625 0.4384765625 0.76416015625 0.4384765625 0.763671875 0.3193359375 0.76318359375 0.302734375 0.76171875 0.2958984375 0.75634765625 0.2880859375 0.7490234375 0.283203125 0.7333984375 0.2763671875
13 0.724609375 0.4013671875 0.7275390625 0.39453125 0.73095703125 0.3916015625 0.76025390625 0.3916015625 0.765625 0.3916015625 0.76806640625 0.39453125 0.7734375 0.421875 0.7744140625 0.4365234375 0.77392578125 0.46484375 0.7734375 0.490234375 0.7255859375 0.4951171875 0.71484375 0.4677734375 0.71875 0.43359375 0.724609375 0.40625
13 0.81640625 0.4169921875 0.8212890625 0.4140625 0.8349609375 0.412109375 0.8642578125 0.4140625 0.869140625 0.4326171875 0.8681640625 0.4990234375 0.8212890625 0.5009765625 0.8046875 0.474609375 0.8095703125 0.4404296875
11 0.90576171875 0.40625 0.908203125 0.404296875 0.90966796875 0.4033203125 0.90966796875 0.3974609375 0.91015625 0.3935546875 0.912109375 0.390625 0.9150390625 0.3896484375 0.9169921875 0.392578125 0.91650390625 0.400390625 0.91552734375 0.404296875 0.91650390625 0.4130859375 0.91796875 0.4287109375 0.91796875 0.50390625 0.9033203125 0.50390625 0.8994140625 0.4658203125 0.8994140625 0.43359375 0.9013671875 0.421875
5 0.91650390625 0.4892578125 0.9228515625 0.490234375 0.9345703125 0.0009765625 0.92822265625 0.0
13 0.87060546875 0.5283203125 0.876953125 0.5302734375 0.8818359375 0.5244140625 0.88134765625 0.5185546875 0.8974609375 0.515625 0.89794921875 0.5224609375 0.9033203125 0.525390625 0.908203125 0.5234375 0.9091796875 0.51953125 0.9091796875 0.5166015625 0.92919921875 0.5166015625 0.93212890625 0.5263671875 0.93310546875 0.533203125 0.93994140625 0.533203125 0.9453125 0.53125 0.94677734375 0.5224609375 0.94677734375 0.51171875 0.951171875 0.501953125 0.95263671875 0.46875 0.95068359375 0.4482421875 0.93359375 0.412109375 0.92919921875 0.40625 0.87158203125 0.40625 0.8515625 0.4384765625 0.845703125 0.4375 0.84326171875 0.44140625 0.84326171875 0.447265625 0.84912109375 0.44921875 0.8408203125 0.455078125 0.83837890625 0.4677734375 0.8369140625 0.4931640625 0.8369140625 0.509765625 0.8388671875 0.51953125 0.84619140625 0.5224609375 0.849609375 0.521484375 0.85009765625 0.5146484375 0.86474609375 0.513671875 0.86572265625 0.5166015625 0.86572265625 0.5234375
5 0.78466796875 0.447265625 0.78955078125 0.44921875 0.79833984375 0.0048828125 0.7734375 0.0 0.75634765625 0.0 0.78076171875 0.0078125 0.796875 0.0087890625
5 0.78466796875 0.447265625 0.78955078125 0.44921875 0.79833984375 0.0048828125 0.7734375 0.0 0.75634765625 0.0 0.78076171875 0.0078125 0.796875 0.0087890625
13 0.71630859375 0.58984375 0.73388671875 0.591796875 0.73828125 0.5693359375 0.7431640625 0.560546875 0.7890625 0.564453125 0.79296875 0.5791015625 0.80126953125 0.576171875 0.80419921875 0.5703125 0.8154296875 0.576171875 0.81884765625 0.59765625 0.833984375 0.599609375 0.837890625 0.5615234375 0.83837890625 0.4990234375 0.83447265625 0.4794921875 0.82763671875 0.4521484375 0.81640625 0.4091796875 0.81201171875 0.4013671875 0.73046875 0.3994140625 0.72119140625 0.4072265625 0.71240234375 0.4326171875 0.70703125 0.455078125 0.705078125 0.4560546875 0.705078125 0.447265625 0.6953125 0.44921875 0.6923828125 0.455078125 0.69287109375 0.4609375 0.6962890625 0.4638671875 0.70361328125 0.4638671875 0.70166015625 0.4775390625 0.69775390625 0.4853515625 0.697265625 0.4892578125 0.697265625 0.51171875 0.69677734375 0.5302734375 0.69677734375 0.55078125 0.69775390625 0.5673828125 0.70166015625 0.5693359375 0.70751953125 0.568359375 0.71044921875 0.56640625 0.7109375 0.5595703125 0.7119140625 0.5556640625 0.71337890625 0.5556640625 0.712890625 0.564453125 0.71337890625 0.572265625 0.712890625 0.583984375
6 0.46826171875 0.3828125 0.474609375 0.3818359375 0.47509765625 0.3583984375 0.47265625 0.357421875 0.470703125 0.3583984375 0.47119140625 0.365234375 0.466796875 0.365234375 0.46533203125 0.3671875 0.46533203125 0.3740234375
7 0.470703125 0.3798828125 0.46826171875 0.3818359375 0.4677734375 0.388671875 0.46923828125 0.3955078125 0.47265625 0.39453125 0.4755859375 0.390625 0.47509765625 0.3837890625
5 0.5556640625 0.3623046875 0.5546875 0.4404296875 0.55712890625 0.4404296875 0.55859375 0.3603515625
6 0.5615234375 0.3603515625 0.55712890625 0.3603515625 0.55712890625 0.390625 0.5615234375 0.388671875
6 0.4833984375 0.3525390625 0.49267578125 0.3505859375 0.49267578125 0.359375 0.49560546875 0.359375 0.49609375 0.3623046875 0.49755859375 0.3642578125 0.49755859375 0.37890625 0.49658203125 0.384765625 0.48876953125 0.3837890625 0.48583984375 0.3798828125 0.48193359375 0.37890625 0.48095703125 0.35546875
6 0.771484375 0.27734375 0.7802734375 0.2783203125 0.779296875 0.3203125 0.77001953125 0.3203125
7 0.76318359375 0.330078125 0.7578125 0.3369140625 0.7626953125 0.34765625 0.7685546875 0.33984375
7 0.6884765625 0.3857421875 0.69580078125 0.3857421875 0.69580078125 0.400390625 0.6884765625 0.400390625
6 0.69482421875 0.37109375 0.7041015625 0.3720703125 0.7041015625 0.392578125 0.6953125 0.392578125
6 0.61572265625 0.40234375 0.61572265625 0.412109375 0.6181640625 0.41015625 0.61865234375 0.40234375
6 0.607421875 0.3798828125 0.6044921875 0.3798828125 0.60498046875 0.3916015625 0.60693359375 0.3916015625
5 0.77490234375 0.2998046875 0.77490234375 0.302734375 0.78955078125 0.3134765625 0.78759765625 0.400390625 0.79052734375 0.400390625 0.79248046875 0.310546875
6 0.5546875 0.29296875 0.5595703125 0.29296875 0.5595703125 0.27734375 0.56298828125 0.2734375 0.56298828125 0.2666015625 0.560546875 0.263671875 0.55859375 0.26171875 0.55419921875 0.2626953125 0.552734375 0.265625 0.55224609375 0.2705078125 0.55322265625 0.2744140625 0.5546875 0.27734375
6 0.69140625 0.26171875 0.69091796875 0.2783203125 0.6962890625 0.2802734375 0.6962890625 0.263671875 0.69873046875 0.26171875 0.701171875 0.2548828125 0.7001953125 0.25 0.69775390625 0.2470703125 0.69580078125 0.24609375 0.69287109375 0.2451171875 0.6904296875 0.2470703125 0.6884765625 0.2509765625 0.68896484375 0.2548828125
6 0.76123046875 0.365234375 0.76123046875 0.3837890625 0.7666015625 0.3837890625 0.7666015625 0.3671875 0.76953125 0.361328125 0.76953125 0.35546875 0.7685546875 0.3505859375 0.7666015625 0.3486328125 0.76220703125 0.3486328125 0.76025390625 0.3505859375 0.75927734375 0.35546875 0.76025390625 0.3603515625
6 0.50341796875 0.3642578125 0.50244140625 0.37890625 0.50732421875 0.37890625 0.5078125 0.361328125 0.509765625 0.3564453125 0.509765625 0.349609375 0.5078125 0.3466796875 0.50244140625 0.34765625 0.50146484375 0.3525390625 0.501953125 0.357421875 0.501953125 0.3583984375
11 0.58935546875 0.4140625 0.58837890625 0.4091796875 0.5869140625 0.4130859375 0.5869140625 0.4169921875 0.5859375 0.4208984375 0.58544921875 0.423828125 0.5869140625 0.42578125 0.587890625 0.4267578125 0.5888671875 0.423828125 0.58984375 0.4248046875 0.5908203125 0.423828125 0.591796875 0.4208984375 0.58935546875 0.41796875
8 0.5703125 0.4365234375 0.57373046875 0.4306640625 0.57568359375 0.4287109375 0.57861328125 0.427734375 0.5830078125 0.4248046875 0.5859375 0.423828125 0.5888671875 0.42578125 0.59033203125 0.4296875 0.5908203125 0.435546875 0.59130859375 0.443359375 0.5859375 0.44140625 0.583984375 0.439453125 0.5791015625 0.4384765625 0.57568359375 0.4375
