8 0.525390625 0.31640625 0.525390625 0.43359375 0.6142578125 0.4296875 0.60888671875 0.31640625
10 0.99951171875 0.0 0.99951171875 0.14453125 0.30126953125 0.3017578125 0.0 0.2783203125 0.0 0.0
0 0.0 0.54296875 0.14794921875 0.4306640625 0.19482421875 0.427734375 0.52978515625 0.4677734375 0.71044921875 0.46875 0.970703125 0.3544921875 0.99951171875 0.369140625 0.99951171875 0.9990234375 0.0 0.9990234375
1 0.99951171875 0.947265625 0.826171875 0.76171875 0.666015625 0.5791015625 0.66455078125 0.5625 0.66796875 0.544921875 0.6884765625 0.5263671875 0.791015625 0.490234375 0.857421875 0.4814453125 0.88818359375 0.4833984375 0.89306640625 0.4716796875 0.9404296875 0.4609375 0.94287109375 0.4912109375 0.99951171875 0.521484375
2 0.03369140625 0.068359375 0.03759765625 0.0693359375 0.03662109375 0.099609375 0.0458984375 0.1025390625 0.0673828125 0.103515625 0.07275390625 0.1044921875 0.07275390625 0.0869140625 0.08154296875 0.0869140625 0.08447265625 0.0927734375 0.0869140625 0.1025390625 0.11279296875 0.1025390625 0.119140625 0.107421875 0.12060546875 0.0927734375 0.12744140625 0.0908203125 0.13232421875 0.1083984375 0.1357421875 0.1162109375 0.140625 0.119140625 0.14111328125 0.10546875 0.1572265625 0.107421875 0.1572265625 0.130859375 0.1591796875 0.123046875 0.17626953125 0.123046875 0.17724609375 0.138671875 0.18017578125 0.1416015625 0.1884765625 0.1416015625 0.19677734375 0.1416015625 0.23193359375 0.2109375 0.234375 0.2119140625 0.2392578125 0.2119140625 0.2421875 0.20703125 0.24560546875 0.2001953125 0.25146484375 0.193359375 0.25927734375 0.193359375 0.2607421875 0.1923828125 0.2626953125 0.189453125 0.26708984375 0.19140625 0.27294921875 0.2021484375 0.27880859375 0.2119140625 0.2900390625 0.23046875 0.3017578125 0.2314453125 0.3056640625 0.4267578125 0.1416015625 0.4326171875 0.03955078125 0.453125 0.0 0.455078125 0.0 0.060546875
1 0.2001953125 0.46875 0.20361328125 0.478515625 0.24951171875 0.48046875 0.3408203125 0.484375 0.5654296875 0.4892578125 0.72119140625 0.486328125 0.77880859375 0.4765625 0.86376953125 0.4619140625 0.9453125 0.451171875 0.9453125 0.4326171875 0.78564453125 0.4521484375 0.69775390625 0.4560546875 0.64013671875 0.458984375 0.62060546875 0.455078125 0.61083984375 0.451171875 0.583984375 0.4501953125 0.54296875 0.453125 0.5244140625 0.451171875 0.521484375 0.4658203125 0.2958984375 0.4638671875 0.29541015625 0.44921875 0.29736328125 0.43359375 0.2900390625 0.447265625 0.26904296875 0.4560546875 0.2509765625 0.4638671875 0.23779296875 0.4658203125 0.21435546875 0.4697265625
5 0.04638671875 0.0 0.05029296875 0.0 0.05029296875 0.3837890625 0.0439453125 0.3837890625
5 0.0302734375 0.1064453125 0.0283203125 0.39453125 0.03515625 0.3935546875 0.03662109375 0.10546875
8 0.037109375 0.0 0.0322265625 0.0146484375 0.03076171875 0.0283203125 0.0302734375 0.0517578125 0.02880859375 0.0673828125 0.03076171875 0.078125 0.03369140625 0.0947265625 0.03125 0.111328125 0.029296875 0.1279296875 0.021484375 0.1435546875 0.0205078125 0.171875 0.021484375 0.1826171875 0.00732421875 0.1923828125 0.0 0.1943359375 0.0 0.0
7 0.02587890625 0.1298828125 0.033203125 0.126953125 0.041015625 0.1298828125 0.048828125 0.14453125 0.04833984375 0.1630859375 0.0458984375 0.1806640625 0.03759765625 0.18359375 0.0263671875 0.1806640625 0.021484375 0.1669921875 0.0205078125 0.1494140625
9 0.12158203125 0.4072265625 0.212890625 0.4130859375 0.2216796875 0.41796875 0.22119140625 0.4375 0.12939453125 0.4384765625
8 0.10302734375 0.234375 0.1064453125 0.2177734375 0.111328125 0.2060546875 0.12841796875 0.208984375 0.1318359375 0.2158203125 0.138671875 0.197265625 0.1484375 0.181640625 0.16650390625 0.17578125 0.18408203125 0.193359375 0.19580078125 0.2041015625 0.2060546875 0.2138671875 0.22265625 0.2236328125 0.23876953125 0.240234375 0.2490234375 0.2470703125 0.25341796875 0.2373046875 0.25 0.2236328125 0.24365234375 0.20703125 0.24755859375 0.19140625 0.2607421875 0.1826171875 0.2841796875 0.1787109375 0.2958984375 0.1904296875 0.30615234375 0.23046875 0.3095703125 0.2958984375 0.302734375 0.3349609375 0.28955078125 0.3486328125 0.2841796875 0.3505859375 0.28125 0.359375 0.2822265625 0.3837890625 0.2841796875 0.4150390625 0.27783203125 0.416015625 0.27587890625 0.3798828125 0.26318359375 0.3779296875 0.25439453125 0.3759765625 0.2509765625 0.3623046875 0.2431640625 0.3662109375 0.23388671875 0.3623046875 0.2314453125 0.3564453125 0.22705078125 0.3623046875 0.2265625 0.3828125 0.2236328125 0.4013671875 0.21533203125 0.4150390625 0.18798828125 0.4013671875 0.146484375 0.3974609375 0.1083984375 0.421875 0.10498046875 0.3505859375 0.0947265625 0.298828125 0.091796875 0.2578125
5 0.51318359375 0.48046875 0.5166015625 0.48046875 0.50927734375 0.2900390625 0.5048828125 0.29296875 0.51025390625 0.3935546875
5 0.24853515625 0.3466796875 0.248046875 0.3447265625 0.2265625 0.3642578125 0.2265625 0.3662109375
5 0.47216796875 0.41796875 0.470703125 0.4248046875 0.4716796875 0.4296875 0.4716796875 0.439453125 0.470703125 0.4423828125 0.4716796875 0.4443359375 0.4716796875 0.4560546875 0.47021484375 0.4560546875 0.47119140625 0.4609375 0.47119140625 0.4775390625 0.4755859375 0.4794921875 0.4755859375 0.4619140625 0.47607421875 0.45703125 0.47509765625 0.4541015625 0.47509765625 0.443359375 0.47607421875 0.44140625 0.47509765625 0.439453125 0.47509765625 0.4287109375 0.47607421875 0.423828125 0.47509765625 0.419921875 0.47509765625 0.4169921875
13 0.2744140625 0.390625 0.27490234375 0.3857421875 0.27490234375 0.3837890625 0.28076171875 0.3837890625 0.28125 0.3876953125 0.28173828125 0.3896484375 0.29736328125 0.3896484375 0.30029296875 0.408203125 0.30224609375 0.4169921875 0.279296875 0.41796875 0.27197265625 0.41796875
3 0.52490234375 0.404296875 0.62060546875 0.3955078125 0.6142578125 0.4521484375 0.583984375 0.4541015625 0.548828125 0.455078125 0.53369140625 0.455078125 0.5185546875 0.4541015625
2 0.2978515625 0.0 0.29736328125 0.1904296875 0.2939453125 0.25 0.29296875 0.46875 0.51953125 0.4697265625 0.52587890625 0.4658203125 0.5283203125 0.4521484375 0.52978515625 0.37109375 0.533203125 0.3505859375 0.54345703125 0.33203125 0.5517578125 0.32421875 0.55517578125 0.3232421875 0.56689453125 0.3203125 0.5830078125 0.3330078125 0.591796875 0.3544921875 0.59521484375 0.376953125 0.5966796875 0.4501953125 0.61474609375 0.4599609375 0.6376953125 0.4619140625 0.69873046875 0.4599609375 0.8203125 0.45703125 0.88330078125 0.4521484375 0.921875 0.439453125 0.939453125 0.439453125 0.9404296875 0.498046875 0.9609375 0.5107421875 0.99951171875 0.5205078125 0.99951171875 0.0
5 0.775390625 0.4990234375 0.77978515625 0.498046875 0.7783203125 0.2939453125 0.7783203125 0.1943359375 0.7734375 0.1953125 0.7734375 0.34765625
5 0.8642578125 0.4853515625 0.87060546875 0.486328125 0.8701171875 0.421875 0.86767578125 0.423828125 0.86572265625 0.4541015625 0.86572265625 0.4638671875
7 0.7783203125 0.201171875 0.7783203125 0.21484375 0.7939453125 0.2197265625 0.79541015625 0.205078125
5 0.86376953125 0.0009765625 0.86865234375 0.634765625 0.88427734375 0.6376953125 0.87890625 0.0
5 0.05712890625 0.16796875 0.05712890625 0.171875 0.06005859375 0.1748046875 0.07470703125 0.189453125 0.076171875 0.1982421875 0.0732421875 0.369140625 0.07666015625 0.3681640625 0.07861328125 0.1953125 0.076171875 0.185546875 0.06689453125 0.17578125 0.0615234375 0.169921875
7 0.0908203125 0.2490234375 0.12890625 0.251953125 0.12939453125 0.349609375 0.07666015625 0.34765625 0.07763671875 0.25
5 0.12890625 0.474609375 0.1328125 0.4755859375 0.13232421875 0.2783203125 0.1328125 0.015625 0.17919921875 0.0078125 0.18701171875 0.0087890625 0.1904296875 0.0048828125 0.1865234375 0.0 0.1796875 0.001953125 0.13232421875 0.009765625 0.07373046875 0.0087890625 0.07275390625 0.0107421875 0.07470703125 0.013671875 0.0830078125 0.0146484375 0.0849609375 0.0126953125 0.12890625 0.0146484375 0.1298828125 0.0185546875
5 0.505859375 0.298828125 0.51318359375 0.478515625 0.5166015625 0.478515625 0.509765625 0.294921875 0.50634765625 0.294921875
7 0.50048828125 0.28515625 0.49951171875 0.2939453125 0.50048828125 0.3056640625 0.50439453125 0.3095703125 0.50830078125 0.3095703125 0.51318359375 0.306640625 0.515625 0.2958984375 0.51416015625 0.2822265625 0.509765625 0.2763671875 0.50439453125 0.2763671875
5 0.2392578125 0.3994140625 0.2421875 0.296875 0.24365234375 0.2978515625 0.24072265625 0.4130859375
6 0.2373046875 0.3408203125 0.2421875 0.3408203125 0.24169921875 0.3662109375 0.2373046875 0.3662109375
6 0.24072265625 0.369140625 0.244140625 0.369140625 0.2451171875 0.376953125 0.24365234375 0.37890625 0.240234375 0.37890625
7 0.24755859375 0.3115234375 0.2421875 0.3310546875 0.23681640625 0.3115234375
7 0.251953125 0.3349609375 0.24951171875 0.3349609375 0.248046875 0.337890625 0.24755859375 0.345703125 0.24951171875 0.349609375 0.25390625 0.3486328125 0.25537109375 0.34375 0.25439453125 0.3369140625
18 0.99951171875 0.541015625 0.99658203125 0.564453125 0.99072265625 0.6064453125 0.9873046875 0.6162109375 0.98095703125 0.611328125 0.9775390625 0.6005859375 0.97705078125 0.56640625 0.9765625 0.513671875 0.98193359375 0.4833984375 0.98583984375 0.4716796875 0.98779296875 0.4619140625 0.98974609375 0.451171875 0.99072265625 0.4384765625 0.994140625 0.4326171875 0.99609375 0.419921875 0.998046875 0.4140625 0.98779296875 0.4130859375 0.98046875 0.4091796875 0.9677734375 0.4130859375 0.9638671875 0.4091796875 0.97119140625 0.408203125 0.97998046875 0.4033203125 0.9697265625 0.4013671875 0.96923828125 0.39453125 0.974609375 0.3935546875 0.98486328125 0.3974609375 0.99462890625 0.4052734375 0.99951171875 0.4052734375
11 0.54052734375 0.4716796875 0.54345703125 0.4697265625 0.546875 0.46484375 0.546875 0.4560546875 0.546875 0.4248046875 0.5478515625 0.4306640625 0.5498046875 0.4287109375 0.548828125 0.4013671875 0.54638671875 0.390625 0.54638671875 0.3896484375 0.54638671875 0.380859375 0.54296875 0.3759765625 0.54052734375 0.376953125 0.5390625 0.3818359375 0.5390625 0.3857421875 0.5341796875 0.390625 0.53173828125 0.4013671875 0.53173828125 0.416015625 0.533203125 0.423828125 0.53564453125 0.423828125
11 0.56884765625 0.3798828125 0.57080078125 0.3720703125 0.56787109375 0.369140625 0.56494140625 0.3701171875 0.5634765625 0.376953125 0.56396484375 0.3818359375 0.5595703125 0.3857421875 0.55810546875 0.3994140625 0.55908203125 0.421875 0.56005859375 0.4287109375 0.56005859375 0.4716796875 0.56396484375 0.47265625 0.5654296875 0.466796875 0.56591796875 0.4326171875 0.5673828125 0.4482421875 0.5693359375 0.46875 0.5732421875 0.4677734375 0.57275390625 0.4423828125 0.572265625 0.4208984375 0.57275390625 0.4052734375 0.5751953125 0.4267578125 0.57568359375 0.4169921875 0.576171875 0.3994140625 0.5732421875 0.3876953125
11 0.5810546875 0.466796875 0.587890625 0.4677734375 0.58837890625 0.451171875 0.58935546875 0.4287109375 0.59033203125 0.421875 0.5927734375 0.421875 0.59375 0.4013671875 0.59130859375 0.3837890625 0.58935546875 0.3818359375 0.587890625 0.3779296875 0.58837890625 0.3681640625 0.58544921875 0.3642578125 0.58349609375 0.3671875 0.5830078125 0.3701171875 0.58349609375 0.3759765625 0.58251953125 0.3798828125 0.57861328125 0.3837890625 0.57666015625 0.384765625 0.57470703125 0.4248046875 0.5771484375 0.4287109375 0.57958984375 0.4521484375
13 0.24267578125 0.421875 0.2421875 0.40625 0.25 0.390625 0.25830078125 0.388671875 0.2802734375 0.3896484375 0.2880859375 0.400390625 0.29150390625 0.416015625 0.28466796875 0.427734375 0.2431640625 0.4287109375
11 0.6005859375 0.4677734375 0.60498046875 0.4716796875 0.6064453125 0.412109375 0.60888671875 0.4296875 0.6123046875 0.4248046875 0.6064453125 0.3828125 0.60205078125 0.3798828125 0.603515625 0.373046875 0.6025390625 0.3671875 0.59912109375 0.3671875 0.5966796875 0.3740234375 0.59716796875 0.3779296875 0.591796875 0.384765625 0.58984375 0.3974609375 0.5908203125 0.41015625 0.59375 0.4091796875 0.59423828125 0.421875 0.59716796875 0.4501953125 0.60009765625 0.4501953125
5 0.55126953125 0.3251953125 0.55224609375 0.4150390625 0.55419921875 0.4150390625 0.5537109375 0.32421875
13 0.2021484375 0.40625 0.20166015625 0.419921875 0.20361328125 0.4296875 0.2060546875 0.4326171875 0.20654296875 0.439453125 0.2099609375 0.439453125 0.2109375 0.4306640625 0.22216796875 0.4296875 0.22412109375 0.4384765625 0.22705078125 0.439453125 0.228515625 0.4296875 0.248046875 0.42578125 0.24853515625 0.412109375 0.24462890625 0.40234375 0.23779296875 0.3916015625 0.2177734375 0.390625 0.20654296875 0.4033203125
8 0.2021484375 0.4375 0.20166015625 0.44921875 0.2041015625 0.4619140625 0.205078125 0.466796875 0.21337890625 0.4736328125 0.22265625 0.46875 0.24609375 0.46875 0.251953125 0.4658203125 0.26025390625 0.4638671875 0.26416015625 0.4609375 0.27197265625 0.458984375 0.28173828125 0.4541015625 0.291015625 0.4501953125 0.29541015625 0.447265625 0.296875 0.4384765625 0.29736328125 0.4013671875 0.29296875 0.3994140625 0.275390625 0.4013671875 0.27294921875 0.3994140625 0.26806640625 0.4013671875 0.26416015625 0.4052734375 0.259765625 0.40625 0.25537109375 0.4013671875 0.25146484375 0.3994140625 0.24853515625 0.4072265625 0.2431640625 0.412109375 0.23095703125 0.412109375 0.21826171875 0.416015625 0.208984375 0.427734375 0.20458984375 0.4326171875
5 0.26416015625 0.4736328125 0.26806640625 0.4736328125 0.26806640625 0.4697265625 0.267578125 0.4521484375 0.267578125 0.4404296875 0.26806640625 0.427734375 0.26806640625 0.423828125 0.26416015625 0.423828125 0.26416015625 0.43359375 0.263671875 0.4404296875 0.26416015625 0.451171875
13 0.1728515625 0.4404296875 0.1767578125 0.44140625 0.177734375 0.4365234375 0.18994140625 0.435546875 0.19140625 0.4404296875 0.1953125 0.4404296875 0.19677734375 0.435546875 0.197265625 0.4287109375 0.197265625 0.4208984375 0.1962890625 0.41015625 0.19384765625 0.404296875 0.1943359375 0.4013671875 0.19189453125 0.3955078125 0.18994140625 0.3935546875 0.1884765625 0.392578125 0.18310546875 0.3828125 0.1787109375 0.380859375 0.15625 0.3818359375 0.1455078125 0.3837890625 0.140625 0.3935546875 0.138671875 0.42578125 0.14013671875 0.4375 0.15234375 0.443359375 0.15576171875 0.4375 0.1591796875 0.439453125 0.16259765625 0.44140625 0.1669921875 0.4423828125 0.16796875 0.4404296875 0.169921875 0.4365234375
5 0.29150390625 0.474609375 0.29345703125 0.474609375 0.29345703125 0.458984375 0.2939453125 0.455078125 0.29345703125 0.453125 0.29345703125 0.443359375 0.29345703125 0.4404296875 0.29345703125 0.4267578125 0.29248046875 0.4208984375 0.291015625 0.4208984375 0.29052734375 0.423828125 0.29052734375 0.427734375 0.29052734375 0.439453125 0.2900390625 0.4404296875 0.291015625 0.4423828125 0.291015625 0.4541015625
5 0.32275390625 0.47265625 0.32666015625 0.4736328125 0.326171875 0.439453125 0.326171875 0.4267578125 0.32568359375 0.421875 0.32470703125 0.41796875 0.3232421875 0.41796875 0.32275390625 0.423828125 0.32275390625 0.4375 0.32275390625 0.453125
5 0.35498046875 0.4736328125 0.3583984375 0.4736328125 0.35791015625 0.45703125 0.357421875 0.44140625 0.35693359375 0.423828125 0.35546875 0.4208984375 0.3544921875 0.421875 0.3544921875 0.4404296875 0.3544921875 0.453125 0.3544921875 0.455078125 0.35498046875 0.4560546875
5 0.93212890625 0.4482421875 0.9345703125 0.447265625 0.9345703125 0.431640625 0.93408203125 0.416015625 0.93408203125 0.3974609375 0.93408203125 0.392578125 0.93310546875 0.3916015625 0.9306640625 0.39453125 0.9306640625 0.3994140625 0.93115234375 0.4150390625
5 0.92431640625 0.4609375 0.9248046875 0.46484375 0.93017578125 0.46484375 0.9296875 0.4609375 0.9287109375 0.45703125 0.9287109375 0.4404296875 0.9296875 0.4384765625 0.92919921875 0.4365234375 0.9287109375 0.423828125 0.92822265625 0.40234375 0.9287109375 0.3955078125 0.92822265625 0.3935546875 0.92626953125 0.392578125 0.9248046875 0.3955078125 0.9248046875 0.400390625 0.9248046875 0.4189453125 0.9248046875 0.4365234375 0.92431640625 0.439453125 0.92529296875 0.4423828125
5 0.8857421875 0.4521484375 0.888671875 0.4521484375 0.88818359375 0.435546875 0.8876953125 0.421875 0.88720703125 0.40625 0.88525390625 0.40625 0.88525390625 0.4208984375 0.88525390625 0.43359375
5 0.896484375 0.4765625 0.90234375 0.4765625 0.89990234375 0.4619140625 0.89990234375 0.453125 0.900390625 0.451171875 0.89990234375 0.44921875 0.89892578125 0.435546875 0.900390625 0.4326171875 0.900390625 0.4296875 0.8984375 0.4287109375 0.89794921875 0.41015625 0.8974609375 0.40625 0.89697265625 0.4052734375 0.89501953125 0.4052734375 0.89404296875 0.40625 0.89404296875 0.41015625 0.89453125 0.4130859375 0.89501953125 0.4306640625 0.89453125 0.4326171875 0.8955078125 0.435546875 0.8955078125 0.44921875 0.89501953125 0.4501953125 0.8955078125 0.453125 0.89697265625 0.4560546875
13 0.0 0.18359375 0.10498046875 0.2451171875 0.11474609375 0.265625 0.13134765625 0.318359375 0.13134765625 0.326171875 0.1533203125 0.4287109375 0.1572265625 0.4296875 0.1572265625 0.3974609375 0.16064453125 0.3896484375 0.16650390625 0.3935546875 0.16748046875 0.41015625 0.16748046875 0.4365234375 0.15673828125 0.439453125 0.16259765625 0.474609375 0.16552734375 0.5068359375 0.169921875 0.5263671875 0.1689453125 0.544921875 0.1708984375 0.5810546875 0.16455078125 0.611328125 0.15576171875 0.6220703125 0.14111328125 0.623046875 0.13427734375 0.619140625 0.1328125 0.609375 0.12744140625 0.6064453125 0.12646484375 0.599609375 0.119140625 0.59765625 0.1015625 0.6005859375 0.080078125 0.6025390625 0.07373046875 0.6005859375 0.05859375 0.6064453125 0.05615234375 0.6181640625 0.05615234375 0.6552734375 0.0498046875 0.6767578125 0.0380859375 0.685546875 0.02490234375 0.6865234375 0.017578125 0.6650390625 0.01416015625 0.62109375 0.0 0.6240234375
5 0.84130859375 0.40625 0.84423828125 0.4072265625 0.8447265625 0.4150390625 0.84521484375 0.423828125 0.845703125 0.43359375 0.845703125 0.458984375 0.84130859375 0.458984375 0.841796875 0.4423828125 0.84130859375 0.4326171875 0.84130859375 0.4267578125 0.84130859375 0.4189453125
5 0.8310546875 0.4091796875 0.83349609375 0.408203125 0.83447265625 0.4140625 0.833984375 0.4169921875 0.83447265625 0.435546875 0.83447265625 0.4384765625 0.83447265625 0.458984375 0.83544921875 0.462890625 0.83447265625 0.466796875 0.83447265625 0.4814453125 0.83544921875 0.4873046875 0.83251953125 0.4892578125 0.82763671875 0.4892578125 0.82861328125 0.4853515625 0.82958984375 0.48046875 0.82958984375 0.4658203125 0.82861328125 0.4619140625 0.82861328125 0.4560546875 0.82958984375 0.4541015625 0.82958984375 0.4404296875 0.8291015625 0.4365234375 0.830078125 0.431640625 0.830078125 0.4169921875
5 0.80859375 0.4619140625 0.8115234375 0.4619140625 0.8115234375 0.44140625 0.81103515625 0.4326171875 0.81103515625 0.4189453125 0.81103515625 0.412109375 0.8115234375 0.408203125 0.810546875 0.40625 0.80908203125 0.40625 0.80810546875 0.41015625 0.80810546875 0.4150390625 0.80859375 0.419921875 0.80859375 0.4287109375 0.80810546875 0.4404296875 0.8076171875 0.443359375
5 0.78955078125 0.49609375 0.79638671875 0.49609375 0.7958984375 0.490234375 0.794921875 0.4716796875 0.794921875 0.4658203125 0.79541015625 0.462890625 0.79541015625 0.4453125 0.794921875 0.4375 0.7939453125 0.41796875 0.7958984375 0.416015625 0.79541015625 0.4150390625 0.7939453125 0.412109375 0.79296875 0.408203125 0.79150390625 0.408203125 0.79052734375 0.41015625 0.79052734375 0.4150390625 0.78955078125 0.416015625 0.791015625 0.4189453125 0.79052734375 0.4384765625 0.78955078125 0.44140625 0.79052734375 0.4443359375 0.7900390625 0.4609375 0.7900390625 0.46484375
5 0.7822265625 0.4658203125 0.78564453125 0.4658203125 0.78564453125 0.4619140625 0.78515625 0.451171875 0.7861328125 0.447265625 0.7861328125 0.4443359375 0.78564453125 0.439453125 0.78564453125 0.4306640625 0.78515625 0.4267578125 0.78515625 0.4140625 0.78466796875 0.4091796875 0.783203125 0.4072265625 0.78173828125 0.41015625 0.78173828125 0.4150390625 0.78173828125 0.427734375 0.78076171875 0.4306640625 0.78173828125 0.4326171875 0.7822265625 0.4423828125 0.78125 0.4453125 0.78125 0.4482421875 0.7822265625 0.4501953125
5 0.75439453125 0.4287109375 0.75439453125 0.419921875 0.75390625 0.412109375 0.75537109375 0.4072265625 0.7568359375 0.4130859375 0.75634765625 0.416015625 0.7568359375 0.427734375 0.7568359375 0.4365234375 0.75732421875 0.4443359375 0.75732421875 0.4619140625 0.75732421875 0.466796875 0.75390625 0.466796875 0.75390625 0.462890625 0.75390625 0.44921875 0.75390625 0.44140625
5 0.7216796875 0.4765625 0.72607421875 0.4775390625 0.7265625 0.4736328125 0.7255859375 0.46875 0.7255859375 0.455078125 0.72509765625 0.4404296875 0.72509765625 0.421875 0.72509765625 0.41796875 0.72412109375 0.4150390625 0.72216796875 0.4169921875 0.7216796875 0.419921875 0.72216796875 0.423828125 0.7216796875 0.4384765625 0.7216796875 0.455078125 0.72216796875 0.462890625
5 0.47119140625 0.478515625 0.4755859375 0.478515625 0.47509765625 0.4716796875 0.47509765625 0.4619140625 0.4755859375 0.45703125 0.47509765625 0.4521484375 0.47509765625 0.4423828125 0.47509765625 0.4375 0.47509765625 0.427734375 0.47509765625 0.419921875 0.47265625 0.41796875 0.470703125 0.419921875 0.470703125 0.4248046875 0.4716796875 0.4287109375 0.4716796875 0.4404296875 0.4716796875 0.443359375 0.4716796875 0.4560546875 0.47119140625 0.4609375
5 0.42822265625 0.4765625 0.43212890625 0.4765625 0.4326171875 0.4736328125 0.43115234375 0.47265625 0.43115234375 0.458984375 0.43115234375 0.4521484375 0.43115234375 0.44140625 0.4306640625 0.4267578125 0.4306640625 0.4208984375 0.4296875 0.41796875 0.42919921875 0.416015625 0.427734375 0.41796875 0.427734375 0.419921875 0.427734375 0.4267578125 0.427734375 0.4384765625 0.42822265625 0.4560546875
5 0.392578125 0.4755859375 0.3955078125 0.4755859375 0.39501953125 0.47265625 0.39453125 0.45703125 0.39453125 0.44140625 0.39404296875 0.4248046875 0.39453125 0.419921875 0.3935546875 0.41796875 0.39208984375 0.419921875 0.392578125 0.421875 0.3916015625 0.4248046875 0.3916015625 0.4404296875 0.3916015625 0.45703125
