2 0.0 0.650390625 0.29541015625 0.44921875 0.30419921875 0.0 0.0 0.0
2 0.99951171875 0.83203125 0.59130859375 0.408203125 0.59716796875 0.0 0.99951171875 0.0
1 0.0 0.515625 0.19140625 0.484375 0.154296875 0.54296875 0.0 0.6279296875
0 0.0 0.7119140625 0.3642578125 0.498046875 0.42333984375 0.4638671875 0.46826171875 0.4267578125 0.4736328125 0.388671875 0.5263671875 0.3818359375 0.67041015625 0.546875 0.99853515625 0.9541015625 0.99951171875 0.9990234375 0.0 0.9990234375
2 0.4111328125 0.4130859375 0.345703125 0.46875 0.291015625 0.4296875 0.2919921875 0.0390625 0.38330078125 0.1435546875
2 0.4580078125 0.2568359375 0.54931640625 0.3056640625 0.53369140625 0.42578125 0.42626953125 0.404296875
13 0.248046875 0.5615234375 0.23876953125 0.5478515625 0.2197265625 0.5498046875 0.197265625 0.5498046875 0.1708984375 0.5478515625 0.1689453125 0.5498046875 0.16845703125 0.55859375 0.1650390625 0.5595703125 0.16015625 0.5595703125 0.1572265625 0.5576171875 0.158203125 0.546875 0.15576171875 0.5390625 0.15283203125 0.5224609375 0.15283203125 0.5087890625 0.1572265625 0.486328125 0.16064453125 0.474609375 0.17041015625 0.4609375 0.16796875 0.4599609375 0.16455078125 0.458984375 0.1630859375 0.4541015625 0.16455078125 0.447265625 0.16796875 0.4443359375 0.17041015625 0.443359375 0.17626953125 0.443359375 0.18408203125 0.4287109375 0.19140625 0.4140625 0.19775390625 0.41015625 0.2080078125 0.4091796875 0.2265625 0.4091796875 0.24853515625 0.412109375 0.25732421875 0.4140625 0.2666015625 0.435546875 0.27392578125 0.4697265625 0.2734375 0.4990234375 0.2744140625 0.50390625 0.27392578125 0.5322265625 0.27294921875 0.544921875 0.26513671875 0.5458984375 0.26123046875 0.53125 0.251953125 0.5361328125 0.251953125 0.55078125
13 0.27392578125 0.4970703125 0.2822265625 0.4970703125 0.30712890625 0.4990234375 0.3134765625 0.4990234375 0.31591796875 0.50390625 0.31689453125 0.5107421875 0.31884765625 0.5166015625 0.3232421875 0.515625 0.3251953125 0.5126953125 0.3251953125 0.5078125 0.32568359375 0.4990234375 0.33154296875 0.4970703125 0.33203125 0.5087890625 0.337890625 0.509765625 0.33935546875 0.5078125 0.34033203125 0.501953125 0.34033203125 0.4892578125 0.3408203125 0.478515625 0.3408203125 0.466796875 0.3408203125 0.4609375 0.34033203125 0.455078125 0.33935546875 0.4443359375 0.33544921875 0.4365234375 0.33154296875 0.419921875 0.32861328125 0.4130859375 0.32666015625 0.4091796875 0.32373046875 0.408203125 0.32177734375 0.408203125 0.31103515625 0.4091796875 0.294921875 0.4091796875 0.28369140625 0.408203125 0.2763671875 0.423828125 0.271484375 0.435546875
13 0.63525390625 0.568359375 0.63623046875 0.5751953125 0.642578125 0.5751953125 0.64404296875 0.5751953125 0.6455078125 0.5595703125 0.65673828125 0.55859375 0.671875 0.5556640625 0.720703125 0.5498046875 0.7265625 0.55859375 0.7373046875 0.5576171875 0.73583984375 0.5078125 0.732421875 0.4541015625 0.7275390625 0.431640625 0.71630859375 0.3857421875 0.69677734375 0.3759765625 0.650390625 0.3828125 0.642578125 0.3857421875 0.63232421875 0.4248046875 0.63037109375 0.43359375 0.62060546875 0.43359375 0.61669921875 0.435546875 0.61572265625 0.4453125 0.61865234375 0.44921875 0.626953125 0.4521484375 0.6240234375 0.4697265625 0.623046875 0.48828125 0.62255859375 0.50390625 0.62548828125 0.5556640625
13 0.4990234375 0.462890625 0.4990234375 0.4521484375 0.4990234375 0.44140625 0.49951171875 0.4375 0.498046875 0.4365234375 0.498046875 0.431640625 0.5 0.431640625 0.50341796875 0.4208984375 0.51171875 0.4208984375 0.52001953125 0.4208984375 0.5234375 0.431640625 0.52587890625 0.431640625 0.52587890625 0.43359375 0.5244140625 0.435546875 0.5244140625 0.4404296875 0.52490234375 0.4521484375 0.52490234375 0.4638671875 0.52197265625 0.4638671875 0.52197265625 0.4599609375 0.501953125 0.4599609375 0.501953125 0.4638671875
13 0.5712890625 0.4990234375 0.57666015625 0.5 0.57861328125 0.5029296875 0.58447265625 0.5029296875 0.58447265625 0.490234375 0.591796875 0.48828125 0.60302734375 0.490234375 0.61962890625 0.4892578125 0.6201171875 0.4599609375 0.62841796875 0.447265625 0.62939453125 0.4287109375 0.61669921875 0.4072265625 0.5986328125 0.4072265625 0.58935546875 0.408203125 0.58251953125 0.41015625 0.578125 0.423828125 0.57568359375 0.435546875 0.5712890625 0.4365234375 0.5712890625 0.44140625 0.5732421875 0.4423828125 0.57275390625 0.4453125 0.5712890625 0.4453125 0.5703125 0.453125 0.5703125 0.47265625 0.57080078125 0.490234375
0 0.27392578125 0.4970703125 0.2822265625 0.4970703125 0.30712890625 0.4990234375 0.3134765625 0.4990234375 0.31591796875 0.50390625 0.31689453125 0.5107421875 0.31884765625 0.5166015625 0.3232421875 0.515625 0.3251953125 0.5126953125 0.3251953125 0.5078125 0.32568359375 0.4990234375 0.33154296875 0.4970703125 0.33203125 0.5087890625 0.337890625 0.509765625 0.33935546875 0.5078125 0.34033203125 0.501953125 0.34033203125 0.4892578125 0.3408203125 0.478515625 0.3408203125 0.466796875 0.3408203125 0.4609375 0.34033203125 0.455078125 0.33935546875 0.4443359375 0.33544921875 0.4365234375 0.33154296875 0.419921875 0.32861328125 0.4130859375 0.32666015625 0.4091796875 0.32373046875 0.408203125 0.32177734375 0.408203125 0.31103515625 0.4091796875 0.294921875 0.4091796875 0.28369140625 0.408203125 0.2763671875 0.423828125 0.271484375 0.435546875
13 0.27392578125 0.4970703125 0.2822265625 0.4970703125 0.30712890625 0.4990234375 0.3134765625 0.4990234375 0.31591796875 0.50390625 0.31689453125 0.5107421875 0.31884765625 0.5166015625 0.3232421875 0.515625 0.3251953125 0.5126953125 0.3251953125 0.5078125 0.32568359375 0.4990234375 0.33154296875 0.4970703125 0.33203125 0.5087890625 0.337890625 0.509765625 0.33935546875 0.5078125 0.34033203125 0.501953125 0.34033203125 0.4892578125 0.3408203125 0.478515625 0.3408203125 0.466796875 0.3408203125 0.4609375 0.34033203125 0.455078125 0.33935546875 0.4443359375 0.33544921875 0.4365234375 0.33154296875 0.419921875 0.32861328125 0.4130859375 0.32666015625 0.4091796875 0.32373046875 0.408203125 0.32177734375 0.408203125 0.31103515625 0.4091796875 0.294921875 0.4091796875 0.28369140625 0.408203125 0.2763671875 0.423828125 0.271484375 0.435546875
0 0.0 0.7119140625 0.3623046875 0.4892578125 0.42041015625 0.453125 0.46826171875 0.4267578125 0.46435546875 0.400390625 0.52880859375 0.3896484375 0.55615234375 0.3828125 0.67041015625 0.546875 0.99853515625 0.9541015625 0.99951171875 0.9990234375 0.0 0.9990234375
1 0.46240234375 0.396484375 0.47509765625 0.3955078125 0.482421875 0.39453125 0.51025390625 0.3896484375 0.51708984375 0.3896484375 0.51708984375 0.392578125 0.49658203125 0.396484375 0.478515625 0.400390625 0.45703125 0.40234375 0.43896484375 0.4033203125 0.439453125 0.3974609375 0.44140625 0.4013671875 0.4462890625 0.4013671875 0.45263671875 0.400390625 0.4580078125 0.3994140625
13 0.43212890625 0.48046875 0.42724609375 0.48046875 0.42724609375 0.4658203125 0.4267578125 0.4560546875 0.42724609375 0.4482421875 0.42626953125 0.4453125 0.42626953125 0.44140625 0.42724609375 0.439453125 0.4287109375 0.439453125 0.43212890625 0.4287109375 0.435546875 0.41796875 0.43896484375 0.416015625 0.46044921875 0.4169921875 0.46435546875 0.423828125 0.46630859375 0.43359375 0.470703125 0.43359375 0.47119140625 0.4375 0.470703125 0.439453125 0.46826171875 0.4404296875 0.46923828125 0.4482421875 0.46923828125 0.4658203125 0.46923828125 0.4775390625 0.46630859375 0.48046875 0.46240234375 0.48046875 0.4619140625 0.4736328125 0.44189453125 0.4736328125 0.43359375 0.474609375
9 0.55517578125 0.4716796875 0.548828125 0.474609375 0.546875 0.4716796875 0.546875 0.466796875 0.55419921875 0.46484375 0.5556640625 0.4638671875
13 0.48193359375 0.40234375 0.4814453125 0.3974609375 0.48095703125 0.3935546875 0.48193359375 0.3916015625 0.48583984375 0.384765625 0.49462890625 0.384765625 0.49560546875 0.388671875 0.49609375 0.3935546875 0.49609375 0.3974609375 0.49609375 0.4013671875 0.49462890625 0.4013671875 0.49462890625 0.3994140625 0.4921875 0.3994140625 0.4921875 0.40234375 0.490234375 0.40234375 0.490234375 0.4013671875
1 0.99951171875 0.6904296875 0.88037109375 0.6240234375 0.677734375 0.501953125 0.73388671875 0.474609375 0.78173828125 0.486328125 0.798828125 0.490234375 0.8251953125 0.4921875 0.87353515625 0.5048828125 0.99951171875 0.537109375
13 0.4990234375 0.462890625 0.4990234375 0.4521484375 0.4990234375 0.44140625 0.49951171875 0.4375 0.498046875 0.4365234375 0.498046875 0.431640625 0.5 0.431640625 0.50341796875 0.4208984375 0.51171875 0.4208984375 0.52001953125 0.4208984375 0.5234375 0.431640625 0.52587890625 0.431640625 0.52587890625 0.43359375 0.5244140625 0.435546875 0.5244140625 0.4404296875 0.52490234375 0.4521484375 0.52490234375 0.4638671875 0.52197265625 0.4638671875 0.52197265625 0.4599609375 0.501953125 0.4599609375 0.501953125 0.4638671875
13 0.51708984375 0.408203125 0.51513671875 0.4072265625 0.513671875 0.40625 0.51123046875 0.4052734375 0.51123046875 0.3974609375 0.51416015625 0.39453125 0.51806640625 0.39453125 0.52587890625 0.388671875 0.5361328125 0.388671875 0.5400390625 0.39453125 0.5390625 0.4013671875 0.53466796875 0.404296875 0.53173828125 0.408203125 0.52880859375 0.40625 0.51953125 0.40625
9 0.0 0.6162109375 0.1015625 0.6220703125 0.16845703125 0.58984375 0.05859375 0.5859375
9 0.470703125 0.404296875 0.4736328125 0.4052734375 0.47705078125 0.4091796875 0.4775390625 0.412109375 0.47509765625 0.41796875 0.47021484375 0.4267578125 0.4658203125 0.431640625 0.46337890625 0.4296875 0.4619140625 0.4248046875 0.4658203125 0.4130859375
7 0.83251953125 0.23828125 0.84521484375 0.2353515625 0.86279296875 0.234375 0.87451171875 0.2333984375 0.87841796875 0.2294921875 0.87841796875 0.2158203125 0.87744140625 0.150390625 0.87744140625 0.1357421875 0.86572265625 0.134765625 0.85107421875 0.1337890625 0.8330078125 0.1416015625 0.830078125 0.1435546875 0.83154296875 0.1748046875 0.83203125 0.2197265625
9 0.880859375 0.841796875 0.98583984375 0.81640625 0.99951171875 0.845703125 0.99951171875 0.986328125
9 0.29248046875 0.53515625 0.2802734375 0.5361328125 0.2705078125 0.5234375 0.2734375 0.5 0.30908203125 0.5009765625 0.3173828125 0.51171875 0.31884765625 0.5234375 0.31298828125 0.525390625
9 0.5712890625 0.4951171875 0.564453125 0.4970703125 0.55859375 0.48828125 0.56005859375 0.484375 0.5712890625 0.4794921875
13 0.248046875 0.5615234375 0.23876953125 0.5478515625 0.2197265625 0.5498046875 0.197265625 0.5498046875 0.1708984375 0.5478515625 0.1689453125 0.5498046875 0.16845703125 0.55859375 0.1650390625 0.5595703125 0.16015625 0.5595703125 0.1572265625 0.5576171875 0.158203125 0.546875 0.15576171875 0.5390625 0.15283203125 0.5224609375 0.15283203125 0.5087890625 0.1572265625 0.486328125 0.16064453125 0.474609375 0.17041015625 0.4609375 0.16796875 0.4599609375 0.16455078125 0.458984375 0.1630859375 0.4541015625 0.16455078125 0.447265625 0.16796875 0.4443359375 0.17041015625 0.443359375 0.17626953125 0.443359375 0.18408203125 0.4287109375 0.19140625 0.4140625 0.19775390625 0.41015625 0.2080078125 0.4091796875 0.2265625 0.4091796875 0.24853515625 0.412109375 0.25732421875 0.4140625 0.2666015625 0.435546875 0.27392578125 0.4697265625 0.2734375 0.4990234375 0.2744140625 0.50390625 0.27392578125 0.5322265625 0.27294921875 0.544921875 0.26513671875 0.5458984375 0.26123046875 0.53125 0.251953125 0.5361328125 0.251953125 0.55078125
13 0.43212890625 0.48046875 0.42724609375 0.48046875 0.42724609375 0.4658203125 0.4267578125 0.4560546875 0.42724609375 0.4482421875 0.42626953125 0.4453125 0.42626953125 0.44140625 0.42724609375 0.439453125 0.4287109375 0.439453125 0.43212890625 0.4287109375 0.435546875 0.41796875 0.43896484375 0.416015625 0.46044921875 0.4169921875 0.46435546875 0.423828125 0.46630859375 0.43359375 0.470703125 0.43359375 0.47119140625 0.4375 0.470703125 0.439453125 0.46826171875 0.4404296875 0.46923828125 0.4482421875 0.46923828125 0.4658203125 0.46923828125 0.4775390625 0.46630859375 0.48046875 0.46240234375 0.48046875 0.4619140625 0.4736328125 0.44189453125 0.4736328125 0.43359375 0.474609375
2 0.29736328125 0.3056640625 0.33447265625 0.306640625 0.37060546875 0.3193359375 0.3681640625 0.4638671875 0.34375 0.462890625 0.302734375 0.404296875
8 0.2314453125 0.4208984375 0.234375 0.359375 0.23388671875 0.3291015625 0.22998046875 0.21875 0.22021484375 0.2265625 0.20849609375 0.228515625 0.2021484375 0.21484375 0.1962890625 0.2392578125 0.18505859375 0.248046875 0.18359375 0.263671875 0.173828125 0.2646484375 0.169921875 0.2490234375 0.16064453125 0.248046875 0.1650390625 0.2294921875 0.1611328125 0.21484375 0.14013671875 0.1640625 0.15625 0.1640625 0.15380859375 0.1474609375 0.1318359375 0.15625 0.13232421875 0.1279296875 0.12744140625 0.1259765625 0.12646484375 0.1396484375 0.12109375 0.14453125 0.11083984375 0.138671875 0.10546875 0.12109375 0.10986328125 0.0966796875 0.12060546875 0.091796875 0.1240234375 0.0693359375 0.10498046875 0.0693359375 0.0849609375 0.0576171875 0.07373046875 0.0 0.93212890625 0.0 0.91259765625 0.0224609375 0.92236328125 0.0439453125 0.90283203125 0.05078125 0.8916015625 0.0205078125 0.87841796875 0.0263671875 0.8740234375 0.044921875 0.86376953125 0.04296875 0.86279296875 0.0576171875 0.9013671875 0.0576171875 0.89453125 0.09375 0.87744140625 0.1025390625 0.86962890625 0.1162109375 0.87841796875 0.12890625 0.88671875 0.1416015625 0.87744140625 0.1748046875 0.86279296875 0.189453125 0.82470703125 0.1904296875 0.814453125 0.15234375 0.8271484375 0.1328125 0.81591796875 0.1123046875 0.80712890625 0.095703125 0.79248046875 0.0849609375 0.77294921875 0.080078125 0.7666015625 0.0859375 0.767578125 0.1396484375 0.7626953125 0.212890625 0.767578125 0.3056640625 0.78466796875 0.56640625 0.74560546875 0.5712890625 0.75732421875 0.546875 0.74267578125 0.25 0.72509765625 0.2763671875 0.71533203125 0.2587890625 0.7099609375 0.23828125 0.71435546875 0.2109375 0.705078125 0.1943359375 0.69873046875 0.1787109375 0.69970703125 0.15625 0.68798828125 0.1669921875 0.669921875 0.15234375 0.666015625 0.134765625 0.66455078125 0.1142578125 0.63232421875 0.12109375 0.61279296875 0.34375 0.59130859375 0.3642578125 0.59326171875 0.412109375 0.5576171875 0.419921875 0.55712890625 0.388671875 0.546875 0.388671875 0.5478515625 0.4169921875 0.54296875 0.416015625 0.54150390625 0.3681640625 0.537109375 0.3544921875 0.52880859375 0.3505859375 0.52001953125 0.345703125 0.5126953125 0.3447265625 0.513671875 0.328125 0.50390625 0.3232421875 0.49853515625 0.3251953125 0.4951171875 0.3408203125 0.48876953125 0.34765625 0.48193359375 0.349609375 0.47412109375 0.3544921875 0.47216796875 0.3564453125 0.47412109375 0.3623046875 0.4697265625 0.365234375 0.46435546875 0.3740234375 0.46435546875 0.3994140625 0.46044921875 0.396484375 0.46044921875 0.3798828125 0.45849609375 0.37890625 0.45849609375 0.4033203125 0.45703125 0.40234375 0.45703125 0.3759765625 0.453125 0.376953125 0.45458984375 0.4072265625 0.45166015625 0.408203125 0.45166015625 0.3828125 0.44677734375 0.380859375 0.4453125 0.4130859375 0.44287109375 0.4130859375 0.44384765625 0.3828125 0.4365234375 0.3916015625 0.43603515625 0.4189453125 0.43212890625 0.41796875 0.4326171875 0.392578125 0.42724609375 0.388671875 0.423828125 0.392578125 0.42431640625 0.4189453125 0.42138671875 0.41796875 0.42138671875 0.392578125 0.4150390625 0.3876953125 0.40869140625 0.3935546875 0.404296875 0.3935546875 0.3857421875 0.341796875 0.384765625 0.423828125 0.373046875 0.431640625 0.376953125 0.2626953125 0.3740234375 0.2431640625 0.375 0.2216796875 0.36865234375 0.19140625 0.36474609375 0.2138671875 0.3681640625 0.2421875 0.3671875 0.2705078125 0.3671875 0.3466796875 0.361328125 0.4697265625 0.34912109375 0.466796875 0.35546875 0.4091796875 0.35791015625 0.3369140625 0.35986328125 0.26953125 0.3583984375 0.2099609375 0.35498046875 0.19140625 0.3505859375 0.1884765625 0.326171875 0.2275390625 0.3173828125 0.25 0.3154296875 0.3056640625 0.31982421875 0.3671875 0.31787109375 0.439453125 0.3037109375 0.42578125 0.30859375 0.4013671875 0.30615234375 0.2880859375 0.2978515625 0.271484375 0.296875 0.2431640625 0.28955078125 0.22265625 0.27978515625 0.2197265625 0.26806640625 0.2373046875 0.25830078125 0.2099609375 0.24755859375 0.2529296875 0.2431640625 0.287109375 0.2421875 0.3466796875 0.24072265625 0.423828125
13 0.4697265625 0.4501953125 0.46630859375 0.4365234375 0.4677734375 0.431640625 0.4658203125 0.4296875 0.46533203125 0.427734375 0.46875 0.4267578125 0.47119140625 0.419921875 0.484375 0.4208984375 0.48583984375 0.427734375 0.4873046875 0.4296875 0.48828125 0.427734375 0.4892578125 0.4287109375 0.4892578125 0.4306640625 0.48876953125 0.4306640625 0.48876953125 0.4326171875 0.48876953125 0.44140625 0.48828125 0.4443359375 0.48828125 0.4501953125 0.48486328125 0.4501953125 0.48486328125 0.4482421875 0.4716796875 0.4482421875
9 0.64892578125 0.578125 0.78466796875 0.55859375 0.84326171875 0.572265625 0.9091796875 0.6083984375 0.90966796875 0.6201171875 0.7001953125 0.6376953125
9 0.5732421875 0.4814453125 0.56103515625 0.4814453125 0.55517578125 0.484375 0.55224609375 0.4794921875 0.55322265625 0.4755859375 0.572265625 0.46875
9 0.3974609375 0.4736328125 0.38232421875 0.48046875 0.3681640625 0.4873046875 0.36083984375 0.4892578125 0.3388671875 0.48828125 0.33935546875 0.4609375 0.35009765625 0.462890625 0.37548828125 0.4541015625
13 0.27392578125 0.4970703125 0.2822265625 0.4970703125 0.30712890625 0.4990234375 0.3134765625 0.4990234375 0.31591796875 0.50390625 0.31689453125 0.5107421875 0.31884765625 0.5166015625 0.3232421875 0.515625 0.3251953125 0.5126953125 0.3251953125 0.5078125 0.32568359375 0.4990234375 0.33154296875 0.4970703125 0.33203125 0.5087890625 0.337890625 0.509765625 0.33935546875 0.5078125 0.34033203125 0.501953125 0.34033203125 0.4892578125 0.3408203125 0.478515625 0.3408203125 0.466796875 0.3408203125 0.4609375 0.34033203125 0.455078125 0.33935546875 0.4443359375 0.33544921875 0.4365234375 0.33154296875 0.419921875 0.32861328125 0.4130859375 0.32666015625 0.4091796875 0.32373046875 0.408203125 0.32177734375 0.408203125 0.31103515625 0.4091796875 0.294921875 0.4091796875 0.28369140625 0.408203125 0.2763671875 0.423828125 0.271484375 0.435546875
13 0.248046875 0.5615234375 0.23876953125 0.5478515625 0.2197265625 0.5498046875 0.197265625 0.5498046875 0.1708984375 0.5478515625 0.1689453125 0.5498046875 0.16845703125 0.55859375 0.1650390625 0.5595703125 0.16015625 0.5595703125 0.1572265625 0.5576171875 0.158203125 0.546875 0.15576171875 0.5390625 0.15283203125 0.5224609375 0.15283203125 0.5087890625 0.1572265625 0.486328125 0.16064453125 0.474609375 0.17041015625 0.4609375 0.16796875 0.4599609375 0.16455078125 0.458984375 0.1630859375 0.4541015625 0.16455078125 0.447265625 0.16796875 0.4443359375 0.17041015625 0.443359375 0.17626953125 0.443359375 0.18408203125 0.4287109375 0.19140625 0.4140625 0.19775390625 0.41015625 0.2080078125 0.4091796875 0.2265625 0.4091796875 0.24853515625 0.412109375 0.25732421875 0.4140625 0.2666015625 0.435546875 0.27392578125 0.4697265625 0.2734375 0.4990234375 0.2744140625 0.50390625 0.27392578125 0.5322265625 0.27294921875 0.544921875 0.26513671875 0.5458984375 0.26123046875 0.53125 0.251953125 0.5361328125 0.251953125 0.55078125
13 0.43994140625 0.40625 0.42724609375 0.4033203125 0.41796875 0.4013671875 0.40966796875 0.3974609375 0.40966796875 0.392578125 0.41455078125 0.3837890625 0.4267578125 0.3876953125 0.4306640625 0.392578125 0.43603515625 0.3935546875 0.4404296875 0.39453125 0.44140625 0.3994140625
13 0.43212890625 0.48046875 0.42724609375 0.48046875 0.42724609375 0.4658203125 0.4267578125 0.4560546875 0.42724609375 0.4482421875 0.42626953125 0.4453125 0.42626953125 0.44140625 0.42724609375 0.439453125 0.4287109375 0.439453125 0.43212890625 0.4287109375 0.435546875 0.41796875 0.43896484375 0.416015625 0.46044921875 0.4169921875 0.46435546875 0.423828125 0.46630859375 0.43359375 0.470703125 0.43359375 0.47119140625 0.4375 0.470703125 0.439453125 0.46826171875 0.4404296875 0.46923828125 0.4482421875 0.46923828125 0.4658203125 0.46923828125 0.4775390625 0.46630859375 0.48046875 0.46240234375 0.48046875 0.4619140625 0.4736328125 0.44189453125 0.4736328125 0.43359375 0.474609375
13 0.27392578125 0.4970703125 0.2822265625 0.4970703125 0.30712890625 0.4990234375 0.3134765625 0.4990234375 0.31591796875 0.50390625 0.31689453125 0.5107421875 0.31884765625 0.5166015625 0.3232421875 0.515625 0.3251953125 0.5126953125 0.3251953125 0.5078125 0.32568359375 0.4990234375 0.33154296875 0.4970703125 0.33203125 0.5087890625 0.337890625 0.509765625 0.33935546875 0.5078125 0.34033203125 0.501953125 0.34033203125 0.4892578125 0.3408203125 0.478515625 0.3408203125 0.466796875 0.3408203125 0.4609375 0.34033203125 0.455078125 0.33935546875 0.4443359375 0.33544921875 0.4365234375 0.33154296875 0.419921875 0.32861328125 0.4130859375 0.32666015625 0.4091796875 0.32373046875 0.408203125 0.32177734375 0.408203125 0.31103515625 0.4091796875 0.294921875 0.4091796875 0.28369140625 0.408203125 0.2763671875 0.423828125 0.271484375 0.435546875
13 0.48779296875 0.384765625 0.4931640625 0.37890625 0.5009765625 0.37890625 0.501953125 0.3828125 0.50244140625 0.390625 0.50146484375 0.392578125 0.5009765625 0.3955078125 0.49462890625 0.396484375
9 0.0 0.6162109375 0.1015625 0.6220703125 0.16845703125 0.58984375 0.05859375 0.5859375
9 0.4208984375 0.4169921875 0.412109375 0.4169921875 0.40673828125 0.4130859375 0.40625 0.3935546875 0.42333984375 0.400390625 0.427734375 0.4072265625
13 0.50927734375 0.3955078125 0.50830078125 0.390625 0.50830078125 0.3818359375 0.509765625 0.3779296875 0.51025390625 0.3779296875 0.51171875 0.3701171875 0.525390625 0.369140625 0.52783203125 0.3701171875 0.5283203125 0.380859375 0.5244140625 0.388671875 0.51953125 0.3896484375 0.5185546875 0.3935546875
9 0.0 0.6162109375 0.1015625 0.6220703125 0.16845703125 0.58984375 0.05859375 0.5859375
13 0.556640625 0.4169921875 0.55615234375 0.4169921875 0.55322265625 0.4208984375 0.55224609375 0.427734375 0.55126953125 0.435546875 0.54931640625 0.439453125 0.548828125 0.4443359375 0.54833984375 0.4521484375 0.54833984375 0.458984375 0.548828125 0.46484375 0.54931640625 0.466796875 0.55126953125 0.46484375 0.5546875 0.46484375 0.55517578125 0.474609375 0.56201171875 0.474609375 0.56298828125 0.466796875 0.56298828125 0.4638671875 0.56982421875 0.462890625 0.56884765625 0.431640625 0.57470703125 0.4228515625 0.57373046875 0.4169921875 0.56689453125 0.4150390625 0.564453125 0.4150390625 0.55908203125 0.4169921875 0.556640625 0.4169921875
13 0.5615234375 0.416015625 0.56103515625 0.41796875 0.55859375 0.4296875 0.55615234375 0.4375 0.55517578125 0.443359375 0.5546875 0.447265625 0.5546875 0.4560546875 0.55517578125 0.474609375 0.56201171875 0.474609375 0.56298828125 0.466796875 0.56298828125 0.4638671875 0.56982421875 0.462890625 0.57861328125 0.439453125 0.58349609375 0.41015625 0.57470703125 0.4140625 0.564453125 0.4150390625 0.5615234375 0.416015625
13 0.48193359375 0.4013671875 0.4814453125 0.396484375 0.48095703125 0.3935546875 0.4833984375 0.3896484375 0.486328125 0.384765625 0.4951171875 0.384765625 0.49609375 0.400390625 0.4951171875 0.4013671875 0.494140625 0.400390625 0.49169921875 0.400390625 0.49072265625 0.4013671875
13 0.5712890625 0.4990234375 0.57666015625 0.5 0.57861328125 0.5029296875 0.58447265625 0.5029296875 0.58837890625 0.4912109375 0.591796875 0.48828125 0.60302734375 0.490234375 0.61962890625 0.4892578125 0.6201171875 0.4599609375 0.62841796875 0.447265625 0.62939453125 0.4287109375 0.61669921875 0.4072265625 0.5986328125 0.4072265625 0.58935546875 0.408203125 0.58251953125 0.41015625 0.578125 0.423828125 0.57568359375 0.435546875 0.5712890625 0.4365234375 0.5712890625 0.44140625 0.5732421875 0.4423828125 0.57275390625 0.4453125 0.5712890625 0.4453125 0.5703125 0.453125 0.5703125 0.47265625 0.57080078125 0.490234375
13 0.4990234375 0.4638671875 0.4990234375 0.4521484375 0.49951171875 0.4375 0.49755859375 0.4365234375 0.49755859375 0.431640625 0.4990234375 0.431640625 0.50048828125 0.431640625 0.50244140625 0.421875 0.505859375 0.419921875 0.51611328125 0.419921875 0.52001953125 0.419921875 0.5234375 0.431640625 0.52587890625 0.431640625 0.5263671875 0.435546875 0.5244140625 0.435546875 0.5244140625 0.4384765625 0.52490234375 0.4501953125 0.52490234375 0.4638671875 0.52197265625 0.4638671875 0.52197265625 0.4599609375 0.501953125 0.4599609375 0.501953125 0.46484375
5 0.61865234375 0.306640625 0.61865234375 0.34765625 0.6201171875 0.498046875 0.625 0.498046875 0.625 0.306640625
13 0.63525390625 0.568359375 0.63623046875 0.5751953125 0.642578125 0.5751953125 0.64404296875 0.5751953125 0.6455078125 0.5595703125 0.65673828125 0.55859375 0.671875 0.5556640625 0.720703125 0.5498046875 0.7265625 0.55859375 0.7373046875 0.5576171875 0.73583984375 0.5078125 0.732421875 0.4541015625 0.7275390625 0.431640625 0.71630859375 0.3857421875 0.69677734375 0.3759765625 0.650390625 0.3828125 0.642578125 0.3857421875 0.63232421875 0.4248046875 0.63037109375 0.43359375 0.62060546875 0.43359375 0.61669921875 0.435546875 0.61572265625 0.4453125 0.61865234375 0.44921875 0.626953125 0.4521484375 0.6240234375 0.4697265625 0.623046875 0.48828125 0.62255859375 0.50390625 0.62548828125 0.5556640625
13 0.5107421875 0.4033203125 0.51171875 0.3974609375 0.51513671875 0.39453125 0.51806640625 0.3955078125 0.5244140625 0.388671875 0.537109375 0.388671875 0.54052734375 0.396484375 0.541015625 0.4013671875 0.53955078125 0.404296875 0.5341796875 0.4033203125 0.53369140625 0.4072265625 0.5302734375 0.408203125 0.529296875 0.40625 0.51953125 0.4052734375 0.51904296875 0.4072265625 0.5166015625 0.4072265625 0.51416015625 0.4072265625 0.513671875 0.4052734375
9 0.0 0.6162109375 0.1015625 0.6220703125 0.16845703125 0.58984375 0.05859375 0.5859375
13 0.248046875 0.5615234375 0.23876953125 0.5478515625 0.2197265625 0.5498046875 0.197265625 0.5498046875 0.1708984375 0.5478515625 0.1689453125 0.5498046875 0.16845703125 0.55859375 0.1650390625 0.5595703125 0.16015625 0.5595703125 0.1572265625 0.5576171875 0.158203125 0.546875 0.15576171875 0.5390625 0.15283203125 0.5224609375 0.15283203125 0.5087890625 0.1572265625 0.486328125 0.16064453125 0.474609375 0.17041015625 0.4609375 0.16796875 0.4599609375 0.16455078125 0.458984375 0.1630859375 0.4541015625 0.16455078125 0.447265625 0.16796875 0.4443359375 0.17041015625 0.443359375 0.17626953125 0.443359375 0.18408203125 0.4287109375 0.19140625 0.4140625 0.19775390625 0.41015625 0.2080078125 0.4091796875 0.2265625 0.4091796875 0.24853515625 0.412109375 0.25732421875 0.4140625 0.2666015625 0.435546875 0.27392578125 0.4697265625 0.2734375 0.4990234375 0.2744140625 0.50390625 0.27392578125 0.5322265625 0.27294921875 0.544921875 0.26513671875 0.5458984375 0.26123046875 0.53125 0.251953125 0.5361328125 0.251953125 0.55078125
1 0.42041015625 0.4150390625 0.4248046875 0.412109375 0.42919921875 0.40625 0.4365234375 0.4052734375 0.44189453125 0.400390625 0.451171875 0.400390625 0.45068359375 0.40625 0.44970703125 0.4140625 0.43505859375 0.41796875 0.42041015625 0.423828125
7 0.00732421875 0.1943359375 0.00732421875 0.2255859375 0.00732421875 0.2880859375 0.0576171875 0.2900390625 0.05712890625 0.1982421875
17 0.07275390625 0.416015625 0.06982421875 0.416015625 0.0673828125 0.4208984375 0.06298828125 0.4287109375 0.05908203125 0.4248046875 0.05322265625 0.423828125 0.05126953125 0.423828125 0.04931640625 0.4248046875 0.0498046875 0.4716796875 0.0546875 0.5009765625 0.0654296875 0.5009765625 0.0732421875 0.5078125 0.07763671875 0.5078125 0.0732421875 0.4990234375 0.07861328125 0.4951171875 0.078125 0.4853515625 0.083984375 0.4755859375 0.0830078125 0.47265625 0.078125 0.4736328125 0.0771484375 0.462890625 0.07763671875 0.45703125 0.080078125 0.4560546875 0.0791015625 0.451171875 0.07763671875 0.4501953125 0.0771484375 0.4453125 0.07275390625 0.4453125 0.07275390625 0.443359375 0.07763671875 0.44140625 0.07763671875 0.4384765625 0.07080078125 0.439453125 0.06640625 0.435546875 0.06640625 0.4306640625 0.0693359375 0.4248046875 0.07275390625 0.421875 0.0751953125 0.419921875 0.07568359375 0.4169921875
17 0.0 0.423828125 0.009765625 0.4296875 0.0126953125 0.4482421875 0.01318359375 0.4755859375 0.01220703125 0.49609375 0.01025390625 0.4990234375 0.00537109375 0.5185546875 0.00341796875 0.52734375 0.0 0.52734375 0.0 0.5048828125 0.0 0.5009765625
5 0.5927734375 0.4423828125 0.5966796875 0.4423828125 0.59716796875 0.49609375 0.59716796875 0.5078125 0.59326171875 0.5068359375 0.5927734375 0.474609375
7 0.59521484375 0.1201171875 0.59521484375 0.16796875 0.59619140625 0.2626953125 0.59619140625 0.3046875 0.59765625 0.3056640625 0.65869140625 0.3046875 0.66015625 0.298828125 0.6591796875 0.1220703125 0.65869140625 0.1123046875 0.64404296875 0.111328125 0.60546875 0.1142578125 0.595703125 0.115234375
5 0.85107421875 0.236328125 0.85107421875 0.2763671875 0.8515625 0.349609375 0.85595703125 0.3486328125 0.85546875 0.33203125 0.85546875 0.298828125 0.85546875 0.2607421875 0.85546875 0.236328125
5 0.029296875 0.287109375 0.0302734375 0.3857421875 0.03515625 0.3896484375 0.0341796875 0.3095703125 0.0341796875 0.2861328125
7 0.5693359375 0.310546875 0.5693359375 0.3349609375 0.56982421875 0.3603515625 0.5859375 0.3603515625 0.58544921875 0.30859375
5 0.5771484375 0.361328125 0.57763671875 0.392578125 0.57763671875 0.4208984375 0.5791015625 0.41796875 0.5791015625 0.392578125 0.5791015625 0.361328125
8 0.03955078125 0.611328125 0.03466796875 0.595703125 0.0400390625 0.4609375 0.04296875 0.3603515625 0.04052734375 0.28125 0.041015625 0.1767578125 0.03955078125 0.0673828125 0.03759765625 0.02734375 0.02783203125 0.0 0.04248046875 0.0 0.0458984375 0.06640625 0.05126953125 0.0634765625 0.05615234375 0.048828125 0.04736328125 0.0 0.06640625 0.0 0.0615234375 0.0478515625 0.0537109375 0.0791015625 0.04833984375 0.1103515625 0.04931640625 0.162109375 0.048828125 0.2548828125 0.05126953125 0.341796875 0.04931640625 0.4697265625 0.0498046875 0.5498046875 0.04931640625 0.5908203125
13 0.63525390625 0.568359375 0.63623046875 0.5751953125 0.642578125 0.5751953125 0.64404296875 0.5751953125 0.65283203125 0.5712890625 0.6552734375 0.55859375 0.671875 0.5556640625 0.720703125 0.5498046875 0.7265625 0.55859375 0.7373046875 0.5576171875 0.73583984375 0.5078125 0.732421875 0.4541015625 0.7275390625 0.431640625 0.71630859375 0.3857421875 0.69677734375 0.3759765625 0.650390625 0.3828125 0.642578125 0.3857421875 0.63232421875 0.4248046875 0.63037109375 0.43359375 0.62060546875 0.43359375 0.61669921875 0.435546875 0.61572265625 0.4453125 0.61865234375 0.44921875 0.626953125 0.4521484375 0.6240234375 0.4697265625 0.623046875 0.48828125 0.62255859375 0.50390625 0.62548828125 0.5556640625
9 0.0 0.6162109375 0.1015625 0.6220703125 0.16845703125 0.58984375 0.05859375 0.5859375
13 0.39501953125 0.4169921875 0.4033203125 0.42578125 0.41748046875 0.4306640625 0.42333984375 0.431640625 0.43115234375 0.423828125 0.435546875 0.419921875 0.44140625 0.416015625 0.44384765625 0.41015625 0.4501953125 0.408203125 0.4580078125 0.4140625 0.45458984375 0.4052734375 0.45458984375 0.4013671875 0.45947265625 0.4013671875 0.46240234375 0.3974609375 0.47021484375 0.3974609375 0.4716796875 0.40625 0.4736328125 0.40625 0.4736328125 0.408203125 0.47216796875 0.408203125 0.47216796875 0.423828125 0.4384765625 0.4267578125 0.42626953125 0.451171875 0.408203125 0.4638671875
13 0.46044921875 0.400390625 0.46435546875 0.4013671875 0.46484375 0.40234375 0.4658203125 0.4072265625 0.46630859375 0.4150390625 0.466796875 0.423828125 0.46142578125 0.4248046875 0.45751953125 0.4208984375 0.4560546875 0.412109375 0.45361328125 0.4052734375 0.45361328125 0.4052734375 0.45458984375 0.4052734375 0.45458984375 0.4013671875 0.45947265625 0.4013671875 0.46044921875 0.400390625
13 0.421875 0.416015625 0.43212890625 0.416015625 0.43359375 0.41796875 0.43505859375 0.421875 0.43505859375 0.4326171875 0.435546875 0.4384765625 0.4296875 0.447265625 0.4189453125 0.4423828125 0.41845703125 0.4248046875
13 0.4140625 0.4189453125 0.41748046875 0.4169921875 0.4228515625 0.4169921875 0.42529296875 0.421875 0.42626953125 0.4287109375 0.427734375 0.4443359375 0.42822265625 0.462890625 0.42724609375 0.466796875 0.4267578125 0.4677734375 0.423828125 0.4677734375 0.42333984375 0.46875 0.4208984375 0.46875 0.41796875 0.4521484375 0.4130859375 0.435546875
13 0.4130859375 0.4150390625 0.41748046875 0.41796875 0.4189453125 0.421875 0.42041015625 0.4248046875 0.4208984375 0.431640625 0.4208984375 0.4453125 0.421875 0.451171875 0.42236328125 0.458984375 0.42236328125 0.46484375 0.42236328125 0.46875 0.42138671875 0.4697265625 0.4189453125 0.4697265625 0.41845703125 0.4677734375 0.41845703125 0.4677734375 0.41015625 0.4677734375 0.404296875 0.435546875 0.3984375 0.419921875 0.39697265625 0.416015625 0.4111328125 0.416015625
13 0.45068359375 0.4072265625 0.4521484375 0.408203125 0.458984375 0.408203125 0.4619140625 0.4140625 0.46240234375 0.4208984375 0.458984375 0.4248046875 0.44873046875 0.42578125 0.44580078125 0.4169921875 0.44091796875 0.41796875 0.44091796875 0.416015625 0.44140625 0.416015625 0.44384765625 0.41015625 0.4501953125 0.408203125 0.45068359375 0.4072265625
5 0.21533203125 0.21484375 0.21630859375 0.265625 0.216796875 0.34375 0.2177734375 0.412109375 0.22119140625 0.412109375 0.22119140625 0.3876953125 0.2197265625 0.2900390625 0.21923828125 0.2255859375 0.21923828125 0.2138671875
13 0.248046875 0.5615234375 0.23876953125 0.5478515625 0.2197265625 0.5498046875 0.197265625 0.5498046875 0.1708984375 0.5478515625 0.1689453125 0.5498046875 0.16845703125 0.55859375 0.1650390625 0.5595703125 0.16015625 0.5595703125 0.1572265625 0.5576171875 0.158203125 0.546875 0.15576171875 0.5390625 0.15283203125 0.5224609375 0.15283203125 0.5087890625 0.1572265625 0.486328125 0.16064453125 0.474609375 0.17041015625 0.4609375 0.16796875 0.4599609375 0.16455078125 0.458984375 0.1630859375 0.4541015625 0.16455078125 0.447265625 0.16796875 0.4443359375 0.17041015625 0.443359375 0.17626953125 0.443359375 0.18408203125 0.4287109375 0.19140625 0.4140625 0.19775390625 0.41015625 0.2080078125 0.4091796875 0.2265625 0.4091796875 0.24853515625 0.412109375 0.25732421875 0.4140625 0.2666015625 0.435546875 0.27392578125 0.4697265625 0.2734375 0.4990234375 0.2744140625 0.50390625 0.27392578125 0.5322265625 0.27294921875 0.544921875 0.26513671875 0.5458984375 0.26123046875 0.53125 0.251953125 0.5361328125 0.251953125 0.55078125
13 0.248046875 0.5615234375 0.23876953125 0.5478515625 0.2197265625 0.5498046875 0.197265625 0.5498046875 0.1708984375 0.5478515625 0.1689453125 0.5498046875 0.16845703125 0.55859375 0.1650390625 0.5595703125 0.16015625 0.5595703125 0.1572265625 0.5576171875 0.158203125 0.546875 0.15576171875 0.5390625 0.15283203125 0.5224609375 0.15283203125 0.5087890625 0.1572265625 0.486328125 0.16064453125 0.474609375 0.17041015625 0.4609375 0.16796875 0.4599609375 0.16455078125 0.458984375 0.1630859375 0.4541015625 0.16455078125 0.447265625 0.16796875 0.4443359375 0.17041015625 0.443359375 0.17626953125 0.443359375 0.18408203125 0.4287109375 0.19140625 0.4140625 0.19775390625 0.41015625 0.2080078125 0.4091796875 0.2265625 0.4091796875 0.24853515625 0.412109375 0.25732421875 0.4140625 0.2666015625 0.435546875 0.27392578125 0.4697265625 0.2734375 0.4990234375 0.2744140625 0.50390625 0.27392578125 0.5322265625 0.27294921875 0.544921875 0.26513671875 0.5458984375 0.26123046875 0.53125 0.251953125 0.5361328125 0.251953125 0.55078125
9 0.0 0.6162109375 0.1015625 0.6220703125 0.16845703125 0.58984375 0.05859375 0.5859375
8 0.0 0.04296875 0.01123046875 0.0498046875 0.0107421875 0.0458984375 0.00439453125 0.03515625 0.0068359375 0.0341796875 0.0107421875 0.0361328125 0.01220703125 0.0302734375 0.00830078125 0.0185546875 0.005859375 0.0185546875 0.005859375 0.013671875 0.00927734375 0.0146484375 0.0078125 0.0078125 0.00732421875 0.0 0.0 0.0
13 0.43212890625 0.48046875 0.42724609375 0.48046875 0.42724609375 0.4658203125 0.4267578125 0.4560546875 0.42724609375 0.4482421875 0.42626953125 0.4453125 0.42626953125 0.44140625 0.42724609375 0.439453125 0.4287109375 0.439453125 0.43212890625 0.4287109375 0.435546875 0.41796875 0.43896484375 0.416015625 0.46044921875 0.4169921875 0.46435546875 0.423828125 0.46630859375 0.43359375 0.470703125 0.43359375 0.47119140625 0.4375 0.470703125 0.439453125 0.46826171875 0.4404296875 0.46923828125 0.4482421875 0.46923828125 0.4658203125 0.46923828125 0.4775390625 0.46630859375 0.48046875 0.46240234375 0.48046875 0.4619140625 0.4736328125 0.44189453125 0.4736328125 0.43359375 0.474609375
9 0.880859375 0.841796875 0.98583984375 0.81640625 0.99951171875 0.845703125 0.99951171875 0.986328125
9 0.9033203125 0.9990234375 0.859375 0.9453125 0.8212890625 0.8857421875 0.826171875 0.8359375 0.98583984375 0.81640625 0.99951171875 0.845703125 0.99951171875 0.9990234375
7 0.26611328125 0.2529296875 0.26611328125 0.2861328125 0.26611328125 0.328125 0.28955078125 0.328125 0.2880859375 0.2529296875
13 0.404296875 0.4765625 0.4033203125 0.4716796875 0.37451171875 0.4697265625 0.36669921875 0.4638671875 0.36962890625 0.443359375 0.37109375 0.4365234375 0.369140625 0.435546875 0.36865234375 0.4306640625 0.3701171875 0.4287109375 0.373046875 0.4296875 0.37451171875 0.4267578125 0.37841796875 0.4169921875 0.38037109375 0.416015625 0.40234375 0.416015625 0.40625 0.419921875 0.4091796875 0.4287109375 0.41015625 0.4296875 0.4111328125 0.4306640625 0.4111328125 0.435546875 0.4111328125 0.4384765625 0.412109375 0.4443359375 0.412109375 0.453125 0.412109375 0.462890625 0.412109375 0.47265625 0.41015625 0.47265625 0.40966796875 0.4658203125 0.4072265625 0.4677734375 0.4072265625 0.4765625
8 0.421875 0.3916015625 0.421875 0.4150390625 0.42431640625 0.4150390625 0.42431640625 0.3916015625
9 0.0 0.6162109375 0.1015625 0.6220703125 0.16845703125 0.58984375 0.05859375 0.5859375
8 0.43310546875 0.3916015625 0.4326171875 0.3974609375 0.4326171875 0.4130859375 0.43603515625 0.4130859375 0.4365234375 0.390625
9 0.0 0.6162109375 0.1015625 0.6220703125 0.16845703125 0.58984375 0.05859375 0.5859375
9 0.64794921875 0.62109375 0.63330078125 0.6005859375 0.6328125 0.580078125 0.78466796875 0.55859375 0.84326171875 0.572265625 0.9091796875 0.6083984375 0.90966796875 0.6201171875 0.677734375 0.66015625
5 0.27587890625 0.328125 0.2763671875 0.3681640625 0.27734375 0.4287109375 0.27783203125 0.5126953125 0.28076171875 0.51171875 0.2802734375 0.4619140625 0.279296875 0.3466796875 0.27880859375 0.3291015625
9 0.0 0.6162109375 0.1015625 0.6220703125 0.16845703125 0.58984375 0.05859375 0.5859375
9 0.0 0.5986328125 0.0 0.6357421875 0.11328125 0.6416015625 0.19140625 0.599609375 0.1904296875 0.583984375 0.13232421875 0.578125 0.05859375 0.5859375
10 0.49560546875 0.177734375 0.4921875 0.181640625 0.49169921875 0.1865234375 0.49169921875 0.1923828125 0.49365234375 0.19140625 0.49462890625 0.1865234375 0.49609375 0.18359375 0.49755859375 0.1826171875 0.4990234375 0.18359375 0.50048828125 0.1865234375 0.501953125 0.1865234375 0.50341796875 0.185546875 0.50390625 0.181640625 0.505859375 0.1806640625 0.50634765625 0.177734375 0.50732421875 0.17578125 0.50830078125 0.1748046875 0.50927734375 0.171875 0.50732421875 0.173828125 0.5048828125 0.1748046875 0.50390625 0.1748046875 0.50341796875 0.17578125 0.501953125 0.1796875 0.5009765625 0.1806640625 0.5 0.1787109375 0.4990234375 0.1787109375 0.498046875 0.1796875
