10 0.40966796875 0.0 0.3984375 0.4013671875 0.64990234375 0.39453125 0.63671875 0.0
8 0.486328125 0.2548828125 0.48974609375 0.251953125 0.4931640625 0.251953125 0.4951171875 0.2529296875 0.5009765625 0.2568359375 0.5068359375 0.345703125 0.49755859375 0.3740234375 0.4951171875 0.3759765625 0.494140625 0.3798828125 0.49267578125 0.3798828125 0.48388671875 0.3798828125
2 0.0 0.759765625 0.0 0.0 0.4365234375 0.0 0.4365234375 0.048828125 0.44287109375 0.05859375 0.44384765625 0.1142578125 0.44189453125 0.1171875 0.44189453125 0.1474609375 0.46484375 0.1640625 0.46826171875 0.1982421875 0.4794921875 0.1982421875 0.48828125 0.251953125 0.48828125 0.3974609375 0.4404296875 0.4951171875
2 0.49755859375 0.251953125 0.501953125 0.2470703125 0.501953125 0.2275390625 0.50146484375 0.2275390625 0.50146484375 0.2197265625 0.505859375 0.2197265625 0.50634765625 0.193359375 0.50537109375 0.1904296875 0.50244140625 0.1875 0.50048828125 0.185546875 0.5 0.18359375 0.5 0.1806640625 0.517578125 0.1337890625 0.521484375 0.1337890625 0.5224609375 0.1318359375 0.52294921875 0.1298828125 0.52294921875 0.126953125 0.5224609375 0.1259765625 0.52197265625 0.123046875 0.52197265625 0.1181640625 0.521484375 0.1171875 0.5205078125 0.115234375 0.51953125 0.1142578125 0.51953125 0.1083984375 0.5263671875 0.091796875 0.52587890625 0.064453125 0.53125 0.0634765625 0.5390625 0.0439453125 0.54052734375 0.033203125 0.54150390625 0.021484375 0.546875 0.021484375 0.55517578125 0.00390625 0.56396484375 0.00390625 0.56689453125 0.0 0.99951171875 0.0 0.99951171875 0.0 0.99951171875 0.5927734375 0.68115234375 0.5029296875 0.54052734375 0.447265625 0.47998046875 0.404296875 0.486328125 0.3720703125 0.4990234375 0.3662109375 0.49951171875 0.2646484375 0.4990234375 0.263671875 0.49755859375 0.263671875
0 0.0205078125 0.9990234375 0.4453125 0.5400390625 0.486328125 0.4296875 0.52490234375 0.4501953125 0.68212890625 0.4912109375 0.8095703125 0.5517578125 0.93017578125 0.5634765625 0.99951171875 0.5673828125 0.99951171875 0.9716796875 0.99951171875 0.9990234375
1 0.0 0.701171875 0.06201171875 0.6748046875 0.08251953125 0.6640625 0.1025390625 0.65234375 0.1591796875 0.626953125 0.2060546875 0.6103515625 0.2373046875 0.59765625 0.27001953125 0.583984375 0.31396484375 0.564453125 0.3505859375 0.546875 0.36328125 0.53515625 0.36669921875 0.53515625 0.3759765625 0.53125 0.3857421875 0.5205078125 0.39697265625 0.5205078125 0.40380859375 0.513671875 0.40380859375 0.5048828125 0.40576171875 0.5009765625 0.41796875 0.484375 0.42041015625 0.484375 0.42041015625 0.486328125 0.42333984375 0.486328125 0.42724609375 0.48046875 0.43115234375 0.48046875 0.43212890625 0.4775390625 0.43701171875 0.4775390625 0.43798828125 0.474609375 0.4326171875 0.4736328125 0.43310546875 0.4697265625 0.44384765625 0.4697265625 0.44384765625 0.4638671875 0.44482421875 0.4619140625 0.44384765625 0.458984375 0.43994140625 0.458984375 0.4384765625 0.44921875 0.43603515625 0.447265625 0.43603515625 0.4453125 0.43896484375 0.4443359375 0.45947265625 0.4248046875 0.46044921875 0.533203125 0.46435546875 0.55078125 0.4619140625 0.5595703125 0.44384765625 0.5751953125 0.42724609375 0.58984375 0.41064453125 0.6064453125 0.36865234375 0.6474609375 0.3505859375 0.6650390625 0.3310546875 0.6875 0.28759765625 0.7373046875 0.23583984375 0.80078125 0.189453125 0.8486328125 0.1201171875 0.931640625 0.06640625 0.9990234375 0.0 0.9990234375
1 0.9599609375 0.9990234375 0.93115234375 0.947265625 0.89697265625 0.9052734375 0.8544921875 0.8505859375 0.828125 0.814453125 0.796875 0.7646484375 0.7685546875 0.724609375 0.74560546875 0.6923828125 0.72998046875 0.6640625 0.72412109375 0.6494140625 0.7216796875 0.638671875 0.72265625 0.630859375 0.7275390625 0.623046875 0.73974609375 0.6171875 0.7724609375 0.6142578125 0.80712890625 0.6123046875 0.99951171875 0.6181640625 0.99951171875 0.9990234375
5 0.91552734375 0.373046875 0.91650390625 0.2197265625 0.92236328125 0.2197265625 0.919921875 0.43359375 0.91845703125 0.484375 0.91845703125 0.5625 0.91259765625 0.560546875
11 0.44677734375 0.40625 0.4482421875 0.40234375 0.451171875 0.3994140625 0.45068359375 0.396484375 0.45166015625 0.392578125 0.45166015625 0.3876953125 0.45263671875 0.384765625 0.4560546875 0.384765625 0.4560546875 0.3896484375 0.4560546875 0.3916015625 0.4560546875 0.3935546875 0.45703125 0.3955078125 0.4580078125 0.3974609375 0.458984375 0.4013671875 0.45947265625 0.4052734375 0.46044921875 0.41015625 0.46044921875 0.4140625 0.46044921875 0.4208984375 0.45947265625 0.421875 0.458984375 0.453125 0.455078125 0.4658203125 0.45166015625 0.4658203125 0.45166015625 0.462890625 0.4521484375 0.462890625 0.45166015625 0.44921875 0.451171875 0.447265625 0.44970703125 0.447265625 0.44580078125 0.4287109375
5 0.44873046875 0.3759765625 0.44873046875 0.3662109375 0.44775390625 0.3662109375 0.44775390625 0.3623046875 0.44580078125 0.3623046875 0.44580078125 0.3662109375 0.44482421875 0.3662109375 0.4453125 0.3759765625 0.44580078125 0.3779296875 0.4462890625 0.37890625 0.4462890625 0.40625 0.44775390625 0.40625 0.44775390625 0.3798828125 0.4482421875 0.37890625
5 0.84521484375 0.5029296875 0.84423828125 0.4755859375 0.84423828125 0.4716796875 0.8447265625 0.46875 0.84521484375 0.462890625 0.84619140625 0.4619140625 0.84716796875 0.4501953125 0.853515625 0.0 0.85888671875 0.0 0.853515625 0.5068359375 0.85205078125 0.5087890625 0.8515625 0.5146484375 0.8515625 0.55859375 0.8359375 0.556640625 0.84375 0.5166015625
11 0.43798828125 0.4130859375 0.43994140625 0.4052734375 0.44091796875 0.40234375 0.44189453125 0.4013671875 0.44189453125 0.3974609375 0.4423828125 0.39453125 0.4443359375 0.392578125 0.44580078125 0.3916015625 0.447265625 0.3916015625 0.44873046875 0.392578125 0.44970703125 0.39453125 0.4501953125 0.3955078125 0.45068359375 0.396484375 0.45068359375 0.3994140625 0.4501953125 0.4013671875 0.44775390625 0.4033203125 0.447265625 0.408203125 0.44677734375 0.408203125 0.4462890625 0.419921875 0.447265625 0.42578125 0.447265625 0.4287109375 0.44970703125 0.4384765625 0.44970703125 0.4521484375 0.4501953125 0.453125 0.4501953125 0.462890625 0.44677734375 0.462890625 0.44677734375 0.443359375 0.4453125 0.443359375 0.4453125 0.458984375 0.4423828125 0.458984375 0.44140625 0.45703125 0.44140625 0.443359375 0.44140625 0.435546875 0.44140625 0.4267578125 0.43701171875 0.4267578125
5 0.4306640625 0.4189453125 0.43212890625 0.3447265625 0.43310546875 0.3408203125 0.43505859375 0.3369140625 0.43994140625 0.3359375 0.44189453125 0.3369140625 0.44677734375 0.345703125 0.44677734375 0.34765625 0.4462890625 0.3486328125 0.4443359375 0.3525390625 0.44287109375 0.3486328125 0.44384765625 0.345703125 0.44091796875 0.3408203125 0.43603515625 0.3408203125 0.43505859375 0.345703125 0.43359375 0.46484375 0.4306640625 0.46484375
8 0.57177734375 0.443359375 0.5703125 0.4423828125 0.5693359375 0.44140625 0.5693359375 0.4384765625 0.56787109375 0.4375 0.5673828125 0.4365234375 0.56787109375 0.4326171875 0.5693359375 0.4296875 0.56982421875 0.4267578125 0.5693359375 0.423828125 0.5693359375 0.4208984375 0.57373046875 0.4208984375 0.576171875 0.423828125 0.57666015625 0.42578125 0.57763671875 0.42578125 0.57861328125 0.421875 0.580078125 0.4208984375 0.58154296875 0.42578125 0.58203125 0.427734375 0.5830078125 0.427734375 0.5830078125 0.4306640625 0.58251953125 0.4326171875 0.5810546875 0.4365234375 0.57958984375 0.439453125 0.58154296875 0.4638671875 0.57373046875 0.4638671875 0.572265625 0.4521484375 0.57177734375 0.44921875
13 0.48974609375 0.388671875 0.50048828125 0.388671875 0.50048828125 0.40234375 0.48876953125 0.40234375
8 0.5927734375 0.4541015625 0.59130859375 0.4501953125 0.59130859375 0.447265625 0.58984375 0.4443359375 0.5888671875 0.4423828125 0.5888671875 0.4375 0.58935546875 0.431640625 0.58984375 0.4287109375 0.59130859375 0.42578125 0.59375 0.4248046875 0.59716796875 0.421875 0.6005859375 0.423828125 0.6015625 0.4267578125 0.6025390625 0.431640625 0.6025390625 0.4375 0.60205078125 0.439453125 0.60107421875 0.44140625 0.60302734375 0.478515625 0.59130859375 0.4755859375
8 0.62109375 0.4755859375 0.62109375 0.458984375 0.61474609375 0.4619140625 0.61328125 0.45703125 0.6123046875 0.4521484375 0.61279296875 0.4453125 0.61376953125 0.4404296875 0.61572265625 0.4375 0.6181640625 0.43359375 0.62109375 0.43359375 0.623046875 0.4326171875 0.62353515625 0.4306640625 0.6259765625 0.4296875 0.626953125 0.431640625 0.62890625 0.431640625 0.630859375 0.43359375 0.63134765625 0.4375 0.63232421875 0.4384765625 0.63232421875 0.453125 0.63134765625 0.455078125 0.63037109375 0.45703125 0.6328125 0.4853515625 0.62060546875 0.4833984375
8 0.56298828125 0.4697265625 0.55810546875 0.4658203125 0.55712890625 0.435546875 0.55517578125 0.4326171875 0.5546875 0.42578125 0.55419921875 0.4208984375 0.55517578125 0.41796875 0.55615234375 0.41015625 0.5576171875 0.4072265625 0.55908203125 0.404296875 0.56005859375 0.40234375 0.56201171875 0.40234375 0.564453125 0.40625 0.5654296875 0.4091796875 0.56591796875 0.4140625 0.5673828125 0.416015625 0.56787109375 0.421875 0.56884765625 0.4248046875 0.56884765625 0.427734375 0.56787109375 0.4296875 0.56787109375 0.4326171875 0.5673828125 0.43359375 0.56640625 0.435546875 0.56787109375 0.4638671875
8 0.60986328125 0.44921875 0.60986328125 0.443359375 0.61083984375 0.443359375 0.61083984375 0.4375 0.61328125 0.4375 0.61328125 0.435546875 0.61962890625 0.435546875 0.61962890625 0.458984375 0.61962890625 0.466796875 0.62060546875 0.4833984375 0.6123046875 0.478515625 0.611328125 0.462890625 0.611328125 0.45703125 0.60986328125 0.455078125
1 0.99951171875 0.5751953125 0.6953125 0.5576171875 0.6591796875 0.525390625 0.62841796875 0.50390625 0.5986328125 0.4892578125 0.5693359375 0.4794921875 0.515625 0.443359375 0.5078125 0.419921875 0.52490234375 0.41796875 0.5341796875 0.4453125 0.5498046875 0.44921875 0.5498046875 0.451171875 0.5546875 0.451171875 0.5546875 0.453125 0.58251953125 0.455078125 0.591796875 0.4599609375 0.6005859375 0.4609375 0.61865234375 0.466796875 0.6201171875 0.4716796875 0.6328125 0.4716796875 0.6484375 0.4755859375 0.65478515625 0.474609375 0.662109375 0.4794921875 0.6826171875 0.4794921875 0.8251953125 0.54296875 0.8447265625 0.546875 0.880859375 0.5546875 0.912109375 0.5595703125 0.99951171875 0.5595703125
13 0.4541015625 0.466796875 0.453125 0.4521484375 0.4541015625 0.4423828125 0.45849609375 0.43359375 0.46044921875 0.423828125 0.46435546875 0.4169921875 0.5009765625 0.4189453125 0.46337890625 0.4970703125 0.4541015625 0.4970703125
13 0.4736328125 0.396484375 0.48388671875 0.39453125 0.490234375 0.3935546875 0.525390625 0.3955078125 0.53125 0.40625 0.53564453125 0.4248046875 0.5380859375 0.4306640625 0.54150390625 0.4365234375 0.5419921875 0.44921875 0.544921875 0.462890625 0.54345703125 0.5302734375 0.53369140625 0.5302734375 0.53369140625 0.5146484375 0.5322265625 0.5146484375 0.53125 0.51953125 0.52490234375 0.51953125 0.52392578125 0.513671875 0.5205078125 0.513671875 0.51904296875 0.5126953125 0.51416015625 0.5126953125 0.51123046875 0.51171875 0.5068359375 0.51171875 0.4921875 0.5107421875 0.490234375 0.5126953125 0.45947265625 0.51953125 0.458984375 0.498046875 0.458984375 0.4619140625 0.458984375 0.455078125 0.462890625 0.443359375 0.470703125 0.4072265625
8 0.44677734375 0.361328125 0.447265625 0.35546875 0.44482421875 0.3544921875 0.44140625 0.3486328125 0.44091796875 0.34375 0.44189453125 0.3369140625 0.44189453125 0.3310546875 0.44384765625 0.3291015625 0.44287109375 0.32421875 0.44091796875 0.326171875 0.43896484375 0.326171875 0.43701171875 0.3193359375 0.43701171875 0.3115234375 0.439453125 0.3076171875 0.44287109375 0.3017578125 0.44384765625 0.296875 0.4453125 0.29296875 0.447265625 0.29296875 0.4482421875 0.29296875 0.4482421875 0.2900390625 0.44775390625 0.287109375 0.44873046875 0.28515625 0.45166015625 0.28515625 0.4541015625 0.287109375 0.45751953125 0.28515625 0.46044921875 0.2841796875 0.4697265625 0.2783203125 0.47265625 0.27734375 0.47607421875 0.2802734375 0.47998046875 0.283203125 0.48291015625 0.28515625 0.48828125 0.2939453125 0.48779296875 0.2978515625 0.48583984375 0.3017578125 0.484375 0.3076171875 0.484375 0.3076171875 0.486328125 0.3095703125 0.48681640625 0.310546875 0.49169921875 0.314453125 0.4931640625 0.32421875 0.4931640625 0.33203125 0.49169921875 0.3359375 0.4892578125 0.33984375 0.48681640625 0.3408203125 0.48583984375 0.341796875 0.48486328125 0.3447265625 0.48681640625 0.34765625 0.48779296875 0.3486328125 0.4892578125 0.3544921875 0.49267578125 0.361328125 0.49365234375 0.373046875 0.4931640625 0.37890625 0.4873046875 0.3876953125 0.48095703125 0.392578125 0.474609375 0.3935546875 0.47119140625 0.390625 0.46435546875 0.3916015625 0.4609375 0.390625 0.4619140625 0.384765625 0.4599609375 0.3828125 0.45703125 0.3837890625 0.4541015625 0.3857421875 0.45166015625 0.384765625 0.4521484375 0.3828125 0.4501953125 0.380859375 0.4462890625 0.3798828125 0.44482421875 0.3759765625 0.4443359375 0.3681640625
5 0.46240234375 0.501953125 0.46240234375 0.47265625 0.462890625 0.4541015625 0.4619140625 0.451171875 0.46044921875 0.451171875 0.46044921875 0.4482421875 0.4638671875 0.447265625 0.46435546875 0.443359375 0.4638671875 0.435546875 0.4638671875 0.4306640625 0.46533203125 0.4287109375 0.46533203125 0.42578125 0.4658203125 0.3349609375 0.46533203125 0.3330078125 0.46240234375 0.3330078125 0.458984375 0.328125 0.4560546875 0.3193359375 0.4560546875 0.302734375 0.46630859375 0.302734375 0.46630859375 0.291015625 0.46533203125 0.291015625 0.46435546875 0.2900390625 0.46484375 0.2880859375 0.46630859375 0.2861328125 0.466796875 0.2646484375 0.46484375 0.263671875 0.46435546875 0.2607421875 0.46533203125 0.2587890625 0.4658203125 0.2578125 0.46630859375 0.25390625 0.46533203125 0.25 0.46435546875 0.2470703125 0.46435546875 0.2451171875 0.4658203125 0.2431640625 0.4658203125 0.2392578125 0.4609375 0.2275390625 0.45751953125 0.201171875 0.45751953125 0.193359375 0.4560546875 0.1904296875 0.45458984375 0.1865234375 0.46240234375 0.1669921875 0.46337890625 0.1650390625 0.46337890625 0.1640625 0.46044921875 0.1630859375 0.4599609375 0.16015625 0.46337890625 0.154296875 0.46337890625 0.146484375 0.46533203125 0.146484375 0.46533203125 0.15234375 0.46923828125 0.1572265625 0.46923828125 0.162109375 0.4677734375 0.162109375 0.46630859375 0.1640625 0.46630859375 0.166015625 0.47021484375 0.1689453125 0.4765625 0.18359375 0.4765625 0.189453125 0.4755859375 0.1904296875 0.47509765625 0.2255859375 0.47119140625 0.2392578125 0.47119140625 0.2431640625 0.47119140625 0.2587890625 0.47216796875 0.26171875 0.4716796875 0.263671875 0.47021484375 0.2685546875 0.470703125 0.302734375 0.4814453125 0.306640625 0.48291015625 0.30859375 0.482421875 0.310546875 0.4814453125 0.3115234375 0.4775390625 0.3349609375 0.4716796875 0.33984375 0.470703125 0.3857421875 0.470703125 0.4091796875 0.4716796875 0.41015625 0.470703125 0.4150390625 0.47119140625 0.4208984375 0.47216796875 0.423828125 0.47119140625 0.4267578125 0.47119140625 0.4306640625 0.47216796875 0.4326171875 0.47265625 0.44140625 0.47265625 0.4443359375 0.4755859375 0.447265625 0.4755859375 0.4501953125 0.47412109375 0.4541015625 0.474609375 0.5166015625 0.47509765625 0.521484375 0.4755859375 0.52734375 0.4755859375 0.537109375 0.46044921875 0.537109375 0.46044921875 0.51953125 0.4619140625 0.515625
11 0.69482421875 0.4091796875 0.69677734375 0.396484375 0.69677734375 0.3916015625 0.70263671875 0.3828125 0.70458984375 0.37890625 0.70654296875 0.37890625 0.70703125 0.376953125 0.70654296875 0.376953125 0.7060546875 0.3759765625 0.7060546875 0.37109375 0.70654296875 0.3701171875 0.70703125 0.3671875 0.70703125 0.3623046875 0.708984375 0.3583984375 0.71240234375 0.3583984375 0.7158203125 0.361328125 0.71630859375 0.3701171875 0.71630859375 0.3828125 0.72021484375 0.390625 0.72119140625 0.416015625 0.72119140625 0.4384765625 0.7216796875 0.4404296875 0.7216796875 0.44140625 0.720703125 0.4453125 0.71875 0.451171875 0.716796875 0.45703125 0.71435546875 0.490234375 0.7119140625 0.509765625 0.71240234375 0.5205078125 0.7109375 0.5234375 0.7109375 0.53125 0.70361328125 0.5322265625 0.70166015625 0.4794921875 0.69970703125 0.458984375 0.69873046875 0.4482421875 0.69482421875 0.4326171875 0.69384765625 0.4248046875
11 0.72216796875 0.4423828125 0.72412109375 0.4375 0.72412109375 0.43359375 0.7236328125 0.4326171875 0.72265625 0.4306640625 0.7236328125 0.427734375 0.72412109375 0.42578125 0.72412109375 0.423828125 0.7236328125 0.421875 0.7236328125 0.419921875 0.72509765625 0.416015625 0.72705078125 0.4150390625 0.72998046875 0.416015625 0.73193359375 0.4189453125 0.73291015625 0.421875 0.7333984375 0.427734375 0.7333984375 0.431640625 0.73291015625 0.43359375 0.732421875 0.43359375 0.732421875 0.435546875 0.73291015625 0.4365234375 0.73388671875 0.4365234375 0.73486328125 0.4375 0.7373046875 0.4423828125 0.73779296875 0.44921875 0.73876953125 0.4501953125 0.73974609375 0.453125 0.73974609375 0.455078125 0.73974609375 0.45703125 0.73876953125 0.4609375 0.73681640625 0.4619140625 0.73681640625 0.46484375 0.7373046875 0.4658203125 0.7373046875 0.4716796875 0.736328125 0.474609375 0.73779296875 0.4814453125 0.73779296875 0.498046875 0.736328125 0.5 0.73388671875 0.5009765625 0.73291015625 0.5029296875 0.732421875 0.5087890625 0.73095703125 0.513671875 0.73095703125 0.51953125 0.72998046875 0.5205078125 0.72998046875 0.5224609375 0.73095703125 0.5244140625 0.73193359375 0.5263671875 0.73193359375 0.5302734375 0.7265625 0.5302734375 0.7265625 0.5244140625 0.72705078125 0.5224609375 0.72705078125 0.51953125 0.72607421875 0.51953125 0.7255859375 0.5029296875 0.7236328125 0.5029296875 0.7216796875 0.5 0.720703125 0.5 0.720703125 0.49609375 0.72119140625 0.4951171875 0.72119140625 0.48828125 0.71923828125 0.48828125 0.71875 0.478515625 0.71923828125 0.4677734375 0.72021484375 0.4609375 0.720703125 0.453125
11 0.75732421875 0.4130859375 0.75830078125 0.40625 0.759765625 0.40234375 0.76123046875 0.3974609375 0.76220703125 0.3955078125 0.765625 0.3935546875 0.765625 0.390625 0.76513671875 0.3857421875 0.765625 0.3779296875 0.76611328125 0.3759765625 0.7666015625 0.373046875 0.76806640625 0.3701171875 0.771484375 0.3701171875 0.7734375 0.373046875 0.77490234375 0.37890625 0.775390625 0.3837890625 0.775390625 0.388671875 0.7744140625 0.390625 0.7734375 0.390625 0.7724609375 0.390625 0.7724609375 0.3935546875 0.775390625 0.3935546875 0.77978515625 0.400390625 0.78125 0.404296875 0.7822265625 0.4189453125 0.78369140625 0.43359375 0.7841796875 0.44921875 0.78466796875 0.4609375 0.78369140625 0.4609375 0.78369140625 0.46484375 0.78076171875 0.46484375 0.77978515625 0.478515625 0.77978515625 0.5224609375 0.78125 0.5244140625 0.78125 0.5263671875 0.7802734375 0.52734375 0.7763671875 0.52734375 0.7724609375 0.498046875 0.7724609375 0.490234375 0.7734375 0.48828125 0.7734375 0.484375 0.7724609375 0.4814453125 0.76806640625 0.5078125 0.76806640625 0.5146484375 0.76806640625 0.5185546875 0.77001953125 0.5224609375 0.77001953125 0.53125 0.76708984375 0.53125 0.765625 0.5302734375 0.76416015625 0.52734375 0.76513671875 0.525390625 0.76513671875 0.5166015625 0.763671875 0.5146484375 0.7626953125 0.509765625 0.76220703125 0.501953125 0.76220703125 0.48828125 0.7626953125 0.4873046875 0.7626953125 0.4814453125 0.75927734375 0.4814453125 0.75927734375 0.46484375 0.75830078125 0.4638671875 0.7578125 0.46484375 0.7568359375 0.46484375 0.75634765625 0.46484375 0.75634765625 0.462890625 0.7568359375 0.458984375 0.7568359375 0.455078125 0.75830078125 0.4501953125 0.75732421875 0.447265625 0.75537109375 0.4384765625 0.75537109375 0.427734375
7 0.759765625 0.1494140625 0.7880859375 0.1494140625 0.78759765625 0.2060546875 0.75927734375 0.2060546875
5 0.76904296875 0.419921875 0.771484375 0.2236328125 0.77392578125 0.2236328125 0.77294921875 0.5390625 0.76806640625 0.5390625
7 0.7568359375 0.2705078125 0.7607421875 0.2490234375 0.78564453125 0.2490234375 0.78662109375 0.2705078125 0.78662109375 0.3134765625 0.7568359375 0.3134765625
7 0.87548828125 0.2607421875 0.87744140625 0.2578125 0.880859375 0.2568359375 0.88525390625 0.2568359375 0.88916015625 0.2607421875 0.89208984375 0.265625 0.89306640625 0.2763671875 0.89306640625 0.28515625 0.88916015625 0.296875 0.88427734375 0.30078125 0.87744140625 0.2998046875 0.873046875 0.29296875 0.87060546875 0.2841796875 0.87060546875 0.2724609375 0.873046875 0.263671875
7 0.9033203125 0.2548828125 0.94677734375 0.2568359375 0.94580078125 0.287109375 0.9033203125 0.2861328125
7 0.912109375 0.2900390625 0.912109375 0.3203125 0.92041015625 0.3203125 0.92236328125 0.318359375 0.92333984375 0.287109375 0.9150390625 0.287109375
7 0.7568359375 0.208984375 0.78759765625 0.208984375 0.78759765625 0.26953125 0.7568359375 0.26953125
5 0.81005859375 0.4306640625 0.8134765625 0.1171875 0.8193359375 0.1171875 0.81640625 0.5244140625 0.8095703125 0.5244140625
7 0.8017578125 0.123046875 0.81689453125 0.0751953125 0.8203125 0.0751953125 0.8427734375 0.16015625 0.8427734375 0.1669921875 0.79150390625 0.1650390625 0.79150390625 0.16015625
7 0.7919921875 0.1708984375 0.79345703125 0.1669921875 0.84130859375 0.169921875 0.84326171875 0.171875 0.84130859375 0.2431640625 0.8388671875 0.2490234375 0.7919921875 0.2451171875 0.791015625 0.2412109375
11 0.9189453125 0.4140625 0.92041015625 0.408203125 0.9228515625 0.4013671875 0.92333984375 0.3935546875 0.92529296875 0.384765625 0.9287109375 0.3818359375 0.93310546875 0.3818359375 0.935546875 0.3837890625 0.9384765625 0.3876953125 0.93896484375 0.390625 0.93798828125 0.3916015625 0.93701171875 0.3935546875 0.93701171875 0.3994140625 0.9384765625 0.40234375 0.93701171875 0.40625 0.93603515625 0.408203125 0.93505859375 0.41015625 0.939453125 0.4189453125 0.93896484375 0.564453125 0.93310546875 0.5673828125 0.927734375 0.5673828125 0.927734375 0.560546875 0.92822265625 0.5556640625 0.927734375 0.544921875 0.927734375 0.52734375 0.927734375 0.5166015625 0.927734375 0.5078125 0.92724609375 0.5048828125 0.9267578125 0.50390625 0.92626953125 0.50390625 0.92529296875 0.5068359375 0.92529296875 0.5107421875 0.9248046875 0.515625 0.91455078125 0.541015625 0.9140625 0.5458984375 0.91259765625 0.546875 0.912109375 0.5546875 0.9130859375 0.5576171875 0.9130859375 0.5625 0.912109375 0.5634765625 0.908203125 0.5615234375 0.9052734375 0.5595703125 0.90380859375 0.5595703125 0.90283203125 0.5556640625 0.90380859375 0.548828125 0.91650390625 0.5068359375 0.91845703125 0.5009765625 0.9189453125 0.4873046875 0.916015625 0.4794921875 0.9169921875 0.419921875
11 0.921875 0.44921875 0.92822265625 0.4375 0.9296875 0.4296875 0.93359375 0.4208984375 0.93505859375 0.412109375 0.9384765625 0.40625 0.94140625 0.40234375 0.94091796875 0.3974609375 0.93994140625 0.39453125 0.93994140625 0.390625 0.94140625 0.388671875 0.94189453125 0.384765625 0.94580078125 0.380859375 0.9482421875 0.380859375 0.9501953125 0.3818359375 0.95166015625 0.3857421875 0.95263671875 0.390625 0.95458984375 0.392578125 0.9560546875 0.3955078125 0.9560546875 0.4013671875 0.9541015625 0.4033203125 0.953125 0.4033203125 0.9521484375 0.4052734375 0.9521484375 0.4091796875 0.9501953125 0.41015625 0.94873046875 0.4130859375 0.9482421875 0.4150390625 0.9453125 0.416015625 0.94970703125 0.4306640625 0.95068359375 0.4384765625 0.95068359375 0.4453125 0.9501953125 0.4501953125 0.95068359375 0.451171875 0.9521484375 0.4501953125 0.953125 0.4501953125 0.9560546875 0.4501953125 0.95654296875 0.4521484375 0.95654296875 0.455078125 0.9560546875 0.4560546875 0.955078125 0.458984375 0.95361328125 0.4609375 0.95166015625 0.4609375 0.95068359375 0.4619140625 0.94970703125 0.4638671875 0.94873046875 0.466796875 0.94873046875 0.4697265625 0.9521484375 0.4765625 0.9521484375 0.48046875 0.9521484375 0.4873046875 0.95068359375 0.4912109375 0.9482421875 0.490234375 0.947265625 0.48828125 0.94775390625 0.4853515625 0.94775390625 0.4814453125 0.947265625 0.478515625 0.9462890625 0.478515625 0.94580078125 0.4951171875 0.9462890625 0.49609375 0.94677734375 0.4970703125 0.94775390625 0.4970703125 0.94970703125 0.4990234375 0.9521484375 0.5068359375 0.95263671875 0.51171875 0.9521484375 0.5205078125 0.951171875 0.525390625 0.94384765625 0.5546875 0.9453125 0.560546875 0.94580078125 0.564453125 0.9482421875 0.5693359375 0.9501953125 0.5703125 0.9501953125 0.5732421875 0.9482421875 0.57421875 0.94287109375 0.5732421875 0.94091796875 0.572265625 0.939453125 0.5703125 0.93701171875 0.5673828125 0.93359375 0.5634765625 0.93310546875 0.55859375 0.93212890625 0.546875 0.93212890625 0.5322265625 0.93310546875 0.525390625 0.93359375 0.515625 0.93359375 0.5078125 0.9326171875 0.49609375 0.9326171875 0.4873046875 0.9306640625 0.484375 0.9296875 0.4794921875 0.9296875 0.4755859375 0.9306640625 0.47265625 0.93115234375 0.4697265625 0.9296875 0.46875 0.9296875 0.46484375 0.92138671875 0.455078125 0.9208984375 0.4541015625
5 0.80126953125 0.5703125 0.8017578125 0.509765625 0.81005859375 0.509765625 0.80859375 0.6708984375 0.7998046875 0.6708984375
5 0.7724609375 0.5380859375 0.77294921875 0.5078125 0.771484375 0.5009765625 0.77392578125 0.4970703125 0.7744140625 0.490234375 0.775390625 0.48828125 0.77978515625 0.48828125 0.78076171875 0.4912109375 0.78076171875 0.498046875 0.783203125 0.5009765625 0.78369140625 0.50390625 0.78173828125 0.5048828125 0.78076171875 0.5068359375 0.77978515625 0.54296875 0.78076171875 0.5458984375 0.7802734375 0.552734375 0.779296875 0.5556640625 0.77880859375 0.583984375 0.7802734375 0.587890625 0.77978515625 0.5947265625 0.7783203125 0.599609375 0.77783203125 0.6318359375 0.779296875 0.638671875 0.77880859375 0.6435546875 0.77978515625 0.6474609375 0.779296875 0.6513671875 0.76611328125 0.650390625 0.76416015625 0.646484375 0.763671875 0.642578125 0.76611328125 0.638671875 0.76708984375 0.6318359375 0.7685546875 0.62890625 0.77001953125 0.5966796875 0.7685546875 0.59375 0.76904296875 0.5859375 0.7705078125 0.58203125 0.77197265625 0.5546875 0.77001953125 0.5498046875 0.76953125 0.546875 0.7705078125 0.54296875
5 0.8525390625 0.5859375 0.85302734375 0.541015625 0.8515625 0.5380859375 0.85009765625 0.537109375 0.849609375 0.533203125 0.85205078125 0.5283203125 0.853515625 0.51953125 0.8544921875 0.5146484375 0.86083984375 0.5146484375 0.86328125 0.521484375 0.86328125 0.5302734375 0.865234375 0.5322265625 0.86572265625 0.53515625 0.86328125 0.5380859375 0.86279296875 0.5478515625 0.86376953125 0.59375 0.865234375 0.6025390625 0.86328125 0.607421875 0.86279296875 0.6181640625 0.86376953125 0.6533203125 0.865234375 0.66015625 0.86474609375 0.6650390625 0.86376953125 0.66796875 0.86328125 0.72265625 0.865234375 0.7314453125 0.86669921875 0.73828125 0.869140625 0.748046875 0.853515625 0.75 0.8466796875 0.748046875 0.8447265625 0.7431640625 0.8447265625 0.73828125 0.84765625 0.7353515625 0.84765625 0.724609375 0.8505859375 0.7216796875 0.8515625 0.671875 0.84912109375 0.6650390625 0.84912109375 0.65625 0.8515625 0.650390625 0.85205078125 0.609375 0.85009765625 0.60546875 0.85009765625 0.59375 0.85205078125 0.5908203125
5 0.35546875 0.4189453125 0.353515625 0.033203125 0.359375 0.0322265625 0.3642578125 0.6005859375 0.35693359375 0.6005859375
7 0.330078125 0.0068359375 0.3828125 0.0048828125 0.3828125 0.076171875 0.3310546875 0.076171875
